50 400 20
79604 1165
73114 1430
74633 1963
53359 1141
71016 1574
51368 1747
81236 1809
75801 1636
91404 1639
70511 1084
97476 1984
72011 1679
94262 1196
85504 1377
68826 1119
78075 1359
86169 1615
55338 1797
95763 1962
82039 1699
53188 1290
61147 1028
74963 1423
56208 1851
91931 1988
50943 1760
65534 1600
84586 1016
94003 1999
75356 1179
84560 1760
61273 1876
54871 1979
80137 1318
53832 1554
92915 1915
67702 1763
87395 1925
58814 1087
70825 1169
52668 1244
50352 1277
51504 1620
67364 1612
71746 1812
70967 1659
57079 1782
55046 1175
52494 1857
93686 1644
50196 1972
88110 1641
57618 1533
95549 1492
63112 1264
51198 1743
95599 1048
92461 1291
50523 1700
85790 1581
68589 1376
95443 1369
72712 1770
83511 1201
58800 1444
68449 1754
83351 1100
53607 1303
55533 1594
75488 1938
52992 1497
64058 1546
90466 1692
81620 1041
95498 1607
64344 1836
84974 1664
63491 1445
55427 1208
83382 1100
51333 1825
79419 1313
77586 1089
74488 1557
92323 1800
86301 1399
70831 1749
51426 1527
72912 1870
65433 1539
81911 1242
71752 1190
83826 1335
71217 1530
77071 1975
51160 1056
50880 1506
97991 1294
70386 1149
71993 1006
78201 1763
75996 1062
77102 1416
57869 1707
76562 1194
95152 1310
82054 1200
71401 1278
99064 1422
96718 1683
73600 1294
86992 1877
50542 1720
94558 1820
76344 1222
98761 1643
93575 1141
60830 1649
68716 1028
51019 1047
95479 1344
64396 1412
63622 1702
56178 1835
86681 1533
60882 1720
70841 1757
92362 1871
75911 1965
61822 1743
66770 1593
69452 1614
67761 1094
89117 1489
85185 1095
98631 1523
88965 1711
61470 1564
72771 1328
55386 1958
81523 1438
53254 1839
82049 1267
79286 1281
62590 1647
85311 1665
68171 1527
72211 1822
57527 1818
90721 1610
95682 1796
57042 1902
58056 1984
52725 1347
55458 1095
63612 1253
67503 1389
74816 1764
66744 1231
69227 1617
59106 1834
53670 1990
59394 1051
80102 1570
52037 1816
57972 1742
57854 1188
90927 1240
73553 1705
70493 1874
88805 1177
79655 1170
61021 1336
90139 1622
97436 1126
59276 1258
60550 1497
71244 1070
57553 1198
73606 1858
98824 1782
58237 1413
58594 1919
80948 1125
61234 1530
86507 1528
92533 1648
68734 1299
67301 1975
56496 1378
73978 1265
55300 1401
98301 1839
72481 1282
64372 1009
78924 1619
75651 1701
94445 1166
85309 1223
81252 1445
87654 1715
95884 1968
68845 1409
61268 1445
60662 1907
84325 1259
95055 1563
68013 1759
73802 1262
52940 1298
96558 1811
67833 1240
80760 1143
93855 1850
55964 1596
68659 1786
87543 1600
68372 1515
96742 1901
70409 1367
92630 1733
82238 1910
62441 1641
61026 1250
88981 1492
92369 1025
50325 1385
54832 1425
93365 1270
80723 1207
95470 1828
91101 1475
83895 1196
99011 1976
54953 1790
89938 1900
91949 1170
89739 1942
57047 1903
78520 1945
75796 1137
98617 1206
72242 1831
71360 1343
88957 1221
78007 1343
95997 1733
69443 1049
82023 1174
72697 1811
68075 1255
78597 1929
53895 1454
85028 1616
55356 1397
70390 1348
88466 1627
74821 1566
81280 1666
90697 1210
60597 1124
74170 1094
91727 1985
67826 1268
78727 1806
78562 1438
80961 1992
96057 1363
97500 1278
52228 1543
75546 1698
88613 1989
75704 1641
90454 1850
68493 1935
61142 1073
71792 1965
53569 1466
65592 1605
87856 1479
86711 1428
68334 1269
90291 1755
83537 1881
88594 1037
77629 1716
58900 1920
71950 1680
97648 1179
92889 1061
57976 1483
53588 1734
70013 1310
52059 1278
96889 1829
55901 1764
73922 1037
64934 1039
56944 1141
53096 1164
75834 1480
99614 1037
68703 1776
77320 1983
50983 1262
85796 1313
60662 1286
98134 1358
51684 1363
66253 1538
78483 1466
74010 1237
56000 1350
86722 1867
98177 1584
98080 1280
98630 1986
88857 1332
63025 1392
61488 1237
78981 1284
52012 1667
81216 1171
70882 1167
94916 1445
75970 1071
73227 1639
50590 1458
95705 1164
91166 1363
69820 1407
81290 1414
75867 1631
56140 1529
81854 1393
51010 1393
54308 1249
52939 1512
90328 1834
64265 1126
73050 1928
78481 1901
82395 1791
62295 1408
56856 1292
62184 1518
74864 1437
94649 1648
59117 1659
65355 1923
53006 1937
87851 1018
78875 1036
66668 1402
79972 1455
65383 1100
88489 1315
57713 1341
63183 1010
85377 1954
70700 1568
78549 1666
58602 1495
96285 1771
66281 1642
80917 1773
68720 1906
78817 1823
66705 1637
77241 1798
99640 1448
69792 1814
94938 1721
54830 1747
96901 1209
67619 1842
78656 1679
86648 1991
88232 1158
61941 1290
97728 1825
62002 1595
94839 1437
69850 1540
85014 1567
99818 1767
64614 1276
92355 1809
78414 1683
64960 1581
90516 1491
67329 1809
66213 1651
73683 1185
58381 1305
69952 1781
80804 1260
61104 1752
70763 1826
79233 1323
0 64 64 0 0 0 308 308 308 308 199 199 0 0 0 0 0 0 0 0 250 250 240 240 3 3 3 0 86 335 335 335 335 41 41 41 0 0 0 11 11 0 0 365 365 365 365 267 267 267
0 64 64 0 143 143 252 252 46 46 199 199 0 0 0 212 212 212 0 0 250 250 240 240 0 0 3 0 86 86 86 333 333 41 361 361 0 0 0 11 11 0 0 365 365 365 365 267 267 267
0 0 64 0 391 143 143 252 170 46 46 347 347 17 17 212 212 212 155 155 155 155 240 240 0 0 0 0 145 145 333 333 333 41 361 361 0 0 0 0 236 236 305 305 305 305 0 0 0 0
180 180 280 280 391 170 170 252 170 327 327 347 347 347 17 17 212 212 80 80 80 87 241 240 0 0 115 0 145 145 222 333 333 41 244 0 0 0 213 0 213 236 236 236 236 305 379 379 0 0
180 280 280 280 391 391 170 170 170 327 327 346 346 347 17 17 201 201 80 80 80 87 241 359 359 0 115 0 0 0 222 222 222 40 244 244 244 244 213 213 213 236 236 189 189 198 379 379 0 0
180 172 172 172 325 325 325 297 297 346 346 346 346 336 336 182 201 201 214 214 80 87 241 241 359 359 115 115 115 222 222 222 222 40 7 173 244 32 32 32 32 32 189 189 198 198 119 0 0 0
180 172 172 172 172 325 325 297 297 362 362 161 161 336 336 182 182 182 214 197 197 87 241 183 183 186 276 276 276 276 276 341 40 40 7 173 173 173 146 146 146 146 116 116 198 198 119 0 0 0
0 0 118 118 118 325 131 131 18 362 362 161 161 140 175 175 312 312 214 197 197 87 241 183 183 186 276 276 276 81 81 341 341 299 7 7 144 76 76 76 76 76 116 116 198 119 119 0 0 0
0 0 0 0 118 159 131 18 18 362 30 51 140 140 175 175 312 312 239 239 203 372 372 123 123 186 186 65 65 81 81 341 341 299 299 7 144 144 144 76 76 76 116 9 9 9 9 9 0 0
0 14 14 14 118 159 131 18 30 30 30 51 140 140 140 150 150 312 239 239 203 372 13 13 123 123 65 65 110 110 110 320 299 299 299 299 398 398 144 42 42 42 116 381 381 9 9 9 0 0
185 14 14 0 0 159 355 355 30 30 51 51 156 156 150 150 85 239 239 203 203 372 13 13 123 123 321 321 321 93 110 320 320 191 191 191 398 398 144 144 144 42 178 178 381 381 278 278 0 0
185 185 185 0 0 159 355 355 275 275 275 275 156 156 150 150 85 85 85 203 203 63 13 13 123 123 132 321 321 93 93 107 320 191 191 191 191 191 151 151 151 162 162 178 178 278 278 278 0 0
0 0 0 0 159 159 291 355 291 370 4 4 194 194 194 194 85 85 85 85 57 63 63 124 124 124 132 132 132 93 93 107 107 234 234 318 318 151 151 164 151 162 162 162 178 178 237 0 0 0
0 0 0 0 159 159 291 291 291 370 4 4 1 1 1 158 158 166 166 57 57 57 63 124 73 73 73 73 367 367 107 107 234 234 234 209 318 318 209 164 151 162 130 130 178 178 237 23 23 206
0 0 0 0 0 0 0 370 370 370 1 1 1 1 1 158 310 166 166 57 127 57 57 279 345 345 338 73 367 367 107 107 313 313 234 209 209 209 209 164 164 164 130 130 237 237 237 23 23 206
0 202 202 202 315 315 315 370 370 133 133 133 47 47 260 158 310 310 127 127 127 279 279 279 279 345 338 73 54 54 54 54 313 313 234 234 368 368 368 368 251 251 369 369 237 309 309 206 206 206
0 202 202 202 315 315 315 357 357 133 15 133 47 47 260 158 158 310 127 127 255 211 211 211 75 345 338 338 363 363 363 245 245 313 167 167 259 368 368 368 251 251 369 369 285 285 309 309 0 0
0 0 0 0 0 0 315 357 357 15 15 15 15 260 260 343 343 12 12 255 255 211 211 75 75 75 75 338 363 363 245 245 245 245 167 167 259 62 62 103 103 251 285 285 285 104 104 0 0 0
69 0 0 0 0 0 0 0 0 15 231 231 364 364 260 343 12 12 12 255 181 211 211 75 72 72 388 388 363 371 371 292 292 245 245 292 259 62 62 103 103 190 285 285 104 104 141 141 397 0
69 69 69 0 0 0 0 25 25 15 231 231 364 364 364 343 343 181 181 181 181 258 354 354 72 72 388 388 371 371 187 187 292 292 292 292 259 62 62 62 190 190 190 176 176 176 141 141 397 0
69 188 188 0 0 0 0 25 134 134 231 266 364 8 8 8 350 350 181 258 258 258 354 354 97 97 97 97 371 371 187 187 292 28 28 28 259 259 259 259 190 190 190 176 176 232 232 397 397 0
69 188 188 249 249 249 0 25 134 134 134 266 304 304 304 8 221 350 350 258 258 258 160 160 160 160 262 387 387 371 187 396 396 396 28 28 113 113 125 125 60 277 277 277 277 137 232 397 0 0
0 0 0 249 366 366 366 25 134 134 134 266 304 8 8 8 221 221 221 221 50 50 287 98 262 262 262 387 387 373 373 396 396 208 28 28 113 113 125 125 60 277 277 137 137 137 232 397 55 55
0 0 0 0 114 114 366 5 5 52 52 266 332 8 174 174 221 269 269 221 50 50 287 98 98 26 43 43 373 373 373 208 208 208 322 322 322 322 322 322 60 60 139 139 139 139 139 139 55 55
0 0 0 0 0 114 366 366 5 52 52 332 332 225 174 174 105 269 269 219 219 219 287 287 98 26 43 43 56 56 56 208 208 208 208 216 216 216 261 261 148 148 149 149 149 139 139 274 274 274
0 0 0 0 100 114 37 37 5 52 52 332 332 225 174 174 105 105 105 219 219 219 287 287 26 26 272 272 272 56 56 10 10 171 171 171 216 261 261 148 148 149 149 193 74 74 74 74 274 274
0 0 0 0 100 37 37 37 82 82 82 82 21 225 174 49 49 105 105 348 219 219 287 138 138 272 272 272 282 319 319 10 10 94 171 171 216 195 195 165 165 165 193 193 74 74 296 296 296 274
0 0 0 0 100 37 337 337 31 31 31 31 21 225 174 49 49 105 105 348 348 78 78 138 138 257 257 282 282 319 319 10 94 94 171 316 316 195 195 342 342 165 193 193 270 270 270 270 296 296
0 0 0 100 100 37 337 337 31 31 31 31 21 225 225 79 79 135 90 90 348 348 78 78 138 257 257 282 117 319 349 349 94 339 339 316 316 195 317 317 342 342 163 193 270 270 270 101 296 296
0 0 100 100 289 289 289 265 302 302 302 302 21 228 79 79 135 135 90 90 70 70 273 273 331 331 117 117 117 349 349 94 94 339 339 316 316 2 317 317 16 99 163 193 384 384 101 101 323 323
0 0 0 0 0 289 289 265 265 265 228 228 228 228 358 358 135 390 90 90 70 70 273 273 331 331 331 264 264 121 94 94 238 238 238 192 192 2 16 16 16 99 163 102 384 384 142 101 220 323
0 0 0 0 0 0 0 61 61 324 324 228 207 207 207 358 358 390 390 390 70 70 273 273 331 293 331 264 264 121 121 253 253 238 238 192 2 2 378 378 378 99 163 102 102 102 142 101 220 323
0 0 0 0 0 0 61 61 61 61 324 224 224 169 207 207 200 200 200 200 70 59 59 59 331 293 293 293 293 293 121 253 58 328 328 192 394 210 378 378 378 99 142 142 142 142 142 220 220 323
0 0 0 0 0 0 84 84 84 84 324 224 224 169 207 207 386 45 45 45 70 283 283 59 59 256 256 256 286 286 121 253 58 328 328 394 394 210 210 210 120 288 288 288 142 329 329 306 306 306
0 0 0 0 0 84 84 84 84 300 300 224 29 169 71 386 386 109 45 45 45 283 283 59 248 248 256 256 286 286 227 227 58 122 328 394 210 210 210 120 120 120 352 288 329 329 306 306 306 306
0 0 0 0 0 0 184 184 111 111 300 224 29 169 71 386 109 109 109 109 218 218 283 59 248 248 256 256 35 35 35 227 58 122 400 400 400 400 400 120 352 352 352 399 399 290 290 271 271 6
0 0 0 395 395 184 184 126 126 111 300 29 29 169 71 36 36 218 218 218 218 301 301 295 295 295 295 295 35 35 35 227 122 122 263 263 53 374 374 120 157 157 157 157 399 290 290 271 271 6
330 382 382 168 395 395 395 126 126 111 380 91 91 71 71 153 36 19 19 19 218 301 301 295 295 204 204 147 147 233 35 235 307 307 263 263 53 374 374 154 217 217 217 399 399 290 152 271 6 6
330 382 168 168 395 395 395 126 126 380 380 91 91 71 153 153 36 48 48 19 19 314 314 353 353 204 204 147 147 233 235 235 307 307 53 53 53 284 284 154 217 217 360 360 152 152 152 271 6 6
330 382 168 168 83 83 83 126 380 380 380 380 177 153 153 92 356 48 48 314 314 314 314 353 353 353 34 233 233 233 235 344 344 344 226 226 284 284 254 154 154 215 179 360 360 77 247 247 0 6
330 330 168 168 83 83 383 383 383 383 177 177 177 0 92 92 356 356 22 22 22 246 246 246 246 246 34 233 233 351 235 344 311 311 226 226 254 254 254 242 215 215 179 360 360 77 77 247 0 0
330 330 375 375 128 128 383 383 0 383 177 177 0 0 92 377 356 22 22 22 0 246 246 294 334 334 34 392 392 351 344 344 311 311 226 226 254 254 242 242 215 215 179 360 360 77 77 247 0 0
0 0 375 375 128 128 0 0 0 389 389 0 0 0 0 377 356 0 0 0 0 0 294 294 334 334 34 392 392 351 351 351 311 311 230 326 326 242 242 242 33 179 179 27 27 27 27 68 0 0
0 108 108 108 376 376 0 0 0 389 389 0 0 0 0 377 0 0 0 0 0 0 294 334 334 229 34 392 205 205 205 351 351 351 230 326 326 106 393 393 33 88 88 88 88 88 68 68 0 0
0 108 108 108 376 376 0 303 67 67 0 0 0 0 38 377 0 0 0 0 0 294 294 334 334 229 229 205 205 205 205 66 223 230 230 223 106 106 393 393 33 33 96 96 88 24 68 0 0 0
0 298 298 281 0 0 0 303 67 67 0 0 0 0 38 0 0 0 0 0 0 44 44 44 44 229 229 205 20 20 20 66 223 223 223 223 106 106 33 33 33 268 268 96 24 24 0 0 0 0
0 298 298 281 281 0 0 303 303 67 0 0 0 0 38 39 39 0 0 0 0 44 112 112 385 385 385 243 243 20 20 66 66 0 0 0 0 0 0 0 0 268 129 96 24 0 0 0 0 0
0 0 136 136 281 0 0 0 303 0 0 0 0 0 38 39 39 0 0 0 0 112 112 0 0 385 385 385 243 20 20 0 0 0 0 0 0 0 0 0 0 268 129 129 0 0 0 0 0 0
0 0 136 136 281 281 0 0 340 0 0 0 0 0 0 89 89 0 0 0 0 0 0 0 0 0 0 0 243 196 196 0 0 0 0 0 0 0 0 0 0 0 129 129 95 95 0 0 0 0
0 0 136 136 136 0 0 340 340 340 340 340 0 0 0 89 89 89 89 0 0 0 0 0 0 0 0 0 0 196 196 0 0 0 0 0 0 0 0 0 0 0 129 129 95 95 0 0 0 0
