50 400 20
63137 1746
88269 1830
82800 1627
79916 1511
98886 1112
99440 1738
66570 1920
85404 1291
64585 1989
78512 1971
56285 1966
96245 1593
60249 1932
73198 1024
81905 1448
67331 1523
73241 1557
93059 1375
56086 1928
85069 1060
57408 1383
89977 1421
68539 1861
51743 1516
74387 1181
84907 1387
54280 1510
81517 1063
57053 1210
97724 1009
71300 1346
50533 1368
64398 1387
81147 1300
64165 1475
60628 1691
51847 1640
97179 1753
73600 1428
73219 1208
99920 1846
78860 1580
91177 1116
63834 1473
79272 1028
51303 1150
90426 1919
81202 1178
56890 1826
90834 1179
59137 1522
55143 1458
75674 1082
87193 1610
83958 1094
97966 1800
51698 1616
62370 1288
61354 1480
99073 1664
61594 1671
97052 1200
80172 1647
76296 1316
80927 1911
80469 1614
52867 1962
54541 1185
76039 1476
94258 1884
58657 1717
74509 1451
66824 1436
86556 1815
98862 1626
58504 1925
89152 1061
88439 1573
71854 1781
72521 1689
67896 1592
90467 1801
52628 1198
58684 1462
53186 1223
97098 1288
84053 1922
74644 1735
73992 1296
62454 1958
61691 1589
59491 1028
67684 1261
70956 1669
77545 1503
65217 1564
84545 1771
98949 1644
52225 1053
52301 1202
80626 1429
66741 1829
66375 1322
53076 1974
64702 1969
83701 1185
83746 1350
65359 1276
52684 1264
80878 1116
55980 1130
62894 1323
53268 1279
53296 1011
78740 1308
65075 1722
90125 1677
62726 1613
77077 1061
73971 1874
88841 1433
99830 1308
96963 1562
52327 1988
87496 1865
85601 1839
96333 1181
94898 1276
79230 1761
64554 1029
81243 1066
51873 1288
61494 1154
78820 1212
91156 1304
91217 1398
66524 1931
61140 1305
89397 1244
95028 1488
68417 1550
85526 1405
58544 1909
88773 1206
75425 1781
73939 1663
52356 1306
74601 1354
59547 1216
57295 1081
99461 1859
83393 1838
99882 1384
88272 1941
61053 1071
89525 1691
94374 1691
57726 1770
96180 1159
99703 1842
76582 1882
90744 1492
80538 1489
79973 1080
71811 1453
72795 1204
90293 1323
61217 1931
98613 1449
83486 1781
93369 1426
72786 1736
98371 1850
78700 1977
97307 1117
99280 1673
60889 1000
76350 1256
69937 1351
65761 1475
73538 1924
73138 1143
91929 1372
95989 1836
75627 1437
65481 1728
78786 1577
64854 1850
54819 1299
71212 1945
84658 1402
60158 1016
73621 1573
91053 1749
97025 1081
51982 1611
67892 1710
89583 1847
78338 1012
65754 1060
59782 1158
67813 1588
56823 1618
91849 1927
68068 1547
62500 1695
78923 1708
55495 1106
95623 1087
98680 1337
68137 1461
95778 1144
65035 1496
91473 1328
73186 1174
86765 1155
61985 1078
54474 1870
51724 1476
91414 1933
78523 1589
72067 1041
73201 1141
97482 1977
81425 1364
87277 1861
84130 1415
76792 1523
92765 1257
67938 1143
51895 1133
82896 1122
93987 1321
92622 1365
73054 1265
50590 1316
54014 1963
82915 1316
66103 1418
68460 1854
89724 1677
53344 1082
80294 1674
71351 1189
78213 1019
99879 1155
68713 1471
61737 1327
67415 1058
62098 1151
69869 1391
89780 1603
54698 1182
92888 1321
72168 1659
68401 1591
60125 1585
94544 1538
61539 1968
99847 1689
52578 1838
96512 1304
55836 1379
63269 1054
80274 1457
93396 1845
71092 1212
63638 1297
62130 1380
98088 1858
78331 1509
70325 1937
96663 1289
54265 1496
76002 1021
61272 1322
51724 1252
78515 1704
86917 1103
54113 1778
68722 1415
72316 1112
87829 1171
53489 1968
63481 1639
75360 1011
85697 1727
50480 1420
97019 1183
70538 1060
74411 1267
73444 1797
83161 1789
52721 1780
90713 1569
62122 1065
99056 1827
78726 1944
59157 1706
76374 1740
63710 1141
72631 1186
99527 1000
87458 1732
60462 1552
50032 1301
95979 1638
85700 1797
95490 1930
51505 1971
80301 1935
65565 1667
70195 1498
57932 1142
78521 1743
53991 1889
61250 1147
62113 1617
57520 1263
71953 1334
55196 1075
95754 1043
97988 1589
51462 1337
53544 1369
69753 1028
87287 1780
62555 1398
64120 1975
52433 1027
74984 1653
84435 1952
90365 1425
82675 1319
63113 1521
77015 1654
93488 1656
71646 1497
62007 1705
72541 1242
86995 1629
54203 1401
92455 1201
88624 1659
55253 1418
73182 1070
68880 1338
65203 1091
67060 1433
63973 1875
84931 1554
53937 1147
69486 1208
72019 1321
58679 1065
80129 1047
74649 1943
58505 1419
84611 1271
77889 1333
74712 1750
77070 1930
73422 1181
98033 1054
90615 1125
90054 1269
61220 1844
67610 1121
95878 1170
83138 1863
66372 1663
94830 1043
62576 1614
58312 1520
50582 1599
78590 1510
88733 1704
57768 1484
53478 1077
68713 1492
60239 1492
81216 1254
68464 1598
86019 1368
77689 1081
88133 1798
87669 1063
50705 1231
96587 1512
66630 1125
59400 1373
84499 1856
90576 1224
54854 1083
56597 1115
87261 1103
65209 1622
61323 1473
55001 1638
53192 1026
0 0 108 108 0 0 0 0 273 167 167 167 0 0 140 140 140 0 0 0 0 0 296 296 296 0 0 0 0 0 0 11 11 0 0 368 368 0 0 0 0 0 363 363 0 0 0 0 0 0
240 0 108 108 0 0 0 0 273 4 4 167 0 144 144 140 0 0 68 68 0 0 264 264 296 51 51 51 51 0 0 11 11 0 0 368 368 0 0 0 0 363 363 0 0 0 381 381 381 0
240 0 108 108 0 0 273 273 273 4 4 167 0 144 144 140 0 188 188 68 8 8 8 264 264 175 51 51 51 0 0 320 320 0 0 368 368 368 0 0 0 363 0 0 0 0 381 381 274 274
240 240 23 0 0 0 273 273 229 229 191 311 311 141 250 250 250 250 188 68 8 393 388 154 175 175 55 260 260 260 0 320 320 0 0 114 356 356 356 0 0 355 0 0 0 381 381 381 274 274
23 23 23 0 0 0 45 45 229 229 191 191 311 141 250 35 35 188 188 393 393 393 388 154 175 175 55 55 260 260 0 320 98 98 98 114 356 355 355 355 355 355 0 213 0 183 183 183 274 274
23 23 329 329 0 0 45 45 157 20 191 191 311 141 141 35 35 188 393 393 219 219 388 154 154 154 55 55 260 56 56 60 98 98 98 114 10 10 30 30 30 0 0 213 213 213 183 183 183 128
0 0 329 329 0 0 157 157 157 20 75 75 75 141 358 358 188 188 85 85 219 219 388 154 154 154 55 55 292 292 56 60 161 98 79 114 10 10 54 54 30 365 365 365 365 359 359 359 176 128
0 0 102 102 102 102 157 110 157 20 20 67 75 180 180 358 358 340 340 85 85 85 388 237 34 34 259 259 292 292 56 60 161 161 79 114 397 397 397 54 54 365 365 365 365 359 176 176 176 128
0 102 102 12 12 338 338 110 110 110 20 67 16 180 180 180 180 340 340 129 129 134 237 237 34 194 194 259 259 259 56 60 161 161 79 79 118 397 387 305 305 305 305 111 111 151 151 332 332 128
0 325 325 12 12 338 338 338 338 338 67 67 16 16 16 16 16 16 129 129 134 134 237 34 34 194 194 194 259 101 101 101 101 301 301 79 118 397 387 389 52 52 305 111 106 151 151 332 332 332
0 325 325 225 225 225 225 279 257 257 17 17 17 270 270 270 83 83 83 83 134 134 134 253 34 194 194 194 302 302 101 101 101 301 301 79 118 387 387 389 52 52 201 111 106 106 332 332 0 0
0 325 325 147 147 147 225 279 257 257 17 395 17 270 270 390 83 83 83 289 289 57 57 253 254 254 254 254 254 302 101 334 306 306 306 79 118 387 387 389 389 201 201 106 106 106 48 0 0 0
0 325 325 147 0 0 279 279 61 61 199 395 395 395 26 390 390 390 83 289 289 57 57 253 253 159 159 159 159 302 334 334 306 306 306 65 184 184 184 184 72 201 72 48 48 48 48 0 0 0
0 0 0 0 0 0 0 61 61 61 199 391 391 26 26 185 185 135 135 339 339 339 57 253 253 159 159 159 159 93 334 334 66 66 306 65 65 65 65 184 72 72 72 72 109 3 3 0 0 0
0 27 27 27 0 0 145 145 145 145 199 391 391 26 26 185 135 135 135 339 339 221 221 221 212 212 227 93 93 93 117 117 66 66 92 92 92 105 105 105 142 142 142 142 109 109 3 0 0 0
0 27 27 27 33 33 145 145 145 139 199 386 386 386 386 185 233 233 196 196 221 221 221 221 297 212 227 93 93 93 117 117 66 307 92 92 92 247 105 105 245 245 245 245 109 109 3 0 0 0
25 25 0 33 33 33 145 139 139 139 49 386 386 386 233 233 233 233 196 196 217 217 217 364 297 212 227 227 367 367 117 117 307 307 92 92 247 247 276 276 59 59 59 59 109 109 3 0 0 0
25 25 0 222 222 215 215 139 337 337 49 49 49 49 233 233 5 5 5 173 173 173 217 364 297 297 330 227 367 9 9 117 307 400 400 247 247 247 169 276 276 0 0 0 0 0 69 69 0 120
25 0 0 222 222 215 215 215 215 337 28 28 133 133 133 133 133 170 5 5 173 173 364 364 330 330 330 330 367 9 9 207 207 400 400 186 169 169 169 276 276 0 0 22 22 0 69 69 261 120
0 0 0 0 222 215 130 130 215 337 28 28 78 353 353 353 87 170 170 170 173 173 163 354 354 354 197 330 333 9 9 207 207 400 186 186 169 169 169 275 275 0 0 22 22 0 261 261 261 120
0 0 0 0 148 148 228 130 130 130 28 28 78 353 353 353 87 50 50 97 97 97 163 163 163 354 197 197 333 333 323 323 400 400 186 186 179 179 179 275 275 0 0 99 99 99 99 261 261 120
0 0 0 0 148 148 228 228 278 287 376 376 78 272 353 353 87 50 97 97 195 195 204 204 204 324 324 197 1 333 323 323 122 122 223 223 223 223 179 290 275 0 0 99 0 99 0 0 0 120
0 0 0 0 0 0 158 228 278 287 376 376 78 272 272 272 87 50 97 195 195 21 21 208 204 324 324 197 1 333 323 323 323 122 223 223 223 223 90 290 275 275 0 0 0 99 0 0 0 0
0 189 189 189 0 0 158 278 278 287 376 376 376 272 187 187 187 187 187 187 187 21 21 208 324 324 324 1 1 243 323 224 238 122 369 369 369 90 90 290 290 275 0 0 0 0 0 0 0 0
255 189 189 6 6 158 158 278 278 287 348 348 351 351 351 351 351 351 351 249 249 143 143 208 208 124 124 243 243 243 224 224 238 271 258 258 369 369 90 160 160 160 300 300 0 0 0 0 0 0
255 189 189 6 6 158 158 278 322 348 348 2 2 2 399 149 362 362 362 249 249 143 143 143 124 124 262 243 243 243 224 224 238 271 258 258 369 369 90 39 160 300 300 0 0 0 0 0 0 0
255 255 266 266 266 392 392 392 322 348 322 2 74 399 399 149 362 362 362 383 383 165 165 165 165 165 262 203 321 321 312 312 238 271 171 171 369 39 39 39 160 300 300 0 0 0 0 0 0 0
255 255 266 266 328 328 328 392 322 322 322 2 74 399 149 149 104 104 104 315 383 165 7 165 165 262 262 203 321 321 312 312 271 271 271 171 171 39 39 166 166 300 284 284 284 284 0 0 0 0
218 218 266 71 100 100 328 370 251 251 322 322 74 74 74 347 104 104 104 315 383 383 7 7 7 198 198 203 203 235 235 235 235 235 36 171 152 116 116 116 166 268 284 314 314 314 0 0 0 0
218 218 71 71 100 100 100 370 370 251 251 396 396 396 347 347 347 347 104 315 315 318 7 7 232 198 198 285 203 203 82 82 41 41 36 36 152 116 116 319 166 268 268 314 230 230 230 0 0 0
84 84 71 71 71 350 350 370 370 94 94 396 347 347 347 304 304 304 214 318 318 318 7 7 232 226 285 285 203 82 82 146 146 41 41 36 152 152 152 319 319 319 268 314 0 230 230 230 14 14
84 84 153 153 153 350 350 370 370 94 94 382 299 299 327 327 304 304 214 58 58 58 80 232 232 226 285 267 267 303 303 303 146 352 155 155 155 152 152 107 107 107 107 0 0 0 0 0 14 14
84 366 153 153 216 350 345 345 345 94 382 382 299 299 327 327 265 214 214 58 58 80 80 232 226 226 285 267 267 303 303 303 146 352 352 352 155 177 177 107 107 269 269 0 0 0 0 0 0 0
84 366 366 366 216 216 216 216 345 345 382 382 382 299 327 375 265 265 265 58 24 80 162 162 63 63 326 326 326 326 132 132 132 231 352 352 286 177 177 107 298 269 269 269 294 294 0 0 0 0
84 84 384 216 216 216 96 96 345 345 248 248 248 248 327 375 375 375 113 398 24 24 162 162 63 63 316 316 316 326 37 132 132 231 231 291 286 286 298 298 298 269 294 294 294 294 0 0 0 0
384 384 384 384 384 385 385 96 96 96 172 172 172 172 89 89 113 113 113 398 398 24 38 63 63 63 316 316 205 205 37 18 18 18 231 291 286 44 44 44 47 47 31 31 31 31 0 0 0 0
384 164 164 164 0 0 385 96 96 331 252 202 202 313 313 89 89 113 113 113 398 398 38 241 377 377 377 205 205 205 37 37 18 18 291 291 286 357 357 44 47 343 131 131 131 76 76 0 0 0
0 0 0 164 164 0 385 385 96 331 252 202 202 313 313 209 209 209 277 277 277 277 38 241 241 241 377 205 205 205 121 121 18 136 136 136 127 357 357 44 47 343 13 13 131 76 76 0 0 0
0 0 0 0 0 0 0 0 331 331 252 263 263 313 313 209 336 336 336 277 43 43 38 38 241 241 174 174 70 70 121 91 91 136 136 32 127 127 127 206 206 343 115 13 13 0 0 0 150 0
0 378 378 378 0 0 0 0 210 252 252 263 263 313 0 336 336 236 236 277 277 43 38 38 73 103 174 174 70 70 121 91 91 32 32 32 335 335 335 206 206 343 115 13 13 394 394 394 150 0
0 378 372 372 372 40 40 210 210 210 182 182 282 0 0 0 0 236 236 200 200 43 73 73 73 103 126 42 42 42 121 91 91 32 32 32 335 335 206 206 343 343 115 115 211 211 394 394 150 150
0 0 372 283 246 246 40 308 308 210 182 182 282 282 0 0 138 138 200 200 200 349 73 73 103 103 126 126 126 42 121 81 81 81 81 310 310 310 206 0 343 343 309 211 211 211 88 394 234 150
0 342 342 283 246 246 40 40 308 308 182 282 282 0 0 138 138 138 242 349 349 349 73 193 193 46 46 295 295 288 288 288 288 137 137 137 137 310 206 0 0 0 309 95 88 88 88 394 234 0
0 342 342 283 373 373 317 317 346 346 182 182 182 86 0 0 244 244 242 349 349 349 29 29 193 46 46 295 295 295 295 288 288 53 53 64 64 168 168 168 0 309 309 95 95 88 88 88 234 0
0 19 19 283 373 373 317 317 346 346 346 15 15 86 0 0 244 244 242 0 371 371 371 29 193 374 374 295 0 0 341 341 288 53 53 53 64 361 361 168 0 309 309 178 95 95 380 360 234 0
0 0 19 373 373 373 317 317 317 181 181 15 15 86 86 0 0 0 242 0 0 0 371 29 193 374 374 280 0 0 341 77 288 123 123 123 64 361 361 361 0 178 178 178 220 380 380 360 360 0
0 0 19 0 156 156 156 0 317 181 181 15 15 192 86 0 0 0 0 0 0 0 0 0 0 280 280 280 0 0 341 77 77 123 123 123 64 0 0 0 0 0 220 220 220 380 360 360 0 0
0 0 0 0 156 0 0 0 0 293 119 344 344 192 192 192 0 0 0 0 0 0 0 0 0 239 239 239 0 0 341 341 77 123 123 64 64 0 0 0 0 0 62 62 0 0 379 379 0 0
0 0 0 156 156 0 281 281 0 293 119 344 344 344 344 0 0 0 0 0 0 0 125 125 239 239 239 239 0 0 341 341 77 77 256 256 256 0 0 0 190 190 62 62 0 0 379 379 0 0
0 0 0 156 0 0 281 281 293 293 119 119 119 119 119 0 0 0 0 0 0 0 125 125 125 112 112 112 112 0 0 0 0 0 256 256 256 256 0 0 190 190 190 0 0 0 0 0 0 0
