50 400 20
94410 1486
88735 1545
73933 1069
92749 1967
62843 1694
78454 1811
92290 1250
96288 1755
59869 1574
98764 1254
52951 1764
73218 1056
93491 1907
67114 1152
68623 1507
54285 1955
68555 1322
86857 1220
97763 1673
63430 1139
91220 1014
84542 1939
65927 1035
52037 1788
86693 1031
54772 1435
81024 1578
90892 1410
50449 1268
87843 1499
82079 1651
60303 1154
77788 1437
65140 1173
80732 1990
92917 1975
89255 1884
84489 1899
74169 1124
68820 1280
74007 1609
72251 1480
57931 1231
99291 1102
55502 1175
78405 1060
57455 1152
63402 1814
59690 1319
96191 1608
80279 1431
89326 1001
97708 1373
82011 1944
75204 1143
97557 1211
51711 1040
65749 1405
64913 1355
73883 1277
82625 1736
74098 1476
55619 1573
70180 1102
84875 1020
57879 1256
85390 1377
80822 1965
94086 1801
60655 1601
63383 1510
95723 1352
66539 1061
67961 1970
70170 1830
81187 1449
60872 1153
87855 1613
54218 1086
83681 1986
97043 1364
62015 1407
51605 1794
59462 1536
74170 1900
94261 1695
71547 1091
55779 1203
66184 1432
72455 1797
80065 1300
94856 1391
74294 1323
69382 1119
50636 1185
73133 1018
55739 1660
59365 1965
53178 1874
65876 1790
77556 1767
69029 1220
73840 1840
83754 1596
64897 1934
78726 1696
97970 1624
84130 1533
99391 1257
65493 1738
70654 1643
97400 1885
65609 1276
65249 1359
81494 1104
80270 1581
86161 1574
87784 1020
50454 1097
99390 1127
94617 1679
53583 1843
56232 1875
96074 1757
85528 1031
90259 1602
59377 1944
57498 1949
71435 1994
65667 1277
61359 1901
67593 1477
77559 1943
92990 1244
56502 1374
85878 1454
60162 1816
84835 1317
69764 1479
90975 1586
76054 1163
63434 1474
57586 1129
72519 1162
95818 1992
56537 1395
86044 1909
78724 1416
96979 1834
75866 1213
66224 1240
76025 1134
56055 1627
51429 1423
63545 1950
87007 1164
74300 1203
68398 1239
80952 1906
99844 1912
59834 1492
58719 1215
56550 1329
99151 1511
55595 1778
52260 1633
70506 1100
74785 1155
80250 1760
50637 1855
93768 1127
77295 1656
55854 1982
57556 1304
70830 1866
78598 1455
77492 1388
77245 1921
75078 1090
73815 1328
53259 1954
51497 1996
78945 1590
98723 1962
95684 1746
58642 1353
61427 1548
62811 1095
90481 1876
65039 1710
82305 1605
69893 1664
73357 1490
50105 1376
71239 1429
88317 1590
72348 1269
53155 1247
85140 1209
82131 1534
91847 1218
76676 1010
62543 1150
94079 1920
78655 1346
54865 1936
85987 1186
51995 1865
82804 1599
91710 1876
76915 1576
79063 1313
54856 1223
81991 1067
72289 1744
81384 1539
53208 1180
79284 1286
68677 1090
89776 1634
50916 1764
89214 1141
64703 1414
56798 1146
85773 1559
83116 1574
73105 1454
53408 1124
57808 1003
65350 1740
53608 1940
98177 1462
96324 1253
67579 1718
59128 1773
72727 1003
70251 1893
51380 1133
76870 1858
70160 1746
92325 1182
88893 1555
96722 1222
73789 1692
75311 1716
99360 1009
83313 1260
52210 1411
60420 1443
52655 1606
83722 1322
95407 1424
50810 1688
56738 1660
77697 1470
62396 1594
87360 1517
55425 1067
61154 1410
97409 1154
64441 1419
85152 1411
75532 1527
68444 1516
67572 1884
73674 1562
80316 1090
84797 1699
66765 1487
77417 1988
95228 1435
97920 1492
54714 1463
97715 1907
83546 1006
99726 1827
96165 1877
57522 1568
55428 1486
79888 1218
73714 1339
65725 1910
68599 1765
75167 1765
60263 1595
95582 1339
95050 1864
83304 1257
61101 1275
98107 1231
96639 1469
91000 1761
85136 1847
53176 1356
94085 1776
79632 1077
65168 1625
63780 1036
93826 1161
55462 1808
83467 1795
54733 1416
83188 1340
72573 1834
93483 1093
75146 1874
57580 1805
81796 1604
84356 1178
63450 1466
55338 1512
82245 1477
58370 1712
75303 1204
63202 1491
50856 1215
72229 1045
65280 1465
71715 1262
64892 1426
97771 1216
54697 1437
90030 1915
57380 1063
86205 1349
54245 1883
75801 1812
98577 1948
56877 1178
69475 1120
79785 1198
79937 1462
83478 1721
59453 1703
61112 1255
75873 1602
56230 1927
75730 1012
72568 1088
63520 1008
92246 1786
91140 1761
81063 1974
68688 1746
61859 1839
72476 1636
99487 1379
88287 1140
97241 1097
69636 1633
73928 1141
87077 1538
90397 1357
78509 1010
98860 1571
86370 1117
61720 1883
60859 1740
77160 1576
92450 1634
75625 1155
90268 1644
50245 1861
70906 1904
84415 1729
70690 1811
69970 1811
75347 1366
88786 1782
57666 1946
86134 1545
94915 1776
55764 1353
59077 1634
54858 1424
81543 1355
99593 1775
63330 1632
73791 1655
86121 1364
92025 1350
65436 1375
56936 1539
95064 1435
51731 1787
56704 1357
77264 1812
91635 1181
72695 1685
98440 1699
86500 1636
86793 1991
72430 1545
71644 1827
62593 1368
99693 1493
87394 1852
95374 1645
99956 1309
99909 1070
294 294 294 294 0 4 4 238 238 231 231 231 0 128 128 0 0 0 0 0 0 0 0 0 0 0 0 287 287 172 172 0 0 49 0 0 0 0 0 0 0 0 0 20 20 20 61 61 378 378
294 380 380 0 0 4 4 0 238 238 231 231 0 128 128 0 0 0 0 0 0 0 0 197 197 197 0 287 172 172 172 0 0 49 49 0 0 0 0 0 0 0 0 0 20 20 61 378 378 378
374 374 380 0 0 0 0 0 0 0 0 231 0 128 128 170 170 269 269 0 0 33 33 197 197 197 0 287 159 159 372 372 225 225 49 0 0 0 0 0 0 0 0 0 295 61 61 0 0 0
374 374 380 380 0 0 0 0 0 0 0 343 0 128 128 170 269 269 269 0 0 33 33 169 169 169 169 159 159 159 372 372 225 225 49 0 0 0 0 0 0 0 0 0 295 61 61 0 0 0
232 232 380 380 0 0 270 270 0 321 321 343 343 343 343 170 268 268 269 0 33 33 33 261 261 77 169 169 78 78 78 225 225 228 179 179 0 0 0 0 0 0 295 295 295 0 0 0 0 0
232 232 221 130 130 130 270 270 270 158 321 321 387 387 343 387 268 0 0 0 352 352 352 261 261 77 77 77 77 78 78 225 354 228 228 179 278 278 247 247 247 198 258 258 0 0 0 118 0 0
232 221 221 130 203 203 19 19 158 158 158 321 321 387 387 387 268 0 0 352 352 396 205 205 205 77 47 44 44 78 78 354 354 354 228 179 278 278 247 247 247 198 258 258 0 0 188 118 0 0
232 221 221 203 203 203 19 178 158 158 158 321 152 152 387 387 268 0 0 396 396 396 205 205 205 47 47 44 44 41 41 354 162 162 228 162 162 162 79 79 247 198 198 0 0 0 188 118 118 310
11 11 11 11 370 19 19 178 280 280 280 193 193 152 0 0 0 0 0 0 0 0 0 205 205 47 83 204 204 41 41 227 227 162 162 162 137 79 79 297 297 297 198 188 188 188 188 120 310 310
11 101 101 63 370 19 19 178 178 280 280 193 193 152 0 0 0 351 351 351 351 351 3 3 3 83 83 204 204 41 41 227 227 245 54 137 137 137 137 297 297 297 297 164 164 394 84 120 310 0
101 101 101 63 370 370 370 124 124 280 193 193 193 0 0 0 358 351 351 351 147 147 3 16 83 83 160 160 204 204 41 41 245 245 54 54 54 137 155 164 164 164 164 164 394 394 84 120 120 0
101 101 101 63 63 0 124 124 124 280 280 139 139 139 139 358 358 147 147 147 147 16 16 16 18 18 160 160 204 52 52 52 245 186 186 211 184 184 155 155 105 105 105 105 394 84 84 0 0 0
0 0 0 0 0 0 124 124 89 89 89 89 395 279 279 358 358 292 292 292 111 223 16 16 18 18 160 160 160 52 222 308 308 186 186 211 211 184 184 155 105 105 105 105 75 0 0 0 0 0
0 0 0 0 0 0 0 0 395 395 395 395 395 279 279 358 70 292 70 111 111 223 16 24 24 60 160 222 222 222 222 308 308 240 211 211 211 217 155 155 102 69 69 69 75 0 0 0 0 0
0 0 0 0 0 220 0 0 0 355 355 395 395 386 386 386 70 70 70 111 223 223 24 24 60 60 399 399 399 222 308 308 161 240 123 123 217 217 155 155 102 102 102 69 75 0 0 0 0 0
0 0 0 0 0 220 0 288 288 355 355 126 126 126 126 386 26 111 111 111 199 199 24 24 60 60 399 399 167 167 161 161 161 240 240 123 217 217 265 265 339 339 102 102 75 0 0 0 0 0
0 0 0 0 220 220 0 288 104 104 104 104 350 350 26 26 26 398 398 398 199 51 51 17 17 17 399 399 167 167 161 299 299 299 285 123 285 217 265 265 339 339 384 384 340 340 340 0 0 0
0 0 281 281 59 125 125 288 192 192 104 104 350 350 58 226 226 226 226 398 199 51 51 331 17 17 375 375 326 326 74 299 299 71 285 285 285 217 217 127 127 10 384 384 262 342 340 0 0 0
0 0 281 281 59 125 196 192 192 192 187 271 271 350 58 226 393 393 243 243 243 331 331 331 389 389 375 375 326 74 74 299 299 71 71 71 121 121 121 121 127 10 10 262 262 342 342 0 0 0
0 0 59 59 59 125 196 192 192 187 187 271 271 350 58 58 300 393 243 243 366 366 366 140 389 389 182 182 326 326 74 74 5 5 5 362 14 14 14 121 127 10 10 262 262 307 342 342 0 0
0 0 59 59 53 53 196 196 196 187 187 356 76 76 76 300 300 393 243 243 366 366 366 140 96 96 182 182 182 326 312 312 5 5 5 362 14 39 39 39 39 307 307 307 307 307 224 224 0 0
302 302 302 302 53 53 135 135 273 273 273 356 356 76 76 300 46 46 360 277 140 140 140 140 96 96 12 12 12 326 312 364 256 256 362 362 363 363 392 392 39 307 191 191 346 346 224 224 0 0
15 15 233 233 91 135 135 93 216 216 273 356 356 185 300 300 46 360 360 277 140 140 336 336 336 115 12 12 12 368 312 364 256 256 189 363 363 363 392 392 27 191 191 191 346 346 0 0 0 0
15 15 165 233 91 91 93 93 216 201 185 185 185 185 300 46 46 360 360 277 38 38 336 336 336 115 115 153 153 368 368 364 364 256 189 189 189 363 80 80 27 191 191 191 0 0 0 0 0 0
315 165 165 233 57 91 133 93 216 201 201 201 185 185 185 46 85 85 85 277 282 38 38 336 115 115 212 153 153 368 368 328 272 272 272 272 25 25 80 80 27 22 344 344 260 260 0 0 0 0
315 165 57 57 57 133 133 93 333 333 382 382 382 365 365 365 365 250 85 282 282 183 249 249 212 212 212 153 153 328 328 328 208 62 62 62 25 25 80 80 27 22 344 344 134 260 0 0 0 0
315 315 267 267 133 133 323 93 93 333 195 195 382 218 218 218 218 250 282 282 282 183 249 376 376 376 376 2 2 328 253 208 208 62 43 43 43 99 99 80 27 22 344 344 134 260 291 291 0 0
252 267 267 267 267 267 323 323 333 333 195 195 194 194 218 218 266 250 250 119 119 183 249 376 376 136 154 154 2 2 253 208 298 298 43 106 99 99 369 80 325 22 219 344 134 134 291 291 0 0
252 252 252 190 190 190 190 323 304 304 195 194 194 235 266 266 266 266 119 119 141 183 183 136 136 136 154 2 2 253 253 208 298 106 106 106 369 369 369 325 325 219 219 138 138 291 291 0 0 0
0 0 0 142 142 190 190 190 304 304 195 131 131 235 235 266 266 266 141 141 141 141 337 337 337 337 154 234 234 314 314 208 298 298 65 293 293 257 325 325 325 219 219 138 138 138 291 0 0 0
0 0 0 142 142 142 13 304 304 304 122 131 131 114 235 143 143 141 141 385 385 385 337 329 329 337 234 234 234 314 314 208 65 65 65 293 293 257 257 64 64 168 168 168 168 305 291 0 0 0
0 0 0 0 0 242 13 13 13 122 122 131 114 114 361 361 143 143 143 385 313 313 176 176 329 329 316 316 234 237 237 237 65 65 65 293 293 293 257 64 64 168 379 379 305 305 86 86 0 0
0 0 0 0 0 242 242 242 122 122 122 114 114 114 361 8 8 371 371 313 313 313 176 176 176 176 113 316 316 237 237 390 207 207 65 88 88 88 151 151 151 151 379 379 305 305 86 86 0 0
0 0 0 0 0 242 242 7 7 7 98 98 98 114 361 341 8 371 371 42 42 42 42 176 113 113 113 36 36 390 390 390 207 207 110 88 67 67 67 334 334 151 157 157 305 0 0 0 0 0
0 0 0 0 0 248 332 332 7 7 98 180 180 341 341 341 8 8 324 324 42 42 156 113 113 113 87 87 36 36 36 36 110 110 110 276 276 317 67 109 334 338 338 157 157 0 0 0 359 359
0 306 0 0 0 248 332 332 332 332 180 180 180 341 341 341 210 8 324 324 301 301 156 156 174 174 87 87 9 9 36 36 264 264 276 276 317 317 109 109 334 338 284 357 357 0 0 0 359 359
0 306 0 0 0 248 274 274 332 332 180 180 180 381 381 210 210 8 81 81 301 301 68 156 174 174 32 32 32 9 9 264 264 264 264 264 317 317 317 109 338 338 284 357 357 0 0 0 29 29
306 306 0 0 0 248 274 274 274 348 112 112 381 381 349 210 210 81 81 81 202 202 68 68 174 146 146 146 32 117 117 117 377 377 163 264 317 383 383 109 109 213 284 0 0 0 0 0 29 29
306 0 0 0 0 367 367 348 348 348 112 112 335 335 349 349 349 349 108 202 202 68 68 68 174 146 146 146 146 117 117 117 377 377 163 251 251 383 383 213 213 213 284 0 0 0 0 0 29 29
31 31 0 318 318 367 367 348 348 348 30 30 335 335 181 181 108 108 108 95 95 289 289 244 244 244 244 244 309 309 309 309 377 377 163 251 251 239 239 171 171 171 284 0 0 72 72 35 35 29
48 31 31 318 318 367 296 97 97 97 97 30 181 181 181 181 108 92 92 95 95 289 289 289 289 289 236 236 322 309 309 144 144 144 163 251 251 239 239 171 173 259 284 284 0 72 35 35 35 29
48 48 28 296 296 296 296 97 129 129 246 30 103 103 347 347 108 92 92 241 241 241 66 66 66 319 236 236 322 322 322 144 144 144 144 177 177 150 173 173 173 259 37 37 37 72 35 35 254 206
48 48 28 296 296 296 129 129 129 129 246 246 103 103 347 347 391 391 391 241 241 241 66 66 319 319 200 200 311 311 311 311 311 388 388 388 177 150 150 150 259 259 37 23 23 55 254 254 254 206
1 1 28 28 28 229 129 129 82 82 246 246 73 73 347 347 275 275 391 327 40 40 66 66 319 319 200 200 311 263 263 263 263 388 320 373 177 303 303 303 303 303 303 23 23 55 55 55 55 206
166 1 1 145 145 229 0 0 82 82 246 246 73 73 215 347 275 275 275 327 40 40 149 353 319 319 0 330 330 34 34 263 320 320 320 373 373 6 6 6 6 6 286 286 286 400 400 116 116 206
166 166 166 145 145 229 0 0 82 56 56 56 215 215 215 215 215 0 327 327 327 149 149 353 209 209 0 330 330 34 34 34 21 320 320 373 373 345 345 0 6 0 0 0 286 400 400 116 116 50
166 166 0 0 0 229 0 0 56 56 56 56 215 215 0 0 0 0 0 327 327 149 149 353 209 209 0 0 330 34 34 21 21 230 230 345 345 345 0 0 0 0 0 0 0 255 255 255 255 50
283 283 0 0 0 229 0 0 56 397 397 397 45 45 45 0 0 290 0 0 214 214 353 353 0 0 0 0 0 0 21 21 148 230 230 345 345 94 0 0 0 0 0 0 0 0 0 0 0 50
283 283 0 0 0 0 0 0 0 397 397 100 45 175 175 0 290 290 107 107 214 214 353 0 0 0 0 0 0 0 0 90 148 148 94 94 94 94 0 0 0 0 0 0 0 0 0 0 0 50
283 283 0 0 0 0 0 0 0 100 100 100 45 175 175 0 290 290 107 107 132 132 132 132 132 0 0 0 0 90 90 90 148 148 94 94 94 0 0 0 0 0 0 0 0 0 0 0 0 50
