50 400 20
82284 1289
70113 1237
66513 1272
78960 1211
93269 1124
67136 1990
66985 1718
53229 1933
84657 1743
75175 1909
87059 1822
60493 1268
65021 1536
95935 1476
64169 1845
51007 1140
83782 1693
94876 1134
57684 1582
60802 1309
99816 1173
59430 1014
88909 1210
57023 1635
83313 1670
55580 1357
62894 1235
66913 1847
86901 1835
70034 1161
62163 1430
96867 1272
84696 1801
93503 1115
70542 1176
62336 1219
81870 1316
53110 1958
87516 1175
73892 1441
66120 1656
98000 1121
94775 1102
96587 1807
97056 1853
85013 1666
57541 1005
63881 1070
67520 1451
68774 1542
83076 1567
71482 1438
79257 1306
94535 1833
94537 1410
91650 1654
80503 1538
52461 1347
75560 1145
83685 1056
87853 1890
85760 1222
94248 1592
70344 1602
53027 1268
59852 1164
75406 1043
59415 1522
58685 1192
50743 1292
67384 1532
78718 1861
55310 1129
92718 1995
60375 1600
79975 1111
90281 1113
64316 1586
89718 1262
51013 1230
70900 1287
50004 1400
50171 1613
68409 1966
77371 1689
77024 1969
68398 1800
78142 1013
88318 1685
50240 1050
57891 1515
52731 1851
54946 1460
95917 1572
85430 1426
71258 1034
50278 1547
61604 1738
66585 1518
99118 1875
60101 1884
54656 1258
90548 1188
96459 1934
59883 1944
64068 1987
99710 1419
74267 1478
60067 1033
79168 1858
93259 1414
92332 1233
54485 1111
91025 1277
96481 1592
88615 1167
78293 1707
75598 1737
65935 1473
81262 1041
64169 1128
99181 1777
77982 1804
85377 1179
52937 1056
59691 1451
63375 1258
51993 1708
82380 1836
93953 1197
89164 1536
55584 1787
87269 1707
81507 1074
65012 1254
62624 1574
81539 1183
58095 1827
96632 1371
58275 1817
58605 1377
68459 1880
54920 1811
99542 1306
68930 1901
70199 1639
50255 1757
85465 1532
60301 1222
79572 1663
93137 1660
97455 1189
97192 1122
55132 1828
80998 1462
55758 1598
96899 1151
57439 1100
72533 1215
54468 1060
68605 1216
88987 1981
51503 1825
93747 1415
50857 1014
58077 1016
64050 1397
70036 1975
73934 1034
70434 1689
75217 1566
50684 1749
80863 1712
74247 1501
85508 1987
85480 1916
75389 1986
56234 1346
79164 1486
83241 1279
74893 1402
88947 1349
78381 1756
98129 1840
82780 1173
85374 1178
59713 1356
92577 1441
80414 1944
58309 1379
65724 1315
85568 1110
69472 1799
94867 1295
72938 1565
63119 1843
62530 1105
52832 1360
97900 1466
55947 1697
89565 1754
95191 1773
89985 1886
73455 1395
93382 1941
65926 1605
68536 1628
70067 1504
55789 1215
59523 1151
84732 1829
78416 1436
97081 1669
73386 1233
90920 1584
66736 1000
93300 1013
96440 1613
74361 1840
55618 1488
78367 1087
50305 1235
52611 1085
73505 1729
85762 1279
72417 1483
61221 1475
77922 1644
83523 1988
95370 1611
73918 1325
59782 1745
73029 1100
63956 1931
94207 1078
98575 1045
52741 1335
76032 1382
57441 1154
78748 1442
51047 1588
90299 1640
84714 1495
79677 1466
62766 1672
86103 1478
51283 1949
79307 1070
87893 1954
95129 1340
72794 1256
65976 1066
89455 1598
54452 1793
51465 1199
80017 1433
84371 1369
71652 1889
77507 1740
53098 1662
83838 1041
51403 1425
65625 1388
68103 1171
94362 1609
54991 1629
70969 1634
78601 1528
50969 1904
59643 1264
91835 1951
68988 1087
70107 1165
50373 1562
76270 1823
52964 1519
52354 1016
85410 1136
79035 1744
81183 1969
93190 1977
93889 1675
94767 1503
61248 1896
55050 1267
99972 1036
80738 1430
97524 1388
78086 1575
71523 1932
99715 1551
94199 1744
56046 1887
89106 1724
51337 1453
57595 1454
85811 1615
53729 1772
69801 1483
79609 1016
66749 1020
84235 1944
80854 1157
89853 1371
77663 1531
74236 1582
61441 1895
84049 1860
89821 1691
50826 1598
98061 1309
65676 1437
69430 1051
74168 1405
74750 1514
63362 1543
85852 1857
95908 1029
56329 1166
80567 1978
94256 1429
89068 1301
89912 1747
68271 1850
78017 1000
88110 1896
54390 1988
72127 1368
70543 1742
92622 1000
59558 1226
83821 1325
78990 1381
75374 1918
63225 1427
59438 1103
55059 1519
99637 1827
79660 1072
73969 1338
81776 1168
98901 1189
94402 1082
82208 1420
90636 1398
92505 1751
97005 1546
64958 1240
54504 1910
96780 1367
84873 1319
87536 1993
52540 1003
98954 1043
70500 1298
81626 1299
55846 1800
63589 1119
87312 1994
86373 1963
61339 1591
55386 1575
64717 1934
92258 1666
68031 1287
91900 1849
61122 1952
67246 1085
78722 1018
80986 1367
51676 1794
80738 1373
60133 1120
65726 1022
96446 1728
52784 1682
67320 1668
82190 1588
97693 1378
68998 1177
73503 1715
95846 1968
83537 1047
75588 1326
56445 1806
74960 1097
59589 1752
69787 1792
84594 1701
88679 1947
85500 1821
79682 1736
92557 1218
53438 1627
64088 1658
63374 1359
99007 1643
66655 1820
60278 1087
90983 1000
269 0 0 0 0 0 0 0 0 0 0 0 0 0 0 0 0 0 0 0 0 0 117 117 117 117 117 0 0 0 0 264 0 0 211 0 0 0 0 0 165 165 21 21 21 71 71 187 187 187
269 0 0 0 0 0 0 0 0 0 0 0 0 0 0 0 0 0 0 0 0 0 0 0 369 369 117 0 0 0 0 264 0 0 211 0 0 0 0 0 0 165 165 21 21 71 71 71 0 187
269 269 231 0 0 0 0 0 0 0 0 0 335 335 335 0 0 0 0 0 0 0 0 0 369 369 44 285 285 392 392 264 264 244 211 0 0 360 360 360 0 0 307 130 130 0 0 0 0 0
269 269 231 0 0 0 0 0 0 0 74 74 335 0 0 0 0 0 0 0 207 207 207 369 369 369 44 285 285 392 392 392 264 244 211 0 62 62 62 360 341 341 307 130 130 0 0 0 0 0
304 304 231 231 175 185 185 0 0 0 74 74 398 398 0 0 0 0 0 0 207 207 237 60 60 60 44 44 87 202 202 28 28 244 211 211 19 19 62 360 341 341 307 0 0 0 0 0 0 0
304 304 175 175 175 185 0 0 0 0 74 138 138 398 398 144 144 0 0 0 250 250 237 60 60 111 111 87 87 202 202 28 28 244 95 95 19 19 62 188 188 307 307 0 0 0 0 0 0 0
205 205 205 175 175 185 157 157 0 0 368 138 138 186 186 144 0 0 0 250 250 237 237 316 316 111 111 87 87 202 64 64 28 95 95 95 88 88 188 188 188 51 51 0 0 0 0 0 0 0
283 283 205 152 152 157 157 300 300 0 368 138 138 186 186 144 0 234 0 0 76 76 66 66 316 316 316 348 348 202 64 64 164 164 164 164 88 88 188 188 188 51 361 361 361 0 142 169 169 169
283 283 152 152 10 157 157 300 300 368 368 138 163 163 144 144 234 234 0 0 76 76 66 66 316 316 348 348 348 210 210 210 210 164 164 164 324 324 324 324 324 51 361 361 361 0 142 142 169 169
363 363 217 217 10 10 157 156 156 156 156 356 356 163 163 144 234 180 180 180 180 180 66 66 204 316 348 348 348 210 210 210 201 303 53 53 323 323 323 179 324 179 361 0 0 0 0 142 169 169
363 363 217 217 217 10 270 270 91 156 156 172 356 356 120 120 234 180 180 37 37 37 204 204 204 40 40 352 86 86 201 201 201 303 53 53 323 271 271 179 179 179 328 328 166 260 260 142 142 169
363 363 100 100 100 270 270 91 91 156 156 172 172 172 120 120 331 331 37 37 83 83 204 204 204 204 40 352 86 86 86 201 201 303 303 53 271 271 259 259 328 328 328 166 166 260 260 68 0 0
394 394 100 128 128 128 91 91 284 12 12 137 172 172 120 120 331 331 37 83 83 83 332 332 332 332 40 352 326 86 378 201 246 334 334 53 265 298 298 259 328 233 233 166 166 81 81 68 0 0
394 394 100 128 128 128 200 126 284 12 12 137 137 172 172 331 331 331 37 108 108 97 97 332 332 332 40 352 326 378 378 201 246 334 334 265 265 298 298 259 233 233 291 291 166 81 68 68 366 366
394 394 394 394 128 236 200 126 284 150 12 137 137 190 69 69 69 69 37 108 108 97 97 349 349 349 349 326 326 378 378 378 246 246 246 265 265 177 177 124 124 124 291 291 26 81 327 327 366 366
395 395 171 171 236 236 200 126 284 150 137 137 150 190 190 190 69 273 273 108 108 108 280 280 312 390 390 390 326 378 378 293 103 115 115 115 265 177 177 124 42 42 344 344 26 26 327 195 195 346
395 395 171 171 236 236 200 126 284 150 150 150 150 302 302 302 302 273 273 336 336 336 280 280 312 312 312 390 293 293 293 293 103 115 115 115 177 177 177 42 42 344 344 344 26 239 327 195 195 346
395 131 136 136 136 136 213 213 213 101 101 199 199 302 377 121 121 196 196 261 336 336 280 67 67 212 212 212 293 85 184 184 103 103 178 178 321 321 321 389 82 82 26 26 26 239 327 346 346 346
395 131 136 131 275 275 213 213 213 101 101 146 199 199 377 121 121 377 196 261 47 47 47 67 67 212 212 251 293 85 184 184 103 103 178 178 321 389 389 389 208 82 82 247 239 239 9 9 9 9
395 131 131 131 275 241 241 197 197 75 75 146 146 146 377 377 377 377 196 261 261 261 47 67 67 251 251 251 85 85 184 70 70 289 289 18 333 208 208 208 208 247 247 247 181 248 248 248 248 9
395 131 275 275 275 241 241 197 197 23 75 75 146 146 377 279 279 129 129 129 277 277 343 343 67 238 251 251 34 34 351 70 70 289 289 18 333 333 333 333 333 247 181 181 181 96 148 148 148 9
0 275 275 29 29 29 29 105 105 23 23 23 173 173 266 279 279 279 129 129 277 277 277 343 238 238 110 110 34 34 351 351 24 24 24 18 221 214 214 214 16 16 181 181 181 96 148 148 123 123
0 0 0 29 29 0 0 105 105 227 25 173 173 266 266 272 272 272 272 272 340 340 340 343 238 209 110 110 89 89 89 351 24 24 24 18 221 214 214 214 16 16 338 338 96 96 104 104 123 123
65 65 0 0 0 0 0 149 227 227 25 25 266 266 319 8 8 8 272 272 243 243 340 393 393 209 209 209 89 89 351 351 30 30 337 337 221 153 153 214 16 16 338 338 50 104 104 13 159 159
65 65 371 371 0 0 36 149 227 222 313 25 319 319 319 8 281 281 357 357 243 243 339 339 393 209 209 192 192 89 351 30 30 30 337 221 221 153 153 214 191 299 299 50 50 15 15 13 159 159
65 65 371 400 400 36 36 149 227 222 313 31 31 31 281 281 281 357 357 399 399 399 339 339 393 329 329 329 192 192 30 30 141 30 337 221 221 221 153 191 191 299 299 50 41 15 15 13 0 0
0 0 371 371 400 400 36 149 222 222 313 313 31 31 112 112 112 357 357 2 2 399 339 339 329 329 287 329 314 314 314 314 141 337 337 73 73 73 191 191 365 365 50 50 41 41 33 13 0 0
0 151 151 151 36 36 36 149 149 282 282 282 31 31 112 353 353 357 383 2 2 399 339 372 372 287 287 329 314 314 314 314 141 337 337 73 73 73 191 232 365 365 223 223 267 41 33 13 297 297
0 151 151 151 391 391 391 149 149 282 282 282 242 353 353 353 353 357 383 383 399 399 375 372 372 287 287 290 290 203 77 141 141 216 216 216 216 73 191 232 232 232 223 223 267 41 33 33 297 297
0 0 90 90 5 5 391 295 134 134 134 134 242 242 242 242 353 362 362 383 383 245 375 145 145 287 290 290 198 203 77 77 77 216 342 342 342 73 43 43 43 232 355 355 267 33 33 257 257 257
0 0 90 5 5 295 295 295 295 134 134 189 242 242 358 358 362 362 362 245 245 245 375 145 145 145 32 32 198 203 203 203 203 203 342 342 342 194 194 43 43 43 355 355 267 22 22 257 257 257
0 0 90 5 5 5 295 295 295 296 296 189 189 189 358 358 35 125 362 132 132 132 375 193 145 145 32 32 198 198 127 127 127 127 396 396 292 318 194 194 318 355 355 7 7 22 0 0 0 0
0 0 354 354 330 330 162 162 162 296 380 380 380 380 35 35 35 125 125 132 262 262 375 193 193 193 6 32 198 127 127 158 158 158 396 292 292 318 318 318 318 355 355 7 7 22 0 0 0 0
0 354 354 315 330 45 162 162 162 296 143 143 218 380 35 306 139 139 125 262 262 17 17 373 373 72 6 170 198 198 253 158 258 311 396 292 292 310 4 4 4 4 4 7 7 274 274 0 0 0
58 220 220 315 330 45 45 45 45 143 143 143 218 255 306 306 139 139 55 262 262 17 17 373 373 72 6 170 170 198 253 258 258 311 311 292 292 310 4 397 397 397 397 397 7 274 274 0 0 0
58 220 220 315 315 315 315 113 118 143 143 218 218 255 306 306 306 55 55 262 262 107 147 373 373 72 6 170 385 385 253 253 258 258 311 292 310 310 370 397 374 376 376 376 154 154 154 0 0 0
58 301 301 167 113 113 113 113 118 118 386 386 218 255 255 306 306 55 160 294 107 107 147 147 72 72 170 170 385 385 253 258 258 311 311 122 122 122 370 397 374 374 374 376 154 0 0 0 0 0
58 301 301 167 167 94 49 49 49 118 386 386 218 119 119 119 55 55 160 294 107 294 147 147 230 230 230 230 385 385 27 27 27 38 122 122 370 370 370 102 102 102 224 224 224 0 0 325 387 387
58 58 167 167 167 94 49 254 254 386 386 218 218 56 56 119 268 160 160 294 294 294 219 219 219 59 59 174 98 98 98 98 27 38 122 122 309 309 364 364 364 102 224 226 226 325 325 325 387 387
58 58 0 0 0 94 254 254 254 135 320 320 286 56 56 56 268 268 268 48 48 235 235 219 219 59 59 174 174 98 98 98 38 38 345 345 309 309 364 364 224 224 224 20 226 325 325 347 0 0
0 0 0 0 0 94 94 94 135 135 320 320 286 286 56 56 79 79 48 48 114 235 235 235 219 263 263 174 174 11 11 11 206 206 345 345 288 288 288 0 20 20 20 20 226 226 347 347 0 0
54 0 0 228 0 0 0 0 135 135 135 135 84 286 155 155 79 79 48 48 114 235 215 215 215 215 263 263 11 11 11 11 206 206 206 78 288 288 288 0 0 0 0 382 382 382 382 347 46 0
54 0 0 228 52 52 52 52 183 183 183 183 84 84 155 155 379 379 48 48 114 114 3 3 3 133 133 381 0 0 0 0 78 78 78 78 288 39 0 0 0 0 0 106 382 382 382 347 46 46
54 388 388 228 52 14 14 183 183 183 0 0 84 84 61 61 61 379 379 379 379 114 3 3 3 133 133 381 381 381 0 0 0 0 0 39 39 39 0 0 0 0 0 106 106 106 382 168 0 46
54 388 388 228 14 14 229 1 0 0 0 0 84 84 84 57 61 140 379 93 93 114 99 249 249 80 80 0 0 381 0 0 0 0 0 0 0 225 0 0 0 0 0 359 359 168 168 168 0 0
54 388 388 14 14 14 229 1 1 0 0 0 0 0 57 57 61 140 93 93 93 114 99 99 249 80 80 0 0 0 0 0 0 0 0 0 0 225 63 63 0 0 359 359 359 168 168 168 0 0
367 367 0 278 278 229 229 0 1 0 0 0 0 0 57 57 61 140 140 305 161 161 99 99 249 80 80 350 0 0 0 0 0 0 225 225 225 225 63 63 0 0 0 0 0 182 0 0 0 0
367 367 0 278 278 278 0 0 1 0 0 116 116 116 256 256 61 176 140 305 161 317 0 0 0 0 0 350 350 0 0 0 0 0 225 225 240 240 63 63 0 0 0 0 0 182 0 0 0 0
384 384 0 0 0 0 0 0 1 0 0 276 276 116 256 256 61 176 176 305 161 317 317 0 0 0 0 0 350 308 308 0 0 0 322 240 240 252 252 0 0 0 109 0 0 182 0 182 92 92
384 384 384 0 0 0 0 1 1 0 0 0 276 276 276 276 176 176 176 305 305 317 317 0 0 0 0 0 308 308 308 0 322 322 322 240 252 252 252 0 0 0 109 109 109 182 182 182 92 92
