50 400 20
65636 1614
95363 1727
50366 1942
54543 1893
52527 1147
55688 1122
97543 1998
79957 1535
63649 1583
99127 1240
83373 1108
76522 1955
55728 1400
57497 1192
73229 1682
54745 1362
52514 1775
65052 1998
83424 1041
84370 1799
64670 1105
62426 1491
61079 1778
77644 1192
70111 1635
93078 1103
67544 1887
56768 1416
83621 1402
53353 1114
66008 1832
95914 1897
55945 1029
73521 1120
62912 1263
83073 1451
90694 1295
68435 1288
68035 1121
79385 1134
97593 1858
54816 1383
95956 1882
69266 1678
78561 1080
89180 1948
93066 1741
72407 1289
72723 1120
96312 1286
74833 1168
96205 1971
96147 1265
56403 1185
92213 1683
65169 1384
91749 1429
69050 1953
97711 1679
78954 1825
85548 1920
90939 1777
86634 1343
51140 1727
55289 1790
68172 1838
95722 1013
74288 1685
96304 1974
67329 1877
62916 1315
93484 1243
50843 1354
94744 1119
67182 1578
96991 1640
60855 1447
55550 1794
82907 1615
51541 1192
90796 1727
79954 1143
93888 1208
77927 1950
56801 1006
66633 1664
90629 1146
97476 1785
51739 1839
92896 1261
94019 1173
67538 1159
57270 1060
77508 1279
77517 1519
75032 1616
72142 1462
81080 1391
84147 1672
55540 1194
61674 1287
61930 1755
89233 1637
64927 1358
86097 1244
68005 1522
52187 1629
61372 1237
56128 1480
97250 1463
77208 1096
64277 1723
70073 1397
85774 1740
94660 1609
61664 1797
71790 1021
94450 1990
71238 1965
94567 1646
70899 1608
82288 1857
64425 1188
87115 1756
69480 1775
68234 1133
67517 1581
78672 1494
73036 1061
55307 1146
97000 1512
67665 1162
84494 1668
68369 1203
61735 1057
67139 1899
52256 1658
74795 1390
93585 1330
91577 1601
84459 1203
75968 1561
95039 1552
56024 1443
53429 1278
50948 1572
88413 1790
79042 1319
56106 1246
99427 1473
73803 1056
94603 1128
97777 1359
70136 1404
81399 1670
65917 1587
99590 1305
93708 1204
64050 1214
82789 1412
89184 1016
99262 1959
96812 1701
74099 1758
99626 1488
60452 1112
89608 1881
94643 1957
83989 1477
70160 1939
85783 1181
78847 1051
90273 1191
52768 1790
74084 1143
93247 1614
96593 1595
86054 1794
90936 1528
64003 1728
74410 1526
61654 1940
70350 1351
65783 1750
59739 1613
81083 1397
79806 1216
83125 1974
82994 1619
79083 1925
56384 1506
60402 1791
69095 1220
71767 1883
86258 1143
65352 1708
93329 1170
68989 1217
95273 1657
56866 1183
58800 1111
59792 1825
75678 1123
77277 1520
63759 1516
67067 1104
78727 1484
56501 1569
80659 1792
69428 1914
64001 1032
90893 1498
83739 1462
77074 1779
72024 1863
75356 1913
80756 1785
81448 1411
51068 1760
70640 1938
83255 1433
85334 1281
53824 1111
98099 1051
69476 1832
63846 1894
51293 1686
82865 1732
93874 1293
60097 1671
59136 1716
79295 1547
59529 1981
72687 1465
53252 1399
61289 1551
56809 1492
68995 1480
83005 1284
92749 1792
50838 1034
81887 1463
62877 1641
60408 1188
65883 1816
53137 1278
74201 1230
81637 1030
51022 1950
83993 1692
82015 1222
69462 1825
97216 1960
81531 1735
52953 1962
67148 1510
62438 1218
97867 1297
69159 1408
97269 1320
69672 1353
57029 1794
80084 1662
63763 1949
98363 1456
82811 1627
59431 1026
50806 1051
78033 1102
53387 1631
64498 1562
82899 1472
78906 1401
98021 1259
51022 1221
89168 1446
83719 1920
57583 1498
61132 1622
76766 1045
86709 1621
59803 1934
57837 1213
85479 1601
74537 1968
52519 1913
65081 1509
84862 1341
86050 1569
64926 1237
72101 1641
73552 1388
57312 1368
74953 1265
78108 1365
62920 1822
83253 1832
52556 1160
60757 1802
95495 1822
95385 1109
80979 1717
68092 1339
58220 1358
55839 1205
74745 1553
76446 1630
72155 1061
98086 1458
67132 1098
74273 1268
75681 1404
54512 1617
62839 1689
88953 1732
66065 1161
65010 1226
87932 1181
77064 1533
52416 1403
99771 1726
69758 1105
96424 1893
66535 1746
53260 1881
99151 1099
53256 1716
85994 1145
53824 1789
62629 1240
56187 1007
87485 1273
51139 1986
94133 1757
54856 1522
73573 1698
59079 1993
89761 1276
95949 1071
52583 1728
67556 1347
83795 1904
98587 1561
93838 1596
92728 1204
72439 1862
82150 1858
83453 1741
96244 1385
90086 1288
58673 1055
51221 1632
57453 1902
89582 1914
85232 1712
60157 1611
62823 1180
88842 1128
58032 1779
87942 1907
66553 1200
68988 1473
82214 1287
80438 1760
72212 1728
63945 1021
89573 1812
78143 1090
89032 1574
99333 1558
86215 1082
68864 1358
88946 1122
95730 1996
64915 1613
89305 1533
50158 1311
57991 1839
73817 1425
72380 1209
58480 1574
85599 1749
59231 1848
53912 1797
63163 1216
60711 1506
53756 1316
81940 1233
84923 1092
92921 1160
97783 1980
57374 1653
93257 1107
93589 1319
91906 1642
98161 1197
74079 1676
90264 1949
87738 1402
92373 1492
0 0 0 259 259 0 0 0 0 0 60 60 0 138 138 138 138 0 0 232 232 232 0 0 0 0 0 0 0 0 0 103 367 367 367 367 252 252 0 0 0 0 0 128 128 0 0 0 0 0
0 0 0 259 259 0 50 0 0 0 60 0 0 138 138 138 138 0 0 0 232 232 232 0 0 0 0 0 0 0 0 103 103 103 252 252 252 252 0 336 0 0 0 128 201 0 0 0 0 0
0 0 0 259 259 50 50 0 60 60 60 0 0 133 133 133 133 277 277 376 376 376 40 40 178 178 178 178 200 0 0 0 103 103 252 252 336 336 336 336 0 0 0 128 201 0 0 0 241 241
0 0 0 0 0 50 50 0 0 324 324 370 370 269 269 269 277 277 277 100 100 376 40 40 333 333 20 200 200 212 212 393 103 103 334 334 334 334 334 0 0 0 0 128 201 0 0 0 241 241
0 0 0 0 0 50 50 324 324 324 324 370 370 269 222 269 195 195 277 100 100 77 77 41 333 333 20 200 200 212 212 393 129 129 129 0 0 0 0 0 338 338 49 49 201 326 326 7 7 7
0 0 0 0 0 289 289 289 289 324 324 185 185 185 222 269 195 195 277 277 100 145 77 41 41 20 20 20 65 65 65 393 54 129 129 0 0 0 163 163 338 338 49 49 184 184 326 326 7 7
0 323 323 0 0 289 289 289 380 380 185 185 53 53 222 222 161 91 91 91 96 145 77 41 41 388 388 388 65 244 393 393 54 54 37 0 169 169 163 163 338 338 14 14 184 184 184 0 0 0
0 323 323 0 0 360 71 71 380 380 113 53 53 53 53 161 161 91 91 91 96 145 145 41 388 388 388 388 65 244 393 253 253 54 37 0 169 169 169 169 169 70 70 14 184 184 0 0 0 0
0 19 323 0 0 360 71 71 361 361 113 53 53 63 63 161 300 91 96 96 96 11 11 266 266 266 266 78 78 244 393 253 253 253 37 37 135 51 51 342 342 70 70 14 14 278 0 0 104 104
0 19 19 19 0 360 360 71 361 361 113 113 63 63 392 392 300 91 96 148 189 189 11 266 97 97 266 78 78 244 172 221 221 226 226 33 135 135 51 51 342 168 30 30 14 278 104 104 104 15
35 35 35 19 0 0 98 228 274 274 274 274 45 392 392 392 300 300 300 148 148 189 11 266 97 97 309 309 309 309 172 221 221 221 226 33 135 135 61 342 342 168 87 30 30 278 278 15 15 15
35 35 105 19 0 0 98 228 228 228 16 45 45 45 45 392 300 300 315 315 148 189 11 266 97 97 309 309 172 172 172 221 92 92 226 33 33 33 61 61 61 168 87 12 278 278 278 15 15 15
35 219 105 19 0 98 98 228 16 16 16 45 279 45 45 245 245 300 315 315 108 108 108 108 97 97 84 175 175 284 284 92 92 21 121 121 121 198 198 168 168 168 87 12 122 122 122 122 255 255
219 219 105 105 0 0 0 228 313 313 313 313 279 47 47 245 205 205 315 315 352 352 170 170 170 84 84 175 175 284 284 284 92 21 121 121 121 198 198 168 359 359 87 12 239 239 263 263 255 255
219 219 219 139 0 0 371 75 75 75 75 313 279 279 47 245 205 205 315 352 352 352 170 170 170 84 6 6 6 284 284 92 92 21 21 140 312 198 198 198 111 359 359 12 239 239 263 263 167 255
219 154 0 139 139 139 371 371 186 186 186 186 157 157 47 343 343 183 183 258 373 373 373 319 319 6 6 27 27 115 115 92 140 140 140 140 312 312 312 198 111 111 111 12 12 12 389 167 167 255
154 154 0 0 0 0 371 371 236 236 298 298 157 157 47 343 343 183 183 258 373 373 373 319 319 251 251 27 27 115 115 387 345 345 358 358 358 31 131 131 131 131 374 374 374 38 389 167 167 255
154 0 0 230 230 328 328 371 34 236 298 298 290 290 59 59 59 59 283 258 373 373 319 319 319 251 27 27 27 387 387 387 345 345 358 358 358 31 31 31 237 131 237 237 374 38 389 389 120 301
154 0 0 0 230 328 328 328 34 236 166 166 290 290 90 90 174 283 283 258 258 258 294 294 319 251 142 142 142 387 387 387 147 147 358 311 311 383 31 31 237 237 237 237 38 38 391 120 120 301
154 0 0 0 230 282 282 76 34 34 34 166 166 90 90 174 174 283 150 150 150 150 294 251 251 251 142 106 106 191 191 191 147 147 311 311 311 383 383 31 363 237 38 38 38 38 391 120 137 301
154 0 348 348 348 282 282 76 308 308 308 166 166 36 36 224 174 174 150 150 150 150 294 320 320 320 142 106 106 191 191 191 375 375 375 375 214 214 383 31 363 363 225 225 225 391 391 137 137 301
0 0 348 348 264 264 282 76 308 308 166 166 36 36 36 224 174 174 357 357 240 240 240 320 320 320 117 117 164 164 164 164 164 375 375 375 214 214 126 363 363 363 225 353 225 391 57 137 207 207
114 132 132 132 264 264 310 310 310 24 24 0 0 0 0 224 224 357 357 357 240 240 229 165 165 320 117 117 164 109 109 109 164 332 332 375 126 126 126 39 39 363 225 353 58 58 57 57 207 207
114 132 132 132 0 118 118 310 310 24 24 24 24 0 0 0 0 303 303 240 240 240 229 165 165 320 187 187 164 109 109 5 5 332 385 385 385 126 42 39 39 353 353 353 233 58 57 57 57 207
114 249 0 132 0 118 118 118 24 24 0 0 0 0 0 0 0 303 303 80 80 229 229 215 215 153 187 187 187 187 5 5 332 332 385 385 385 385 42 42 246 353 353 353 233 58 57 262 262 0
114 249 0 0 0 0 0 0 0 0 0 0 0 0 0 0 28 8 80 80 80 229 229 215 215 153 160 160 187 5 5 5 124 124 272 272 272 272 43 42 246 246 246 233 233 233 262 262 262 0
249 249 0 0 0 0 0 0 341 341 341 0 0 0 0 28 28 8 355 355 229 229 218 69 69 153 153 160 160 5 257 257 124 124 272 272 327 327 43 43 43 344 204 204 204 314 314 314 0 0
0 0 0 0 0 0 0 0 377 341 341 217 0 260 260 28 28 8 355 123 123 218 218 69 69 153 153 52 257 257 257 257 18 18 272 295 295 327 86 344 344 344 340 204 204 314 136 136 0 0
0 0 267 267 267 267 0 0 377 217 217 217 260 260 260 28 28 8 355 123 123 218 216 216 216 52 52 52 44 44 44 18 18 18 295 295 295 327 86 86 302 340 340 101 101 101 136 136 73 0
0 0 267 0 0 119 119 377 377 356 356 227 227 260 260 386 386 8 8 123 123 123 62 196 216 216 68 68 44 44 85 85 85 85 295 89 295 86 86 86 302 340 149 149 101 101 136 141 73 0
0 0 0 0 0 119 119 377 377 356 356 227 291 291 386 386 3 3 171 171 171 123 62 196 396 396 396 68 390 390 85 85 85 89 89 89 295 86 86 302 302 149 149 149 141 141 141 141 73 0
0 0 0 0 0 119 119 377 377 281 227 227 291 291 242 378 3 3 171 62 62 62 62 196 83 199 396 68 390 390 85 48 48 48 48 292 292 292 17 17 17 17 349 349 10 10 10 141 73 0
0 0 0 116 0 0 395 395 395 281 281 32 112 112 242 378 378 378 293 293 293 365 365 196 83 199 396 203 152 271 271 271 270 270 270 159 159 292 234 234 234 17 349 349 9 9 10 364 0 0
0 0 0 116 0 0 395 395 202 202 281 32 112 242 242 378 378 378 25 293 365 365 365 83 83 199 203 203 152 271 271 271 270 270 270 159 159 234 234 231 231 349 349 9 9 364 364 364 0 0
0 0 116 116 265 321 23 23 202 202 202 32 112 112 55 55 25 25 25 293 177 177 177 199 199 199 203 152 152 152 152 271 256 362 362 379 379 379 234 231 276 349 349 9 9 364 364 74 0 0
0 265 265 265 265 321 346 23 202 202 202 32 223 400 400 55 55 55 55 293 177 177 177 177 354 354 354 354 155 152 152 256 256 362 362 379 350 231 231 231 276 276 2 2 330 330 74 74 0 0
0 0 265 321 321 321 346 23 23 23 335 335 223 400 400 94 94 144 144 293 13 13 13 316 316 180 180 354 155 155 256 256 162 162 379 379 350 350 95 95 95 276 2 2 330 330 347 74 0 0
0 0 182 182 182 182 346 346 23 23 335 335 223 223 99 94 94 144 144 397 13 13 13 316 316 316 180 180 155 155 155 280 280 162 162 220 350 173 173 173 95 276 79 79 285 347 347 74 0 0
0 125 125 0 351 346 346 346 317 317 335 335 223 223 99 99 99 99 99 397 397 13 13 143 107 107 322 67 67 211 211 280 280 299 299 220 350 26 173 173 95 79 79 79 285 347 398 398 213 0
0 125 125 0 351 351 317 317 317 81 335 335 208 223 223 194 188 188 99 99 397 306 306 143 107 107 322 67 67 211 211 299 299 299 220 220 26 26 192 22 95 79 79 79 285 285 398 398 213 213
56 56 56 0 351 351 307 0 0 81 81 81 208 208 208 194 194 188 64 64 64 306 143 143 143 322 322 322 67 176 176 176 72 72 235 235 26 235 192 22 22 22 305 305 285 179 179 179 213 213
56 0 0 0 307 307 307 0 0 297 297 297 206 206 206 194 194 188 64 64 64 306 158 158 146 146 210 210 67 176 93 176 72 72 235 235 235 235 192 325 325 325 325 305 190 190 179 179 213 213
0 0 337 337 247 247 247 0 297 297 382 382 206 206 29 29 209 209 209 0 0 275 158 158 146 146 210 210 210 176 93 248 248 248 0 4 4 192 192 0 339 305 305 305 190 250 268 179 179 110
0 337 337 247 247 0 0 0 384 382 382 372 372 372 372 29 29 209 0 0 275 275 158 146 146 146 366 366 366 366 93 248 0 0 0 4 4 192 192 0 339 339 339 190 190 250 268 110 110 110
0 181 181 181 0 0 0 0 384 384 238 238 238 238 193 193 209 209 0 0 0 275 134 134 134 134 273 273 1 1 93 82 82 82 0 0 4 0 102 0 0 0 0 190 190 250 268 110 110 110
329 329 156 181 0 0 0 0 0 384 238 296 296 238 151 193 193 0 0 0 0 275 275 275 0 0 273 273 1 1 1 82 331 331 399 0 0 0 102 102 102 0 0 0 190 250 268 0 0 0
329 329 156 156 0 0 0 0 0 0 296 296 318 151 151 304 304 0 0 0 0 381 381 0 0 0 0 0 1 288 288 331 331 399 399 0 0 0 102 46 46 254 0 0 0 268 268 0 0 0
0 0 127 156 127 0 0 0 0 0 318 318 318 151 368 304 304 0 0 0 0 381 381 0 0 0 0 0 0 288 288 287 0 399 197 197 0 0 46 46 254 254 0 0 0 268 0 0 0 0
0 0 127 127 127 394 130 130 0 0 0 0 0 286 368 368 368 261 261 0 0 0 0 0 88 369 369 369 369 287 287 287 0 0 197 197 0 0 0 0 254 254 0 0 0 0 0 0 0 0
0 0 394 394 394 394 130 130 0 0 0 0 0 286 286 286 261 261 261 0 0 0 88 88 88 369 369 369 66 66 66 66 0 0 0 0 0 0 0 0 0 254 243 243 243 243 0 0 0 0
