50 400 20
62482 1362
54399 1776
75135 1782
68856 1566
94393 1074
74716 1649
66659 1433
71636 1682
59404 1477
59840 1787
74536 1311
79914 1255
63896 1262
87333 1059
50593 1110
73127 1196
59053 1138
55461 1997
63440 1189
65072 1446
94006 1143
81044 1867
75233 1207
72984 1529
72192 1513
65139 1865
80596 1167
63792 1508
74204 1607
57999 1528
55773 1212
64421 1701
83747 1054
83588 1372
85795 1657
88212 1260
52732 1531
61726 1092
70246 1909
64311 1500
75327 1717
90540 1293
78945 1528
69558 1277
99809 1757
86676 1945
70690 1947
91172 1733
67611 1096
51076 1565
89455 1504
67441 1342
76850 1581
53448 1282
50453 1481
57555 1455
60232 1650
68691 1702
87773 1014
95635 1840
52786 1530
64912 1133
76436 1950
67289 1854
51505 1756
74863 1631
64088 1726
61490 1414
69316 1920
50718 1747
53556 1269
50762 1468
57188 1227
52068 1399
61565 1623
74446 1059
96997 1316
62480 1345
99952 1161
82657 1525
86867 1664
60606 1584
76352 1387
94290 1286
63981 1844
96532 1144
58877 1640
83147 1706
79300 1657
81519 1029
85284 1319
82042 1986
85482 1248
54281 1885
78657 1908
70780 1608
93334 1293
55498 1412
88617 1242
52258 1559
94936 1493
65542 1197
81205 1336
73935 1708
87246 1834
63866 1166
56226 1383
95457 1293
93098 1205
71953 1736
88506 1101
52940 1426
63410 1264
81280 1757
64801 1781
96483 1397
92544 1127
91616 1226
68287 1933
83719 1059
54984 1890
64532 1957
57626 1670
53403 1017
97895 1770
76579 1492
76744 1545
52321 1761
84783 1476
72244 1712
84169 1826
98165 1659
54460 1729
92114 1228
59150 1321
68561 1177
65762 1476
89167 1737
78365 1509
82271 1176
55772 1829
73321 1986
96107 1265
71818 1429
69104 1647
75979 1512
73436 1629
76862 1699
59383 1302
75237 1377
78250 1904
99580 1366
53659 1652
84589 1058
51229 1738
99615 1700
78816 1037
66483 1519
58925 1648
75180 1689
55466 1671
92884 1376
92202 1246
86707 1544
61953 1521
90406 1697
69629 1828
60220 1712
98463 1978
73070 1292
52129 1765
88606 1608
90930 1819
88051 1152
90974 1865
98413 1350
92233 1259
68455 1197
53211 1008
65006 1472
87825 1054
81557 1013
51079 1955
62345 1018
50682 1467
61764 1452
69859 1557
61174 1476
59944 1152
93990 1051
89091 1412
81318 1635
97942 1386
51981 1142
75221 1633
86252 1648
83783 1764
72198 1806
64365 1255
60917 1153
70687 1053
60906 1135
63478 1315
83877 1868
77545 1707
78707 1597
87046 1572
91794 1878
74763 1975
73139 1852
70214 1022
64736 1678
82483 1563
80737 1952
54263 1312
70279 1802
92240 1246
71011 1259
89355 1035
80528 1441
52871 1844
72290 1854
76002 1954
61351 1559
54562 1749
50432 1634
75052 1309
96210 1944
82032 1759
67748 1457
54308 1700
68106 1931
80275 1421
74104 1199
72377 1126
66152 1865
80908 1276
71932 1688
95204 1665
93972 1003
62769 1824
91175 1605
64030 1873
56506 1003
79728 1648
51954 1297
87098 1474
99014 1126
99402 1168
80428 1371
70929 1626
94452 1313
88290 1206
70215 1790
57034 1245
68464 1049
81207 1389
59783 1082
69612 1786
60346 1701
61960 1415
79107 1785
67838 1433
74978 1289
97719 1624
59470 1819
67650 1714
80285 1012
59151 1410
70825 1324
56083 1919
82347 1150
51501 1318
60149 1920
94700 1932
97998 1302
84191 1687
89535 1084
54585 1210
93666 1202
63008 1860
60310 1340
89501 1540
58259 1495
94807 1875
71193 1699
62236 1159
98889 1037
84654 1226
67988 1776
63861 1055
77919 1345
67032 1016
54201 1409
79889 1274
70349 1872
68386 1952
83515 1313
77012 1707
67221 1873
63498 1444
71296 1687
64057 1141
74705 1380
82737 1163
65511 1013
96220 1653
71034 1439
51430 1535
59800 1555
58035 1759
52498 1109
63799 1844
56982 1168
53207 1176
74908 1801
58768 1765
68727 1779
96234 1398
77831 1000
60512 1869
97055 1506
79263 1888
80835 1620
71144 1074
93214 1348
91630 1601
66273 1543
78427 1398
71037 1933
80118 1681
72175 1990
67535 1744
72360 1235
57900 1595
52031 1597
84802 1867
96592 1221
51172 1565
58483 1509
64913 1528
91390 1228
51744 1313
67495 1235
74566 1754
75845 1412
77551 1705
77463 1917
78554 1804
82079 1136
82322 1692
86388 1958
79784 1383
76426 1339
98152 1601
78264 1385
88028 1288
96660 1406
90893 1989
65999 1913
81398 1336
92583 1345
55170 1392
70759 1353
62815 1902
82477 1394
97381 1336
73877 1150
54995 1562
97627 1328
60739 1131
80694 1235
82035 1819
64787 1270
56273 1407
86135 1607
62599 1221
84937 1289
97172 1794
68554 1523
94040 1314
87310 1693
74187 1071
80332 1397
74395 1954
99214 1725
56979 1039
72183 1790
94554 1627
80871 1694
90021 1691
59447 1352
93901 1685
69869 1036
70322 1135
73693 1298
61619 1169
80729 1271
94066 1046
85234 1643
0 0 0 0 12 12 0 0 0 0 0 374 374 0 0 0 0 0 0 0 0 0 0 0 0 0 0 0 0 0 0 92 0 121 121 121 76 76 76 76 76 0 0 0 0 9 382 382 382 382
0 0 0 12 12 12 0 143 0 0 0 374 0 0 0 0 0 0 0 161 0 0 0 0 0 0 0 276 276 0 0 92 0 121 121 121 266 266 222 133 133 133 133 0 0 9 9 382 382 382
0 0 0 0 0 362 143 143 143 195 195 374 374 374 0 0 0 0 0 161 161 0 0 0 0 0 0 276 276 0 0 92 0 0 121 266 266 266 222 222 222 202 0 0 0 9 170 170 18 18
0 229 229 155 155 362 143 143 143 195 195 374 374 262 0 0 0 0 0 0 161 0 0 0 0 0 0 0 208 208 92 92 322 322 322 266 95 95 222 222 357 202 0 0 0 9 170 170 18 18
0 229 229 155 155 362 362 158 351 351 195 195 262 262 0 0 0 0 0 193 193 193 193 0 0 0 0 0 208 208 383 383 383 322 322 266 95 95 127 127 357 202 0 0 356 356 292 292 292 18
0 0 0 345 41 362 362 158 158 351 195 195 262 262 108 108 108 108 119 119 277 277 277 0 0 209 24 24 105 208 383 11 203 203 322 322 95 385 127 127 357 202 0 0 356 356 292 292 29 29
0 0 0 345 41 41 184 184 158 351 351 384 384 262 108 108 108 108 119 119 277 277 277 0 0 209 24 24 105 105 383 11 203 203 203 385 385 385 332 231 357 396 396 67 67 341 341 5 29 29
0 0 0 345 345 41 184 184 184 236 236 384 36 36 172 172 304 304 304 304 303 277 277 180 209 209 386 105 105 105 105 11 6 6 216 216 332 332 332 231 231 396 396 67 67 341 341 5 5 5
15 15 0 315 315 26 184 192 192 192 236 384 36 36 172 373 373 186 245 245 303 177 177 180 209 209 386 386 368 344 344 344 6 6 216 216 135 135 135 135 231 231 396 396 341 341 341 341 370 370
15 287 287 315 315 26 184 184 192 192 236 236 236 172 172 373 373 186 245 245 303 177 177 180 180 233 386 386 368 309 309 344 6 52 52 54 54 252 241 241 100 100 100 100 100 100 370 370 370 0
15 287 315 315 26 26 167 167 167 167 47 47 47 34 34 316 316 186 186 303 303 177 177 177 227 233 10 10 368 368 309 344 52 52 54 54 54 252 241 241 199 188 188 188 100 100 370 8 0 0
15 287 287 0 0 0 0 0 167 167 47 47 34 34 321 321 316 186 186 303 303 173 173 320 227 233 10 10 368 368 309 52 52 238 132 54 54 252 199 199 199 188 188 338 323 323 8 8 0 0
287 287 0 0 0 0 0 0 334 86 86 86 34 3 321 321 316 316 186 186 303 173 320 320 227 233 239 239 368 313 313 238 238 238 132 132 132 252 199 93 263 338 338 338 323 323 8 0 0 0
0 0 0 0 0 0 298 298 334 334 3 86 34 3 321 321 316 316 122 350 350 173 320 336 227 227 239 63 63 313 265 378 378 19 19 285 285 285 93 93 263 263 263 237 103 0 0 0 0 0
0 0 0 0 0 298 298 298 334 334 3 3 3 3 321 321 83 83 122 350 350 350 350 336 89 89 239 63 99 313 265 378 378 19 19 285 93 93 93 37 37 235 237 237 103 103 103 0 0 0
0 0 117 257 257 298 298 298 334 334 129 317 317 317 379 379 83 83 122 337 300 300 336 336 89 89 390 63 99 265 265 305 225 225 225 225 93 194 118 37 37 235 237 237 103 103 103 0 0 0
0 0 117 257 257 181 181 181 181 129 129 317 317 317 379 379 379 83 122 337 300 300 123 123 123 390 390 390 99 265 78 305 305 305 225 194 194 194 118 37 235 235 278 65 314 314 314 0 0 0
349 0 117 257 257 257 257 181 181 129 352 352 58 58 379 379 379 337 337 337 337 123 123 123 62 62 390 390 99 265 78 78 78 148 136 136 136 118 118 37 235 235 278 65 65 0 314 0 0 0
349 0 117 0 0 185 185 185 185 42 352 352 58 58 98 267 267 337 337 104 104 104 104 104 62 270 270 270 272 272 371 371 371 148 136 136 136 183 27 27 27 235 278 295 65 0 0 0 0 0
349 117 117 0 0 185 185 297 297 42 331 331 331 331 98 267 267 13 13 128 178 178 178 62 62 270 270 270 272 272 371 371 371 148 148 136 136 183 27 27 27 235 278 295 295 0 0 0 0 0
349 117 117 0 327 327 131 297 297 42 42 282 282 98 98 267 13 13 13 128 178 178 333 333 333 116 272 272 272 272 218 218 191 191 191 156 156 183 27 146 286 286 286 295 295 0 0 0 0 0
349 0 0 0 327 327 131 21 21 21 21 14 282 74 98 98 301 128 128 128 178 178 69 69 333 116 335 335 335 335 218 230 191 191 191 191 156 183 27 146 146 146 286 214 295 0 150 150 150 343
0 0 0 0 0 0 131 131 21 21 0 14 282 74 74 74 301 128 290 128 243 243 69 69 69 116 116 116 335 335 218 230 230 376 275 275 156 156 156 156 146 146 319 214 214 214 150 343 343 343
0 0 0 0 0 0 0 0 0 0 0 14 14 74 74 74 301 128 290 256 256 243 243 69 50 50 393 326 335 326 153 230 230 376 275 275 346 215 215 156 146 279 319 348 348 0 0 0 0 0
0 302 302 302 312 23 23 23 51 51 51 51 51 20 20 20 301 290 290 256 256 318 318 69 50 393 393 326 326 326 153 153 230 376 376 346 346 215 215 125 125 279 319 319 348 0 0 0 0 0
49 49 302 302 312 23 342 342 51 102 102 51 51 45 20 211 211 290 16 256 256 318 318 318 50 393 393 326 326 25 153 153 187 187 187 346 339 339 125 125 279 279 81 81 348 348 348 348 0 0
49 49 0 302 312 23 342 342 359 151 102 102 102 45 20 211 211 290 16 16 16 140 140 354 147 205 205 205 205 25 174 174 174 187 187 346 346 339 249 249 249 81 81 107 369 369 4 4 0 0
0 0 0 0 312 23 23 359 359 151 102 308 308 45 45 221 221 290 16 16 171 140 140 354 147 147 147 200 200 25 174 204 204 204 204 346 346 339 339 273 249 81 107 107 107 369 4 4 0 0
0 0 219 0 294 294 294 359 359 151 169 308 308 308 169 221 221 290 16 16 171 171 354 354 293 293 200 200 154 25 204 204 204 204 201 201 168 168 273 273 273 273 107 107 64 369 145 4 4 0
0 264 219 219 219 294 294 359 324 151 169 169 169 169 169 68 68 68 68 68 130 171 190 190 293 293 200 154 154 134 134 134 134 134 201 201 168 168 232 232 232 273 234 234 64 145 145 44 4 0
0 264 264 264 264 264 264 53 324 151 307 307 391 391 22 22 212 212 130 130 130 130 190 190 190 200 200 154 154 196 196 196 311 311 311 311 168 168 232 234 234 234 234 66 64 145 145 44 44 0
0 138 138 138 264 80 53 53 324 361 307 307 391 391 22 22 212 212 130 59 329 329 329 329 75 179 179 137 137 366 366 196 311 160 160 168 168 33 33 66 66 66 66 66 64 145 145 44 44 0
40 40 138 138 138 80 53 53 324 361 361 57 391 391 126 48 212 251 251 59 59 329 329 329 75 179 281 137 137 366 366 196 311 160 268 268 33 33 228 228 66 66 250 250 64 1 88 88 88 0
40 40 253 253 80 80 330 330 258 389 361 57 391 57 126 48 48 251 251 32 59 82 82 75 75 179 281 281 56 56 56 246 246 160 160 268 268 46 46 228 228 111 111 250 250 1 360 360 88 0
40 40 253 253 253 253 330 330 258 389 389 57 57 57 126 126 48 48 32 32 392 392 82 82 79 179 179 281 56 56 246 246 260 260 387 46 46 46 355 355 280 280 111 1 1 1 360 360 197 197
40 223 296 296 296 395 395 395 258 242 389 242 57 57 126 124 124 70 32 32 392 392 288 288 79 79 269 269 269 220 220 220 260 260 387 387 387 355 355 355 280 280 111 96 96 358 360 360 197 197
223 223 296 377 377 395 395 395 258 242 242 242 254 149 149 124 70 70 32 32 392 392 288 79 79 79 60 269 269 220 220 220 372 372 325 325 325 206 206 206 340 111 111 96 96 358 360 0 0 0
223 223 353 353 377 30 30 395 380 242 242 254 254 149 149 124 70 70 70 32 217 217 288 77 77 85 60 60 60 220 299 299 372 372 325 325 325 206 84 206 340 340 340 0 358 358 358 0 0 0
223 223 353 353 377 30 30 30 380 120 120 254 254 347 347 347 43 43 43 73 388 217 217 77 77 85 85 85 85 220 299 299 31 31 244 244 84 84 84 206 340 340 340 0 0 0 0 0 0 0
0 0 353 353 0 0 55 55 380 380 120 363 163 163 347 347 43 139 139 73 388 217 217 217 289 85 289 289 289 289 31 31 31 244 244 244 398 398 398 398 340 0 0 0 0 0 0 0 0 0
0 0 0 0 0 0 55 365 259 259 120 363 163 163 38 38 38 139 139 73 388 152 182 182 289 289 289 7 7 7 31 306 306 114 114 114 2 2 87 87 0 0 0 0 0 0 0 0 0 0
0 0 0 0 291 291 55 365 259 259 120 363 110 110 110 38 38 139 91 73 388 152 182 182 283 310 310 367 367 7 375 375 306 306 114 114 2 2 87 87 162 0 0 0 0 0 17 17 394 394
0 0 0 0 291 291 365 365 90 363 363 363 110 110 110 110 109 109 91 73 73 152 152 283 283 310 310 367 367 159 159 375 375 375 106 106 2 2 162 162 162 0 0 0 94 17 17 17 394 394
0 0 0 291 291 90 90 90 90 157 284 363 101 101 101 109 109 91 91 271 271 283 283 283 175 175 175 367 367 159 159 166 375 115 106 106 2 2 35 35 35 35 0 0 94 17 17 17 0 0
0 0 0 141 141 248 364 364 157 157 284 284 284 0 101 97 97 271 271 271 283 283 399 399 175 175 175 159 159 159 159 166 115 115 400 400 400 35 35 28 28 28 198 198 94 94 113 113 0 0
0 0 0 141 141 248 364 364 157 157 144 144 0 0 328 328 97 97 247 247 189 189 399 399 71 71 71 71 112 112 112 166 115 115 0 0 400 28 28 28 397 28 28 198 198 0 113 113 255 255
0 0 0 207 248 248 0 0 157 157 144 144 0 0 328 328 97 97 247 247 189 189 399 399 399 112 112 112 112 61 61 166 0 0 0 0 0 176 0 397 397 397 397 198 198 0 113 113 255 255
0 0 0 207 248 0 0 0 0 0 0 261 0 0 213 213 213 97 39 39 39 39 0 0 399 274 274 61 61 61 0 0 0 0 0 142 142 176 0 72 72 72 224 224 224 0 0 0 210 210
240 240 240 207 248 0 0 0 0 0 0 261 0 0 213 0 39 39 39 164 164 164 0 0 0 0 274 274 274 274 0 0 0 381 381 142 176 176 0 72 72 165 224 224 226 226 0 0 210 210
240 240 240 207 0 0 0 0 0 261 261 261 0 0 0 0 0 0 0 164 164 0 0 0 0 0 0 0 274 274 0 0 381 381 381 142 176 176 0 165 165 165 224 224 226 226 0 0 210 210
