50 400 20
53308 1581
51990 1245
91215 1167
98223 1094
65418 1278
60765 1463
72555 1900
76041 1852
76007 1502
50429 1098
75619 1254
78781 1037
65186 1733
90020 1059
95332 1669
59366 1653
86845 1382
97057 1855
70010 1264
85688 1293
72344 1665
97679 1979
97067 1543
87503 1268
63715 1735
84957 1760
62358 1172
75986 1644
90134 1202
70811 1081
79713 1743
55510 1524
69270 1463
87429 1381
83304 1010
74206 1741
58561 1846
53514 1762
63322 1011
53845 1132
85421 1973
62809 1457
59440 1470
62586 1300
80687 1430
96071 1097
86771 1048
57259 1089
82880 1762
87686 1813
71816 1927
50852 1400
57017 1161
79255 1129
86146 1404
51979 1213
69549 1987
75401 1083
73280 1732
60306 1787
88994 1010
73255 1540
72832 1629
52525 1951
73117 1808
51839 1504
94725 1431
98443 1923
74997 1769
68954 1373
89276 1217
66717 1044
98112 1162
87375 1744
71184 1157
56141 1370
81070 1201
77512 1339
60749 1351
50553 1938
74642 1972
74660 1617
53989 1952
74971 1989
83808 1382
52125 1310
86932 1988
57935 1292
56442 1695
52269 1809
84002 1723
74839 1892
83349 1131
79011 1494
81906 1883
71031 1571
82802 1855
91061 1509
94285 1675
75466 1151
83715 1689
79525 1132
79540 1242
75137 1264
85105 1695
55088 1860
84055 1018
90979 1732
99330 1312
92170 1589
61054 1123
92839 1301
75690 1333
74587 1379
68804 1967
51960 1253
50911 1656
81254 1715
62153 1586
72341 1244
84822 1926
67840 1526
91386 1297
68827 1744
53453 1996
63341 1831
62462 1031
54425 1008
95495 1667
77105 1489
91169 1986
89341 1614
87117 1312
82385 1784
76009 1932
71294 1589
52336 1693
78627 1049
95151 1835
50126 1752
64024 1892
63026 1214
73513 1418
79802 1101
77568 1041
86214 1125
55022 1215
66419 1623
80859 1644
77686 1382
73608 1095
53772 1512
63047 1714
95974 1029
67165 1574
69055 1384
84722 1516
98017 1930
89903 1718
62588 1864
71063 1077
86929 1638
70251 1278
91727 1221
95100 1002
50464 1327
60644 1847
86161 1494
73532 1547
52800 1095
57960 1905
81047 1482
83194 1559
87318 1053
87769 1011
83675 1107
77747 1567
83714 1258
71300 1439
89150 1428
78112 1487
86894 1782
68632 1714
97542 1999
62271 1243
57651 1860
87892 1654
85538 1664
85719 1854
66255 1750
93633 1833
94661 1681
84579 1380
67693 1797
66943 1087
80623 1477
61945 1880
66650 1957
86165 1135
65171 1659
58248 1120
84339 1222
70594 1573
92313 1805
73370 1993
97664 1696
74426 1809
98728 1306
88213 1753
73399 1715
79234 1152
89704 1497
84265 1239
60933 1110
54228 1673
71362 1048
75263 1590
75016 1824
54783 1805
67877 1211
81751 1642
58316 1435
54594 1094
70791 1152
71765 1445
95153 1398
69943 1957
88072 1324
86588 1813
80034 1132
67097 1150
87161 1035
71173 1955
56338 1821
94540 1759
67107 1454
87708 1960
77582 1266
79354 1562
74875 1188
62698 1065
75282 1611
89704 1378
65888 1979
65452 1030
57564 1835
59048 1398
70575 1457
58215 1199
70637 1619
64882 1585
73153 1866
87448 1495
91521 1037
62745 1940
55458 1204
58860 1171
51306 1484
78457 1265
73348 1684
74792 1561
92274 1726
66099 1674
80240 1803
85651 1452
55482 1873
68730 1639
97782 1278
69809 1101
77062 1674
89929 1807
87993 1000
73720 1290
71435 1294
80563 1082
69624 1198
58905 1684
94751 1202
62546 1263
92182 1980
70062 1963
55371 1952
54467 1839
56840 1586
62146 1508
96253 1393
52591 1085
62836 1879
97210 1228
54910 1469
91271 1351
86681 1465
93747 1715
80611 1628
63844 1622
77091 1031
80749 1449
74340 1618
82247 1040
59203 1582
64660 1105
74598 1880
63088 1188
78664 1528
89127 1123
87669 1369
81063 1480
70008 1114
70553 1903
55955 1288
73006 1305
79350 1895
75220 1126
59120 1215
64121 1410
69569 1424
81473 1509
76860 1244
78434 1385
83236 1347
66611 1538
71731 1599
78847 1041
74399 1021
50695 1416
54066 1580
57416 1621
82889 1779
57829 1282
58974 1087
52540 1488
50187 1171
77411 1373
73052 1041
57203 1723
74170 1004
54631 1624
59896 1070
97796 1322
56607 1258
54031 1595
67140 1954
92484 1679
62085 1955
82446 1424
99966 1564
86858 1872
85180 1614
76708 1956
67543 1590
68038 1536
68069 1390
88111 1979
55052 1699
54835 1871
95752 1768
98255 1340
53843 1671
89367 1883
62104 1810
78129 1485
57171 1445
68149 1270
67521 1390
96952 1755
64166 1401
63176 1082
94341 1144
63550 1837
87132 1642
88565 1568
89040 1125
69941 1146
59384 1036
99752 1334
78728 1370
57913 1753
75468 1310
51828 1588
77145 1201
81958 1870
67713 1819
98072 1500
53927 1929
68952 1494
69071 1831
60231 1814
97019 1177
78420 1366
95985 1932
67540 1579
85087 1951
60071 1952
91505 1852
68642 1009
51343 1923
61861 1317
97857 1747
76534 1194
57521 1890
116 116 0 0 0 84 84 84 0 0 0 0 0 0 0 0 282 282 0 0 0 0 0 247 247 247 247 0 0 376 376 376 0 0 0 0 0 192 192 192 192 231 231 231 0 0 0 0 0 0
116 116 0 71 84 84 0 0 0 0 0 296 296 296 57 57 282 282 0 0 0 0 315 315 0 0 0 0 0 376 374 225 0 0 0 0 0 192 231 231 231 231 52 52 0 0 0 0 0 347
226 226 71 71 189 189 0 0 0 0 0 296 296 57 57 400 282 282 0 0 0 0 315 315 0 0 0 0 0 376 374 225 0 0 67 135 135 148 148 148 148 289 289 52 52 52 29 29 347 347
226 226 71 71 189 0 0 257 257 257 257 257 193 193 400 400 45 45 45 0 0 0 0 373 373 373 33 33 0 0 374 225 251 251 67 284 135 148 126 126 126 289 289 340 308 308 308 29 347 347
226 226 15 15 189 121 121 257 257 13 13 13 193 193 400 400 400 400 45 0 0 165 165 373 373 373 33 0 0 0 374 225 251 251 67 284 135 148 126 263 263 263 289 340 0 0 308 29 0 0
0 0 15 15 121 121 121 65 65 65 199 13 13 113 113 113 261 261 261 0 0 165 165 0 68 373 33 0 0 0 0 0 251 251 67 284 284 284 26 26 263 263 263 340 0 0 0 0 0 0
0 0 364 364 121 121 121 65 65 65 199 199 113 113 86 86 261 261 162 162 0 0 0 0 68 373 316 316 316 316 5 0 0 67 67 396 396 284 26 26 185 185 263 340 0 0 0 0 0 0
2 2 364 81 81 81 176 176 176 199 199 199 113 86 86 86 261 261 162 162 355 355 355 0 68 68 316 316 316 316 5 0 0 0 67 287 396 396 210 190 190 185 185 230 224 0 0 0 0 0
2 364 364 81 176 176 176 176 176 199 199 113 113 232 385 385 385 385 385 385 239 167 355 0 0 125 125 143 143 5 5 0 0 0 67 287 287 210 210 190 190 230 230 230 224 0 0 0 0 0
2 2 2 370 370 370 147 241 241 241 241 59 59 232 232 75 283 354 239 239 239 167 338 0 0 125 125 143 143 331 331 0 0 0 287 287 287 210 262 372 372 230 224 224 224 156 0 0 0 0
0 0 370 370 370 370 147 241 367 241 241 59 59 59 232 75 283 354 354 167 167 167 338 338 338 338 338 118 331 331 331 0 0 0 164 337 337 262 262 372 372 230 387 387 156 156 0 0 0 0
0 0 370 276 276 147 147 380 367 367 367 59 398 398 75 75 283 283 354 354 354 354 23 23 23 23 338 118 118 0 0 0 0 0 164 337 337 262 62 62 62 230 387 387 156 260 0 0 0 0
366 366 366 366 276 332 332 380 380 380 46 46 398 398 75 215 215 215 215 354 288 288 288 288 309 309 309 309 118 168 0 0 0 0 164 164 164 164 62 62 62 341 341 32 32 260 260 356 356 0
221 221 221 276 276 332 332 332 264 264 46 46 8 8 90 90 275 275 275 275 288 288 288 288 377 377 377 377 118 168 168 168 50 50 109 109 164 164 184 184 341 341 32 32 32 260 260 356 356 0
221 202 202 202 28 332 332 264 264 132 8 8 8 8 90 3 386 386 386 386 386 320 320 320 145 145 145 96 96 96 64 220 50 50 109 109 127 127 184 184 60 60 60 233 233 157 187 187 0 0
221 202 0 0 28 28 28 28 28 132 132 132 8 8 90 3 3 3 153 153 153 320 141 141 212 212 145 96 96 96 64 220 220 123 123 123 127 127 60 60 60 371 371 233 233 157 187 187 0 0
0 0 0 0 0 28 383 152 152 378 178 178 178 271 90 194 194 214 214 290 153 141 141 18 212 212 145 128 96 96 64 220 220 123 123 123 127 127 304 304 371 371 371 233 233 157 187 187 0 0
0 0 0 0 0 383 383 152 152 378 178 178 36 271 271 194 194 214 214 290 99 99 141 18 212 212 98 128 69 69 64 64 220 123 123 205 205 295 295 304 362 362 362 233 233 157 157 187 187 89
0 0 0 0 0 383 101 272 378 378 178 44 36 307 271 194 207 214 290 290 99 99 18 18 339 339 98 128 69 171 171 134 134 326 326 326 205 295 295 304 362 362 362 191 191 318 318 89 89 89
0 0 0 274 279 279 101 272 272 272 0 44 36 307 271 271 207 214 290 7 7 7 18 18 339 339 98 128 69 171 171 134 134 216 326 326 205 295 237 237 237 105 105 105 191 318 318 318 318 89
0 274 274 274 279 279 101 101 110 110 0 44 36 307 271 281 207 328 328 7 7 140 317 18 42 42 98 128 41 244 244 134 285 216 216 295 295 295 237 237 237 105 105 105 191 0 0 318 0 0
0 0 0 0 0 279 279 345 110 110 0 44 44 307 271 281 207 281 328 7 7 140 317 18 42 188 188 41 41 244 82 82 285 285 216 169 169 4 151 151 151 344 105 353 191 0 0 0 0 0
0 0 0 0 0 345 345 345 0 0 0 19 19 307 114 281 281 281 328 328 140 140 317 317 42 188 188 41 41 244 82 82 82 285 285 169 169 4 151 151 344 344 353 353 191 79 79 79 0 0
0 0 181 181 206 206 206 206 0 49 0 19 19 307 114 360 360 360 328 140 140 140 93 93 300 188 188 41 66 227 227 24 24 24 359 359 359 4 4 4 344 353 353 129 129 129 79 79 79 79
0 0 181 181 130 130 130 204 0 49 0 0 0 114 114 360 360 360 201 175 175 140 93 93 300 120 188 66 66 227 227 227 24 24 24 299 359 4 324 4 344 350 350 88 88 129 79 0 0 0
0 0 0 130 130 130 130 204 0 49 0 0 0 0 197 31 360 360 201 175 175 175 51 51 300 120 120 66 342 342 351 351 83 83 299 299 359 359 324 321 321 321 350 350 88 129 0 0 0 0
256 256 0 0 0 0 204 204 0 49 30 30 0 0 197 31 201 201 201 327 327 175 51 300 300 120 120 342 342 342 351 351 83 299 299 11 11 11 324 321 311 321 294 294 88 88 0 0 0 0
256 256 150 150 150 0 0 0 0 0 0 30 30 111 197 31 31 31 17 327 327 175 51 17 300 198 198 198 198 342 342 342 83 299 299 299 399 11 324 311 311 311 294 294 88 88 104 104 170 170
0 0 150 150 150 0 0 0 0 249 249 249 111 111 197 197 197 197 17 17 17 17 17 17 222 222 198 198 198 211 211 211 83 363 363 34 399 399 324 38 38 311 104 104 104 104 104 170 170 170
0 56 56 48 48 48 397 397 0 0 0 249 155 111 111 74 74 255 255 255 255 186 55 55 234 222 144 144 144 211 211 20 20 363 363 34 399 399 399 38 38 311 104 12 12 0 0 170 170 170
0 56 56 56 48 48 397 397 0 149 149 155 155 196 196 368 74 74 255 255 336 186 186 55 234 222 144 388 388 94 395 20 20 16 16 34 399 37 37 37 14 14 268 268 12 0 0 298 298 298
348 56 56 56 48 48 72 0 0 149 155 155 293 196 196 368 368 368 238 255 336 336 186 55 234 200 388 388 388 94 395 20 20 20 16 34 34 37 203 203 14 14 268 115 12 115 0 0 298 298
348 348 348 348 357 242 72 0 0 149 155 293 293 163 163 163 163 163 238 336 336 9 55 55 234 200 388 94 94 94 395 395 395 395 16 16 16 16 138 203 14 14 268 115 115 115 0 0 0 298
80 80 348 357 357 242 72 0 0 149 155 293 112 163 112 112 163 238 238 61 61 9 9 273 200 200 91 91 325 325 325 384 395 395 390 16 138 138 138 203 14 14 268 108 108 108 0 0 0 0
80 80 357 357 242 242 72 160 160 10 10 293 112 112 112 112 112 238 142 61 61 174 9 273 200 200 91 91 325 392 182 384 384 384 390 390 390 390 254 254 254 27 27 27 27 108 0 0 0 0
343 343 343 343 160 160 160 160 85 10 10 252 252 183 183 183 183 142 142 142 174 174 273 273 200 136 136 392 392 392 182 182 384 384 54 236 236 236 236 254 254 254 0 0 108 108 0 0 0 291
343 343 343 343 106 106 85 85 85 302 302 252 252 252 313 119 119 73 73 142 174 229 273 273 136 136 136 392 392 277 182 182 369 369 54 236 236 236 236 280 280 280 0 0 108 0 0 0 0 291
305 303 303 303 106 106 177 158 158 302 302 103 252 252 313 119 119 73 73 142 142 229 159 159 159 213 266 122 312 277 277 277 47 369 54 54 58 58 0 0 0 280 6 0 0 0 0 0 97 291
305 303 303 303 235 177 177 381 158 302 302 103 103 103 313 313 243 39 39 107 107 229 159 213 213 213 266 122 312 312 133 133 47 369 179 58 58 58 58 0 0 0 6 6 0 0 0 97 97 291
305 305 305 235 235 177 177 381 158 302 92 103 161 161 161 352 243 243 39 107 107 229 229 213 213 266 266 122 133 312 133 310 47 47 179 179 245 245 301 301 35 0 0 6 0 0 0 97 97 21
0 0 0 235 235 177 381 381 361 361 92 103 161 161 161 352 243 243 39 107 107 229 229 393 393 266 266 122 133 133 133 310 310 310 179 179 245 245 301 301 35 0 0 0 0 195 195 97 97 21
0 0 0 0 219 219 346 346 361 361 92 92 161 117 117 352 243 329 329 382 379 379 379 63 393 393 266 122 122 217 217 209 209 310 246 102 245 245 245 245 35 35 0 0 0 0 195 358 358 21
0 330 330 322 219 219 219 346 346 146 146 146 161 117 117 352 243 329 329 382 379 379 70 63 25 25 25 217 217 217 217 209 209 310 246 102 102 102 228 228 228 267 267 267 208 208 195 358 358 21
330 330 258 322 322 322 223 223 173 146 389 389 333 333 333 352 352 394 259 382 382 70 70 63 25 218 218 218 172 172 217 246 246 246 246 375 375 375 375 228 228 267 208 208 208 100 265 265 265 21
0 0 258 258 258 258 223 223 173 146 389 180 180 154 333 394 394 394 259 286 286 70 70 63 391 22 22 218 172 172 365 246 248 248 78 78 78 78 323 228 267 267 267 100 100 100 265 265 265 21
0 0 258 0 0 0 0 0 173 77 389 180 180 154 154 259 259 259 259 286 286 286 335 335 391 22 22 22 365 365 365 246 248 248 248 250 323 323 323 53 53 53 334 334 100 100 0 0 76 21
0 0 0 0 270 270 0 0 173 77 77 77 154 154 269 349 349 95 95 95 314 314 335 335 391 278 278 278 124 365 365 87 87 87 250 250 250 0 323 139 139 53 334 334 100 100 0 0 76 76
0 0 0 0 270 270 166 166 137 137 137 43 269 269 269 349 349 95 95 95 314 40 40 391 391 278 278 278 124 365 365 87 297 87 250 250 250 0 139 139 319 292 0 0 0 0 0 0 76 76
0 0 0 0 0 0 166 166 0 0 137 43 43 43 43 253 253 253 253 253 314 40 131 131 131 0 278 124 124 297 297 297 297 0 0 0 0 0 319 319 319 292 0 0 0 0 0 0 1 1
0 0 0 0 0 0 166 166 0 0 137 137 43 43 43 0 0 0 0 314 314 40 131 0 0 0 0 0 306 306 306 306 0 0 0 0 0 0 319 319 292 292 240 240 240 240 240 0 1 1
