50 400 20
86636 1753
65355 1145
74638 1140
93233 1973
88237 1677
95033 1059
80838 1726
88356 1711
85442 1525
95088 1426
78628 1550
59400 1130
98810 1132
56847 1802
72755 1450
59797 1355
63761 1658
76262 1558
88597 1818
76888 1237
90475 1793
56651 1263
84019 1700
99650 1701
50548 1707
90412 1122
52003 1069
87448 1038
89016 1246
56041 1739
79613 1309
65240 1441
72947 1206
95064 1009
87641 1767
67197 1564
61095 1403
55986 1469
72608 1187
87039 1575
55563 1120
99857 1716
89539 1678
91752 1535
72806 1027
78198 1221
71719 1938
90119 1364
83838 1567
94563 1378
55235 1654
51758 1487
67917 1480
99456 1764
96478 1806
65097 1580
71875 1337
62129 1710
92838 1604
94893 1751
52477 1816
79606 1738
87788 1023
94409 1816
70877 1669
80621 1555
82159 1791
67524 1903
55128 1119
79081 1320
57145 1334
57285 1456
82054 1921
60035 1423
74751 1991
85940 1912
87544 1485
83892 1829
95518 1001
66390 1119
83340 1252
82482 1988
78758 1974
81165 1506
71410 1992
53208 1203
75010 1923
87488 1842
92287 1548
87657 1001
88746 1741
83684 1838
75449 1113
97797 1991
62306 1612
85333 1112
67781 1208
63676 1988
71828 1430
72275 1928
50842 1153
60058 1494
65044 1373
70833 1133
59919 1388
90329 1615
56040 1256
89545 1501
85816 1554
73419 1104
74530 1021
57190 1529
70526 1470
52401 1382
89748 1749
62625 1598
66206 1865
98896 1656
66269 1969
89271 1304
94628 1896
93426 1314
84449 1586
90528 1768
79516 1707
56924 1851
80738 1424
71347 1078
57148 1079
86719 1900
70991 1650
96054 1057
85691 1134
97661 1335
92275 1931
97552 1035
90386 1357
58056 1197
53814 1796
83187 1929
58004 1705
90950 1604
65233 1831
57782 1440
56723 1000
93689 1040
58878 1828
82085 1103
96598 1248
56746 1328
58167 1653
75346 1775
74518 1179
60929 1142
54475 1071
58049 1544
61524 1204
71005 1308
91420 1172
53341 1680
51276 1807
50625 1942
55536 1297
99256 1967
58222 1205
81808 1235
74018 1166
85490 1494
96360 1303
81088 1978
92113 1161
85618 1635
50253 1225
99693 1725
53483 1190
75802 1748
54999 1978
83054 1906
71032 1584
85499 1898
94592 1505
99526 1980
64627 1511
73637 1434
56809 1245
55015 1808
96079 1907
91613 1807
88498 1400
71372 1653
58044 1685
83962 1271
89827 1035
93436 1531
86818 1359
94541 1713
95513 1395
80479 1714
89042 1902
57690 1826
97679 1219
79738 1937
98360 1037
58756 1948
88874 1895
81374 1181
72296 1419
55705 1261
86265 1563
56606 1214
70537 1164
60362 1615
84907 1530
95126 1234
79746 1367
67772 1986
85584 1439
85022 1777
92718 1635
96648 1510
82444 1575
72158 1716
60527 1920
72879 1526
58170 1087
91620 1112
74466 1239
91074 1024
81179 1790
50176 1782
99836 1281
67034 1408
56501 1948
63906 1051
95345 1548
92319 1880
97815 1039
91594 1638
86004 1657
68313 1305
72296 1920
70829 1659
87724 1426
52922 1642
94996 1867
74974 1464
98440 1379
80850 1021
57824 1441
74613 1004
76357 1958
90998 1693
78900 1559
75590 1877
85323 1144
52677 1742
90083 1519
68769 1126
64799 1934
91980 1560
52480 1383
56724 1140
69647 1443
82077 1587
95370 1231
89801 1590
95334 1828
53876 1927
66717 1630
75320 1021
77502 1551
56186 1223
51234 1668
57639 1868
68475 1469
86722 1271
59937 1427
93077 1679
83656 1564
64241 1044
83026 1737
69785 1898
87205 1798
50938 1282
63754 1715
98502 1428
70829 1848
57837 1341
70009 1279
79676 1445
73375 1007
75910 1966
84883 1358
73704 1488
68682 1223
79391 1439
67051 1953
68961 1736
61326 1330
74735 1016
83748 1196
70888 1900
94001 1519
89078 1265
69722 1246
77961 1128
92086 1404
55069 1357
86809 1530
57023 1664
65961 1849
52626 1568
83696 1619
74636 1619
77414 1364
70512 1355
62743 1394
97380 1521
67407 1416
84018 1696
59118 1144
89057 1628
56657 1951
67860 1569
58388 1645
61426 1624
74951 1075
78516 1249
79499 1589
91048 1039
71066 1674
91390 1966
58402 1798
85013 1533
99488 1354
89772 1962
60242 1043
94612 1945
52445 1428
87867 1839
93224 1778
93005 1714
96196 1868
81217 1413
97923 1194
60709 1655
54440 1295
64842 1591
69322 1696
73004 1993
60721 1620
95646 1999
75492 1096
51259 1270
63424 1532
55981 1597
83220 1056
76511 1578
91343 1873
98337 1738
87788 1717
73006 1742
68617 1503
70477 1269
51566 1057
93924 1282
99098 1720
86460 1878
88663 1483
55935 1343
51684 1714
70002 1165
84668 1803
94109 1862
95678 1063
56703 1471
55739 1681
50488 1475
89224 1223
87593 1803
53532 1853
98841 1954
77463 1437
94643 1305
66002 1873
78975 1145
93376 1974
51370 1364
55222 1633
97085 1910
76192 1137
69161 1824
54440 1981
72171 1509
62837 1201
97554 1903
89265 1984
87566 1756
55831 1761
85807 1072
377 377 363 391 391 391 391 0 0 0 38 38 38 38 0 0 316 193 193 39 39 269 269 269 249 249 249 99 99 205 205 354 354 0 0 0 0 0 0 0 0 0 0 0 122 122 122 0 0 0
377 377 363 363 363 363 0 0 220 220 176 313 127 127 127 0 316 316 193 193 39 39 49 269 249 249 249 99 99 205 205 354 354 0 335 335 0 0 0 0 0 0 0 0 36 36 122 122 0 0
377 377 363 320 0 0 0 0 220 220 176 313 127 0 0 0 316 316 111 39 39 23 49 269 0 0 0 0 0 283 283 0 0 0 335 335 0 0 0 0 163 163 0 0 36 36 330 330 0 0
0 0 320 320 64 64 0 0 220 176 176 313 313 0 85 0 0 0 111 39 39 23 49 49 0 0 159 159 0 283 283 0 0 260 260 0 0 0 0 0 163 163 163 0 0 42 42 330 330 0
0 0 320 64 64 64 64 198 198 0 0 0 0 0 85 0 0 0 111 111 23 23 372 372 159 159 159 0 0 0 0 0 0 0 260 260 0 124 124 124 124 124 124 0 0 42 42 42 42 0
320 320 320 338 338 261 181 198 198 0 0 0 266 266 85 0 0 0 0 0 23 23 372 372 159 148 148 0 0 0 0 0 0 368 260 260 260 294 294 294 124 124 0 0 0 42 48 48 48 77
22 22 338 338 338 261 181 181 181 34 34 34 266 266 85 364 364 151 151 178 23 23 372 148 148 148 0 0 207 207 194 194 194 368 260 339 339 294 294 387 387 387 387 0 0 0 48 0 0 77
22 123 123 261 261 261 261 297 181 181 181 34 266 266 85 364 364 151 151 178 178 178 96 148 258 258 0 16 16 207 207 53 194 368 368 339 339 387 387 387 382 382 382 8 8 8 48 0 77 77
22 123 123 261 261 112 112 297 297 297 160 134 134 13 188 188 188 188 262 262 262 96 96 148 258 258 0 0 16 16 53 53 53 368 368 155 155 155 315 315 382 311 311 8 8 48 48 0 0 0
325 325 0 112 112 112 209 297 297 297 160 134 13 13 13 13 188 188 170 262 262 96 96 258 258 258 0 0 16 16 53 53 53 368 400 400 155 155 315 315 56 311 311 311 311 141 141 141 0 0
325 325 0 112 112 112 209 209 209 160 160 134 27 27 27 211 211 211 170 170 170 318 96 107 107 107 107 46 16 16 389 389 173 173 400 400 400 155 47 47 56 56 56 311 73 73 141 141 0 0
0 0 0 0 0 298 298 298 341 160 160 160 27 168 211 211 253 253 393 393 393 318 318 318 107 107 107 46 46 46 389 389 173 173 400 400 400 47 47 47 56 2 2 311 73 73 73 263 263 263
0 0 0 0 0 298 180 180 341 341 375 375 168 168 98 98 253 253 393 29 29 277 277 277 149 149 119 119 44 44 389 171 293 293 293 293 31 31 183 183 2 2 218 218 218 218 307 307 307 263
0 0 189 189 189 180 180 180 180 341 375 375 168 168 98 98 253 113 113 29 29 24 24 277 149 149 119 119 44 44 389 171 166 166 166 293 31 31 183 68 68 68 218 54 54 264 264 264 307 384
0 0 189 87 189 312 312 362 362 204 204 204 204 25 25 25 291 113 113 142 29 24 24 359 359 359 175 175 133 44 278 171 166 233 72 72 72 72 183 68 68 54 54 54 221 264 264 71 71 384
0 0 87 87 189 189 312 362 362 385 204 204 51 25 25 25 291 142 142 142 150 150 150 359 359 359 175 133 133 278 278 171 171 233 72 265 265 265 265 54 54 54 109 273 221 221 221 221 71 384
0 0 0 87 306 306 312 312 312 385 385 51 51 51 51 25 291 291 142 142 150 130 130 359 219 219 175 133 133 278 278 171 358 233 89 89 265 265 265 109 109 109 109 273 273 273 221 221 71 384
0 0 0 87 306 306 367 367 153 153 385 51 51 51 90 90 90 348 142 142 130 130 130 219 219 295 295 295 133 278 278 358 358 233 89 89 390 300 300 323 323 323 323 267 267 267 267 121 0 0
43 43 0 0 0 0 0 367 153 153 385 385 385 227 90 348 348 348 80 80 80 130 353 219 219 295 295 169 133 133 169 358 199 199 390 390 390 300 300 143 323 323 309 267 197 121 121 121 0 0
43 43 43 0 0 0 0 367 3 3 255 255 227 227 90 348 284 184 80 80 353 353 353 79 79 295 295 169 169 169 169 199 199 199 390 390 390 55 55 143 309 309 309 197 197 381 381 97 97 97
326 326 17 58 58 0 0 0 3 3 255 255 227 247 247 284 284 184 184 184 128 128 128 79 240 240 240 281 281 281 281 192 192 192 192 192 55 55 55 143 208 208 208 197 197 381 381 97 97 97
326 326 17 17 58 0 0 0 0 3 344 351 351 247 247 284 284 284 172 152 302 302 128 79 202 202 240 345 52 281 281 286 286 286 192 104 104 349 349 143 208 208 197 197 197 125 174 174 174 337
165 326 17 58 58 0 0 0 0 344 344 351 351 340 340 92 92 172 172 152 302 302 128 7 7 202 345 345 52 52 281 286 286 286 192 104 104 349 349 216 157 157 157 125 125 125 174 82 337 337
165 165 17 58 58 0 0 0 0 344 344 344 340 340 340 340 92 172 172 152 7 7 7 7 202 202 345 345 239 52 319 319 319 244 244 57 349 349 349 216 216 216 157 157 378 378 378 82 337 21
88 165 165 222 58 0 0 0 0 0 0 344 279 279 279 289 92 84 84 152 6 6 30 30 202 195 195 345 239 158 319 244 244 244 57 57 349 182 182 182 216 157 157 162 162 162 378 82 21 21
88 165 165 222 222 214 214 0 0 0 0 279 279 289 289 289 92 84 84 152 6 6 28 30 30 195 177 239 239 158 103 103 275 275 57 292 292 292 292 182 136 324 324 324 324 162 378 82 21 21
88 0 0 222 222 214 214 0 0 0 60 279 279 366 304 304 92 33 33 33 33 33 28 28 30 195 177 177 177 158 103 103 275 275 95 95 95 292 292 182 136 282 282 324 324 0 0 82 82 82
88 0 236 236 215 215 215 0 60 60 60 60 279 366 287 304 242 242 395 395 395 33 305 28 30 135 135 177 177 158 328 103 103 103 95 95 95 292 161 161 136 136 282 282 324 0 0 126 126 126
0 0 236 236 215 215 317 0 120 120 81 81 81 366 287 304 242 395 395 357 357 33 305 69 69 135 135 191 328 328 328 322 322 322 322 95 95 292 161 370 136 136 136 136 114 0 379 379 126 126
0 0 0 138 138 317 317 120 120 120 201 201 81 366 287 242 242 395 395 357 357 357 305 69 69 75 75 191 191 191 328 328 328 187 187 280 280 161 161 370 370 370 114 114 114 0 379 379 126 126
396 0 0 138 138 317 120 120 217 217 201 201 366 366 287 287 20 257 257 357 357 357 305 69 290 75 365 365 203 203 203 203 129 187 280 280 117 117 161 270 252 252 114 114 0 0 0 0 0 0
396 396 396 74 317 317 317 288 288 217 334 334 398 398 20 20 20 257 342 342 380 380 305 290 290 75 365 365 365 365 100 203 129 187 280 117 117 117 117 270 252 235 114 114 0 0 0 0 0 14
0 0 396 74 74 74 317 288 190 217 334 334 398 398 225 20 20 257 342 380 380 290 290 290 75 75 37 37 37 365 100 129 129 179 179 117 117 327 270 270 252 235 235 0 0 392 392 14 14 14
0 0 206 206 206 74 74 288 190 190 190 331 331 398 225 225 83 83 342 380 380 290 156 156 15 15 15 15 37 100 100 332 332 333 179 179 327 327 196 235 235 235 235 11 392 392 392 14 14 0
228 206 206 0 0 74 74 288 321 321 0 0 331 238 238 225 83 83 380 380 106 106 106 156 156 231 231 108 37 108 100 332 332 333 333 333 327 196 196 185 185 185 185 11 11 11 11 11 0 0
228 228 228 0 0 0 399 288 321 0 0 0 331 238 238 238 229 229 86 86 106 19 19 156 231 231 231 108 108 108 61 93 332 333 118 118 327 196 196 185 296 296 185 185 374 0 0 0 0 0
0 0 0 0 0 0 399 399 321 0 94 94 343 250 238 238 356 229 86 86 336 19 243 254 254 254 254 254 108 108 61 93 93 93 388 118 371 371 196 185 296 296 374 374 374 0 0 0 0 0
0 0 66 66 66 399 399 0 321 0 94 94 343 250 356 356 356 229 229 336 336 19 243 243 243 131 131 232 241 241 61 61 388 388 388 118 371 12 369 369 369 369 374 374 230 230 26 0 0 0
45 45 66 361 361 361 361 0 0 0 167 167 343 250 250 250 5 5 5 336 336 336 336 67 131 131 131 232 232 241 256 256 78 386 386 371 371 12 12 12 276 9 394 394 230 230 26 26 50 0
45 45 66 66 0 0 0 0 0 0 167 343 343 115 115 115 237 237 5 5 200 200 301 67 67 131 131 232 232 241 256 256 78 386 386 371 371 12 276 276 276 9 394 394 308 1 1 26 50 0
0 0 0 0 0 0 0 0 167 167 167 343 343 115 115 115 237 237 5 5 200 200 301 301 67 67 329 329 268 268 360 360 78 78 40 40 371 59 41 41 41 9 9 9 308 308 1 1 50 245
0 0 101 101 0 0 0 0 167 167 0 0 0 376 115 115 376 237 352 352 352 352 234 301 350 350 329 329 268 268 360 360 78 40 40 40 59 59 59 41 41 62 308 308 308 308 186 186 50 245
0 101 101 140 140 140 140 65 65 65 65 0 0 376 376 376 376 274 373 373 105 105 234 301 350 350 329 144 144 360 360 259 259 40 40 40 59 147 147 41 41 62 62 62 137 137 137 186 186 245
0 101 226 226 226 251 251 310 310 310 0 0 0 376 0 274 274 274 373 373 105 105 234 212 212 164 144 144 144 144 259 259 4 4 4 4 147 147 147 147 147 110 110 110 137 137 132 132 132 245
0 101 226 226 18 251 251 310 0 0 0 0 0 0 0 32 32 210 210 285 76 76 234 212 212 164 164 164 164 144 303 303 4 4 4 4 147 63 63 63 63 63 110 110 0 137 35 35 132 245
0 0 10 10 18 18 251 0 0 0 0 0 0 0 91 32 32 210 285 285 76 76 234 145 145 383 102 102 102 102 303 303 146 248 248 224 224 224 397 397 397 63 213 213 0 314 314 35 35 35
0 0 10 10 18 18 251 0 0 0 0 0 0 0 91 346 346 210 285 285 285 355 234 145 145 383 383 0 0 0 146 146 146 248 248 224 224 397 397 154 154 116 116 213 0 0 314 314 35 35
0 0 0 0 18 299 299 0 0 0 139 0 0 91 91 346 346 346 285 0 0 355 355 355 355 0 383 0 0 0 146 0 0 248 248 224 224 272 272 154 154 347 116 213 213 0 0 314 35 0
0 0 0 0 0 299 299 271 0 0 139 0 0 0 0 0 346 0 0 0 0 0 0 0 0 0 383 0 0 246 146 0 0 248 248 70 272 272 347 347 347 347 116 213 213 0 0 0 0 0
0 0 0 0 0 0 0 271 271 271 139 139 0 0 0 0 0 0 0 0 0 0 0 0 0 0 0 0 246 246 246 246 0 0 0 70 70 70 0 0 0 0 223 223 223 223 223 0 0 0
