50 400 20
93919 1017
89601 1029
98285 1535
60890 1245
68960 1054
97834 1334
63715 1480
90949 1481
77630 1807
66575 1365
67925 1767
74583 1153
92678 1198
90486 1896
66370 1721
63192 1955
56190 1940
64692 1392
52837 1617
70253 1001
61746 1298
51880 1765
61443 1768
51673 1931
54581 1747
90611 1150
78990 1528
59740 1309
82695 1106
55737 1436
78825 1239
74655 1610
58946 1777
97394 1999
52668 1256
55197 1511
72238 1985
73132 1051
89335 1881
94323 1734
98494 1700
56972 1014
52729 1958
65641 1629
54651 1419
50112 1037
89011 1441
69021 1080
82780 1154
99368 1865
97178 1154
98718 1603
82707 1984
70076 1649
68144 1662
79683 1047
90633 1662
99391 1827
75494 1628
95874 1875
64059 1542
66092 1699
85663 1114
98565 1053
68571 1120
67342 1632
56693 1480
53600 1296
53413 1781
90637 1725
53561 1758
82096 1000
74603 1090
84186 1927
72780 1848
57364 1467
82165 1306
96299 1950
64892 1201
50961 1088
67414 1531
79120 1689
74825 1691
93314 1393
95389 1129
96232 1444
61177 1479
76855 1097
86198 1409
99896 1652
52157 1444
60994 1228
94879 1730
76176 1189
89103 1539
95341 1062
91492 1807
81019 1433
73946 1162
75204 1723
97360 1757
69247 1071
97758 1341
97653 1059
87397 1045
78749 1448
70218 1680
99175 1647
94406 1377
77615 1840
89149 1070
77884 1013
85194 1410
75087 1861
66323 1991
96454 1719
52569 1902
84717 1905
61324 1269
68268 1312
86818 1402
91045 1107
80941 1323
80291 1545
80262 1939
66768 1500
72729 1081
77615 1117
59474 1849
65617 1467
78537 1906
68254 1644
53787 1058
88681 1558
97779 1111
56212 1693
93959 1792
52250 1263
90192 1114
92603 1782
81745 1518
62305 1010
59253 1719
99429 1518
74241 1664
54663 1609
65670 1046
62403 1416
61759 1454
59261 1008
94003 1294
74101 1573
54752 1977
71610 1652
51892 1859
83518 1458
53493 1680
74836 1533
78182 1319
53949 1775
72778 1006
89846 1950
89043 1946
87017 1803
83700 1350
71719 1114
57637 1360
78685 1518
85968 1906
95492 1868
79378 1035
74392 1024
52040 1474
99718 1039
88850 1853
93772 1874
71337 1017
83607 1679
58812 1822
55276 1904
50885 1389
56809 1002
64467 1584
93232 1025
91825 1899
67929 1988
88982 1365
74644 1794
88098 1429
94075 1597
88512 1641
50769 1150
91234 1893
95477 1640
94531 1896
60712 1121
80757 1552
73267 1985
85845 1652
59593 1715
65599 1515
99629 1527
75719 1370
63149 1458
68769 1791
73721 1191
95251 1023
93649 1672
63602 1342
94496 1301
64769 1648
95018 1459
95619 1225
66725 1456
90047 1302
56037 1613
80465 1830
57246 1644
64663 1806
87128 1482
68157 1804
69757 1973
81387 1600
94082 1590
63962 1113
91040 1923
57341 1081
93716 1206
87950 1043
61986 1298
75481 1355
94904 1286
87106 1192
75118 1210
69767 1465
70388 1130
92423 1490
64645 1040
72659 1805
85746 1506
58309 1612
98059 1659
79435 1443
91344 1930
78492 1871
98913 1956
50027 1336
87586 1652
84993 1836
89332 1565
89946 1702
60147 1835
76096 1457
87186 1456
71609 1976
53023 1049
86148 1318
75720 1822
76051 1399
60640 1650
95928 1100
62520 1136
61267 1201
69149 1411
85627 1182
89680 1765
58459 1125
54676 1604
50570 1445
70860 1147
94421 1462
52037 1483
53557 1220
78206 1384
84629 1829
67081 1165
52129 1249
57933 1294
52502 1014
83803 1394
94594 1020
56330 1742
57453 1136
68476 1244
99188 1417
67482 1001
52139 1421
94461 1783
58884 1539
96457 1757
96719 1285
67475 1783
50469 1131
93605 1007
66874 1003
88219 1343
71877 1057
58335 1598
74402 1534
68045 1999
99815 1625
65265 1974
63238 1959
69652 1290
95927 1790
72275 1120
94214 1879
93016 1573
59027 1909
63830 1083
96886 1824
59215 1204
97621 1532
76563 1712
87267 1502
89725 1832
52745 1452
82864 1521
70491 1419
66430 1601
79379 1060
76219 1382
68860 1398
55578 1768
55804 1304
97054 1286
90897 1146
76704 1975
89018 1550
50538 1808
75082 1371
85330 1895
88960 1241
73541 1140
61786 1583
51721 1584
52000 1409
83664 1116
99186 1646
99256 1665
69245 1303
63792 1447
58573 1760
91443 1507
82254 1927
61543 1180
66454 1762
63642 1114
93718 1348
54361 1605
79873 1607
78057 1660
73726 1249
77652 1147
94052 1543
85989 1725
99728 1295
54029 1253
71273 1835
98294 1954
69590 1844
54080 1653
69684 1267
64745 1394
91629 1180
72724 1508
84718 1142
85792 1167
60491 1143
80214 1286
66988 1667
71271 1145
87429 1016
92308 1670
87375 1093
53238 1734
58637 1178
99146 1923
50926 1949
53360 1711
71844 1263
78109 1435
84073 1596
68463 1256
76729 1494
81064 1153
71289 1033
50750 1938
68595 1430
87671 1292
58369 1741
79022 1781
92761 1691
60864 1739
58606 1604
54893 1248
64010 1107
56347 1155
74240 1911
62491 1443
181 181 181 53 53 359 359 359 359 359 124 124 124 124 254 254 95 95 95 95 374 374 0 0 0 0 0 155 155 155 155 41 41 0 0 0 0 105 358 358 358 358 358 0 386 27 27 37 37 37
181 181 53 53 0 328 328 359 359 161 124 124 20 20 254 254 254 43 103 103 374 374 0 391 391 391 0 0 0 73 73 41 41 0 147 0 105 105 105 105 157 0 0 0 386 386 27 0 37 37
181 181 53 53 0 328 328 122 122 161 161 161 89 20 20 254 254 43 103 103 103 341 341 17 17 391 0 0 0 0 73 41 41 297 147 0 0 0 157 157 157 0 0 291 291 386 386 0 52 52
0 0 0 0 0 328 129 129 122 202 202 202 89 89 43 43 43 43 341 341 341 341 69 17 17 391 324 0 0 0 73 231 231 297 147 147 0 0 252 15 0 0 10 291 291 0 0 0 52 52
295 0 0 0 328 328 129 129 122 309 309 202 89 89 89 156 156 115 115 115 69 69 69 324 324 324 324 222 72 72 231 231 297 297 396 396 396 252 252 15 15 15 10 10 10 0 0 0 0 11
295 295 295 0 128 128 128 128 309 309 275 275 9 159 159 156 156 145 115 325 325 373 373 324 324 222 222 222 72 83 83 83 297 297 396 396 396 252 64 64 64 15 15 10 10 0 0 0 0 11
286 286 0 0 128 128 137 128 309 275 275 275 9 159 159 145 145 145 115 325 325 142 373 373 88 88 88 139 72 83 83 83 230 230 396 277 277 36 64 120 276 133 133 133 133 0 0 0 0 11
286 286 0 0 0 128 137 137 137 137 137 331 9 136 136 131 131 131 131 142 142 142 373 88 88 2 2 139 139 83 83 139 230 230 230 277 277 36 120 120 276 0 0 0 0 0 0 0 0 11
158 158 158 30 30 30 30 377 45 137 137 331 9 136 136 394 394 50 50 18 18 356 356 356 356 2 2 2 139 139 139 139 230 213 277 277 277 36 120 276 276 0 204 5 0 5 0 0 0 0
0 0 158 226 226 30 30 377 45 45 331 331 344 186 394 394 394 394 50 18 18 356 1 271 271 2 2 2 112 112 288 213 213 213 277 337 337 36 337 337 276 204 204 5 5 5 163 0 0 0
0 0 158 226 226 30 30 377 377 45 344 344 344 186 394 394 40 50 50 86 86 1 1 271 271 271 13 13 13 112 288 288 288 213 382 337 337 337 337 316 316 204 204 204 163 163 163 163 163 163
0 0 0 3 3 205 205 205 311 311 16 16 186 186 186 40 40 303 303 86 86 1 207 207 207 350 350 350 13 112 390 390 390 213 382 293 293 316 316 316 316 204 319 351 351 351 75 75 0 0
0 0 0 3 3 205 205 205 311 311 16 16 35 35 82 40 40 303 106 364 364 224 224 224 207 350 350 350 141 141 390 390 265 213 382 382 293 77 77 385 385 319 319 351 244 351 75 75 0 0
0 0 0 0 0 0 0 87 87 16 16 87 35 35 82 40 303 303 106 364 364 224 224 152 152 282 282 369 141 141 141 390 265 265 265 382 293 77 77 385 385 319 319 319 244 51 51 273 170 0
0 0 0 0 0 0 104 87 87 87 87 87 317 333 82 82 303 303 106 106 292 292 152 152 307 282 282 369 141 26 26 390 390 383 383 346 346 375 375 375 31 66 66 66 244 51 273 273 170 170
0 0 0 0 0 0 104 104 114 114 114 114 317 333 333 82 93 93 169 169 292 292 22 22 307 307 46 369 369 237 26 26 383 383 383 346 346 375 375 31 31 31 31 66 244 51 273 273 170 170
0 0 0 0 0 0 387 104 285 285 285 114 317 317 333 93 93 169 169 221 292 292 22 22 22 307 46 46 46 237 26 26 383 383 383 346 346 19 19 31 31 395 395 334 244 244 343 343 0 0
0 0 0 0 0 0 387 387 387 285 285 317 317 317 84 218 218 221 221 221 292 292 195 195 22 307 25 198 198 237 237 26 362 362 336 336 336 19 19 395 395 395 395 334 334 343 343 0 0 0
0 0 0 125 0 0 0 261 261 318 318 208 245 84 84 218 218 218 399 399 327 44 195 195 22 25 25 198 198 135 135 362 362 287 336 336 336 264 264 395 368 368 368 334 334 343 0 0 0 0
125 125 125 125 0 58 58 58 261 318 318 208 245 84 223 218 218 256 399 399 327 44 44 365 22 25 366 366 366 135 135 287 287 287 336 336 264 264 313 395 270 270 368 368 334 188 188 188 0 0
134 134 0 0 0 58 217 217 261 261 208 208 245 323 223 256 256 256 174 47 327 327 44 365 365 81 127 121 366 135 135 135 287 287 304 294 294 68 313 313 270 270 368 0 188 188 289 289 0 0
134 134 0 12 12 217 217 217 261 250 250 245 245 323 223 223 256 256 174 47 47 47 44 365 365 81 127 121 121 107 107 389 304 304 304 294 294 68 68 313 200 270 0 0 188 188 289 289 0 0
269 269 269 12 0 0 217 94 250 250 154 154 323 323 223 223 256 256 174 174 44 44 44 81 81 81 127 127 121 107 107 389 304 304 304 294 126 68 68 313 200 270 0 0 0 0 0 0 0 0
269 269 269 12 0 0 217 94 94 0 154 154 274 274 274 274 247 247 247 235 235 7 7 81 353 353 127 127 121 121 389 389 304 67 67 294 126 126 126 313 200 270 0 398 0 0 167 167 0 0
0 0 269 269 0 0 94 94 0 0 154 63 314 314 314 247 247 166 235 235 190 7 7 81 353 191 191 127 340 340 241 283 180 67 67 168 126 126 126 313 200 0 0 398 0 0 167 167 249 281
192 0 0 0 0 0 0 94 0 63 63 63 329 314 314 314 247 166 166 166 190 190 190 352 353 191 191 127 340 340 241 283 180 67 67 168 126 14 255 255 255 255 398 398 0 0 249 249 249 281
192 192 164 164 78 0 0 0 0 21 21 0 329 329 329 55 55 55 55 55 190 190 190 352 353 191 191 326 340 340 241 283 180 67 168 168 211 14 14 14 60 263 263 0 0 0 0 267 267 281
192 192 164 164 78 201 201 0 21 21 0 0 322 322 322 322 308 308 308 32 32 185 185 352 352 191 191 326 326 326 241 283 180 180 211 211 211 355 355 14 60 60 263 0 290 290 0 267 267 281
192 192 164 164 78 201 201 0 0 0 0 0 321 322 322 322 214 308 308 32 32 185 185 117 352 352 352 348 348 299 242 242 242 380 380 380 39 355 355 238 60 60 263 290 290 290 0 34 0 0
0 0 164 164 78 201 201 0 0 372 372 321 321 29 29 29 214 298 74 74 272 272 80 117 117 330 330 91 348 299 242 242 242 380 39 39 39 355 355 238 60 175 175 175 34 34 34 34 0 0
0 0 0 0 0 0 262 0 0 262 372 321 354 354 354 29 214 298 74 74 272 272 80 80 117 330 330 91 348 299 98 98 233 233 335 335 28 363 363 238 60 175 175 175 92 92 310 0 0 0
0 0 0 0 0 257 262 262 262 262 372 354 354 193 193 392 214 298 74 74 187 187 187 80 301 301 330 91 91 299 299 98 98 233 8 335 28 363 363 238 92 92 92 92 92 310 310 165 0 0
0 0 0 259 0 257 257 262 262 397 372 354 354 193 193 392 183 298 338 74 187 187 80 80 301 301 301 301 301 345 345 98 98 233 8 335 28 28 199 238 238 189 178 178 178 310 165 165 0 0
54 259 259 259 0 300 257 397 397 397 397 339 339 220 193 392 183 183 338 119 119 119 119 203 203 203 301 206 345 345 97 97 8 8 8 194 194 194 199 238 238 189 178 76 76 76 165 165 0 0
54 259 259 259 259 300 300 300 300 300 302 339 339 220 220 392 183 183 338 338 338 338 203 203 33 33 33 206 99 99 97 97 97 266 266 347 194 284 199 199 199 189 153 153 76 76 0 0 0 0
54 54 54 357 357 116 116 116 116 300 302 302 302 258 220 220 220 173 173 253 253 253 148 148 33 33 206 206 99 99 99 266 266 266 266 347 194 284 284 260 189 189 153 153 76 76 0 0 0 0
54 54 357 357 210 210 210 210 144 90 302 302 302 258 268 268 268 173 173 96 96 253 239 148 148 148 206 206 305 305 99 279 279 279 266 347 234 234 284 260 260 260 153 153 153 0 0 371 0 0
0 0 0 0 278 278 278 144 144 90 90 349 349 258 258 268 268 173 23 96 96 160 239 109 109 109 109 206 305 305 305 279 279 179 266 347 347 234 234 234 130 130 296 296 371 371 371 371 0 0
0 0 0 0 278 278 278 144 144 90 90 349 349 61 23 23 23 23 23 79 160 160 239 239 239 239 182 206 150 150 150 179 179 179 209 209 347 234 234 234 130 130 296 296 48 48 100 100 0 0
0 0 0 0 278 278 113 113 248 248 248 349 349 61 61 61 23 23 111 79 160 149 171 171 171 171 182 182 182 150 150 179 179 209 209 209 212 212 212 212 57 57 57 123 48 48 48 100 100 0
400 400 0 0 184 184 184 113 248 248 38 38 143 61 306 306 111 111 111 79 160 149 149 149 227 227 65 65 65 108 150 179 179 209 209 209 212 212 246 246 246 246 57 123 123 48 196 0 0 0
400 400 42 0 370 370 184 113 113 113 38 38 143 143 306 306 111 111 111 79 376 149 149 149 227 227 65 65 65 108 108 108 225 280 280 280 280 118 246 246 246 246 123 123 196 196 196 0 0 0
42 42 42 110 370 370 370 370 378 236 236 236 236 143 59 59 59 0 376 376 376 384 384 384 384 227 227 227 70 70 70 146 225 225 225 312 118 118 118 118 315 332 240 123 151 151 151 151 56 56
0 0 110 110 370 361 361 378 378 342 236 236 236 367 367 59 59 0 0 376 376 384 384 384 384 227 0 0 70 0 0 146 146 320 320 312 4 4 229 118 315 332 240 240 240 172 151 151 56 56
0 0 110 197 361 361 177 378 378 342 342 342 342 367 367 59 59 0 0 376 379 381 381 381 381 360 0 0 0 0 0 146 146 320 320 312 4 4 229 118 315 332 332 240 240 172 172 0 0 0
0 0 101 197 197 197 177 177 177 177 388 388 228 85 85 85 85 0 216 216 379 379 215 215 360 360 0 0 0 0 0 0 0 0 0 312 312 229 229 0 315 315 62 240 240 172 172 0 0 0
0 101 101 101 101 101 177 177 102 177 388 388 228 228 0 0 0 0 216 216 232 379 215 215 360 0 0 0 0 0 0 0 0 0 140 229 229 229 229 0 0 62 62 62 0 0 0 0 0 0
71 71 162 162 243 243 102 102 102 102 138 138 0 228 0 0 0 216 216 216 232 49 49 0 0 0 0 0 0 0 0 0 0 0 140 140 140 0 0 0 0 62 62 62 0 393 0 0 0 0
71 71 162 162 243 243 102 251 251 138 138 138 0 228 0 0 0 0 232 232 232 49 49 0 24 0 0 0 0 0 0 0 0 0 176 176 140 0 0 0 0 132 132 0 0 393 393 219 219 0
71 71 162 6 6 6 6 251 251 138 138 0 0 0 0 0 0 0 232 232 232 24 24 24 24 0 0 0 0 0 0 0 0 0 176 176 176 0 0 0 0 132 132 393 393 393 219 219 0 0
