50 400 20
81978 1265
63790 1731
76853 1773
65909 1634
72898 1476
51512 1344
62299 1742
99759 1361
84099 1599
83984 1215
56549 1179
72319 1031
83341 1654
59669 1424
90586 1758
62560 1592
99127 1167
64999 1035
75374 1851
74610 1875
94764 1366
73329 1874
72932 1204
50778 1006
84492 1181
69411 1962
80606 1307
69022 1273
81675 1481
93086 1893
97061 1370
69845 1333
87351 1871
51297 1996
99099 1776
80745 1504
88058 1964
66901 1267
94921 1727
76505 1669
81364 1855
63330 1214
66490 1188
63884 1131
95165 1813
94270 1853
58394 1765
85602 1843
54035 1190
87113 1898
95359 1342
50522 1690
77945 1806
77679 1523
94267 1759
82706 1929
97623 1247
73414 1036
71631 1050
59776 1954
97298 1498
67963 1155
62498 1845
90513 1451
93386 1208
98637 1632
99319 1350
93740 1735
53724 1083
94511 1010
79511 1324
88460 1894
50412 1545
86141 1039
71020 1189
82739 1025
50936 1831
78768 1551
53257 1660
62326 1952
79241 1335
64523 1035
60440 1172
57777 1721
77458 1382
77696 1100
68193 1608
83327 1439
53847 1211
76594 1132
63259 1559
72555 1952
83240 1021
60583 1485
90061 1211
77699 1945
58242 1910
54079 1547
89445 1173
93028 1729
93888 1050
79572 1427
85043 1785
91348 1121
75280 1922
69633 1855
67023 1323
58840 1577
91298 1689
78656 1676
87541 1223
63398 1022
87624 1607
93277 1516
90454 1282
74041 1264
93706 1163
88347 1712
85019 1378
97882 1521
68600 1965
67943 1259
75428 1376
57373 1926
81646 1953
68722 1917
81358 1977
73079 1538
87350 1386
72653 1444
95672 1352
75135 1062
63994 1272
95990 1190
61137 1534
91933 1297
50076 1013
75527 1968
50375 1369
89710 1567
89762 1622
87540 1015
71791 1396
82205 1855
65455 1095
64522 1347
63530 1537
50363 1798
71852 1893
95012 1519
80306 1208
53393 1516
53210 1965
98760 1266
62748 1710
64537 1620
83743 1311
76526 1732
55290 1246
91624 1107
88866 1075
95808 1316
69944 1822
84729 1714
50812 1349
73581 1838
60397 1767
91495 1396
53104 1947
71056 1329
91271 1573
72960 1966
76375 1248
77529 1006
92569 1752
89735 1427
95708 1084
56412 1233
53812 1273
53364 1283
98111 1840
61398 1776
70780 1834
68830 1144
94846 1554
85272 1739
75170 1790
86844 1912
51303 1599
72461 1745
85984 1462
61039 1438
86948 1513
84731 1405
68902 1811
80037 1766
57508 1366
85469 1423
90264 1138
65693 1375
78673 1138
92296 1357
50092 1074
79359 1933
94957 1647
68783 1779
92727 1989
96103 1742
70399 1300
72525 1012
88434 1915
53176 1896
82557 1636
64907 1576
54030 1982
96830 1210
73283 1421
89521 1512
88500 1894
92537 1936
90360 1000
91926 1450
80794 1476
64540 1694
88660 1867
77505 1299
68229 1918
61840 1828
69640 1325
54853 1734
88344 1528
95886 1761
73604 1796
77178 1231
53020 1354
67210 1361
97300 1656
89408 1310
68003 1092
63945 1057
69089 1609
61459 1163
59491 1445
85009 1414
82624 1330
78248 1858
78981 1205
59365 1461
70301 1366
86876 1624
78388 1461
81758 1243
75632 1482
58816 1108
94415 1994
84904 1541
83254 1772
95836 1540
68756 1519
69100 1351
65207 1957
56923 1688
81541 1400
81730 1866
67037 1016
71950 1164
76413 1636
97176 1900
80068 1193
80608 1715
81792 1447
62207 1476
52318 1078
93733 1007
84000 1064
82029 1845
85788 1849
57848 1431
93272 1944
99774 1569
85076 1983
96962 1424
84717 1230
63641 1381
76460 1776
98396 1881
58199 1918
60833 1605
65342 1023
96638 1350
65044 1357
66452 1991
87908 1172
79311 1728
92042 1321
97579 1843
77680 1712
74298 1683
64986 1250
55845 1388
88396 1104
57125 1210
66337 1644
90331 1262
53337 1183
53138 1629
78194 1337
86927 1291
93724 1766
70331 1106
59597 1222
95991 1457
80276 1407
92350 1360
78683 1307
99731 1368
55464 1317
91680 1348
90892 1708
76071 1987
63152 1263
75249 1648
94316 1148
85552 1497
87082 1034
80788 1397
92185 1108
76292 1626
85903 1826
91223 1418
91190 1821
52513 1096
88360 1478
72279 1800
85785 1345
98984 1049
83966 1343
85079 1618
63085 1930
54812 1481
85959 1769
82376 1291
57880 1111
75451 1995
60661 1135
65607 1695
94470 1072
59506 1112
92391 1329
85119 1438
56046 1346
97202 1909
55102 1503
61629 1266
70966 1993
58185 1505
73002 1822
53251 1170
97623 1593
50446 1220
70783 1913
77652 1929
74795 1871
56407 1087
95083 1280
96151 1268
82988 1450
54597 1651
96393 1680
58779 1595
95325 1838
92609 1209
70033 1661
70556 1043
80360 1245
92729 1544
55450 1347
60693 1908
59911 1194
98901 1521
99463 1062
87380 1826
85559 1817
92407 1753
63852 1306
50931 1764
72932 1377
72773 1626
58873 1025
86251 1370
63386 1740
57433 1491
79191 1508
51090 1731
57602 1015
93409 1015
78718 1720
52839 1724
95122 1378
86371 1885
142 142 142 381 381 352 352 352 352 0 0 0 191 191 0 0 0 0 0 0 0 0 75 75 75 0 0 50 211 211 211 281 281 0 316 316 70 70 0 0 84 84 84 84 378 378 240 240 0 0
142 142 142 381 381 381 349 0 0 0 0 0 191 259 0 0 0 0 0 0 189 75 75 0 0 0 0 50 211 32 32 281 281 0 92 316 70 70 0 0 251 84 101 84 378 378 240 0 0 0
0 0 0 349 349 349 349 301 0 0 0 191 191 259 0 0 0 0 189 189 189 75 0 0 0 0 0 50 263 32 32 368 0 0 92 316 0 0 0 0 251 84 101 101 101 240 240 0 0 0
0 0 0 349 349 301 301 301 0 0 0 0 259 259 0 0 0 133 133 297 297 75 0 0 0 0 0 50 263 263 368 368 62 92 92 316 0 0 0 0 251 251 197 127 127 334 0 0 0 0
0 0 0 0 0 118 118 301 0 0 113 113 259 167 0 0 0 133 185 185 297 0 0 0 395 395 0 263 263 0 368 62 62 62 62 345 345 345 345 0 0 0 197 127 127 334 0 0 0 300
0 0 0 0 30 118 118 0 0 253 113 113 163 167 167 167 359 133 185 67 297 67 0 0 395 395 0 0 0 0 368 97 97 20 20 345 345 345 0 0 0 197 197 296 296 334 0 300 300 300
91 0 0 0 30 0 0 0 0 253 113 113 163 167 167 359 359 133 185 67 67 67 0 0 146 146 146 146 200 374 368 97 97 20 20 347 347 0 0 0 0 197 10 296 296 334 387 387 387 387
91 91 0 47 30 30 0 0 0 253 113 113 163 163 163 359 359 144 144 67 376 376 376 0 82 82 146 146 200 374 222 222 97 20 20 347 347 0 0 312 312 312 10 10 296 400 80 80 80 183
91 91 91 47 47 47 0 0 0 253 335 335 163 163 163 221 359 144 144 376 376 386 376 376 90 82 82 200 200 374 374 222 131 20 20 347 293 293 102 312 312 10 10 10 10 400 15 15 80 183
126 126 91 179 179 47 0 0 0 173 173 335 335 335 335 221 359 262 262 262 262 386 386 386 90 375 206 206 206 222 222 222 131 131 55 55 293 293 102 396 396 396 396 319 319 400 15 15 15 183
126 126 390 179 179 179 34 34 0 173 173 6 6 383 383 221 181 246 246 59 59 59 59 59 90 375 206 360 360 94 94 94 131 131 55 55 320 320 102 102 274 274 396 319 319 400 400 183 183 183
390 390 390 179 179 179 34 34 356 12 12 6 6 383 383 221 181 246 246 59 59 229 229 229 90 375 375 360 360 94 36 36 121 121 121 55 330 320 320 320 274 274 122 122 122 122 42 42 183 183
0 0 0 202 202 202 202 0 356 356 12 69 69 383 140 221 181 181 246 243 243 229 139 139 139 139 375 360 360 36 36 36 121 55 55 55 330 292 292 343 343 343 122 110 110 122 42 42 77 77
0 0 202 202 0 0 0 0 356 356 12 69 69 140 140 95 181 181 181 243 243 385 139 139 139 375 375 48 48 36 36 36 323 323 323 323 330 330 292 379 343 343 110 110 134 134 134 134 77 0
0 0 202 0 0 0 0 114 114 356 69 69 69 108 140 95 95 93 93 223 223 385 99 99 128 128 128 48 48 87 87 87 87 323 323 57 57 330 292 379 201 201 201 353 353 353 353 195 77 0
0 0 0 0 0 192 114 114 114 114 313 313 108 108 140 95 93 93 93 223 223 385 99 26 26 128 128 48 48 48 48 87 87 342 377 57 57 361 361 379 379 228 201 196 196 380 195 195 0 0
0 0 0 0 0 192 114 25 25 25 313 313 108 315 140 95 103 103 103 103 385 385 99 252 26 26 26 124 214 214 199 199 342 342 377 377 377 361 361 322 322 228 228 196 196 380 195 332 332 0
0 271 271 0 0 192 114 25 25 14 315 315 315 315 145 145 103 103 103 4 4 4 4 252 156 156 156 124 214 60 199 199 342 254 254 254 377 322 322 322 231 228 228 380 380 380 195 332 332 0
0 0 271 0 0 192 309 226 226 14 315 268 268 268 186 145 145 115 115 143 143 24 252 252 135 135 156 124 214 60 60 254 254 254 307 307 307 322 231 231 231 149 149 241 241 328 328 328 0 0
0 0 271 271 0 309 309 226 226 14 14 268 186 186 186 186 239 115 115 143 143 24 135 135 135 135 156 124 124 124 60 81 284 284 284 284 307 231 231 231 177 149 149 241 241 328 0 0 0 0
0 0 0 271 309 309 309 29 29 29 29 346 346 337 337 337 239 239 239 16 143 24 372 372 372 372 156 175 175 175 175 81 81 81 178 178 178 231 177 177 177 260 261 261 261 261 0 0 0 0
0 168 168 168 204 204 391 391 391 391 29 346 346 337 337 337 239 239 16 16 16 24 9 372 372 219 219 219 304 220 220 220 53 53 53 38 178 306 306 177 260 260 261 261 261 190 190 0 0 0
0 168 168 168 204 204 276 391 391 272 272 242 242 52 337 52 52 239 16 152 152 152 9 372 372 219 219 219 304 304 220 220 8 53 53 38 38 38 306 306 260 247 247 247 190 190 63 0 63 35
0 0 129 129 129 276 276 391 272 272 242 242 242 52 52 52 52 239 16 152 152 152 9 9 40 40 73 219 219 304 111 111 8 8 8 162 162 38 230 306 336 336 336 247 247 190 63 63 63 35
299 299 129 393 276 276 88 88 88 384 384 160 160 160 350 350 350 350 249 249 249 152 9 9 40 40 73 137 137 304 277 111 111 275 275 275 162 38 230 230 336 336 336 270 270 190 190 298 298 35
299 299 299 393 393 393 88 88 88 384 384 160 160 350 350 350 105 321 321 249 249 152 165 165 165 165 73 73 137 137 277 277 277 275 275 162 162 38 230 230 336 270 270 270 7 7 298 298 298 35
0 0 0 341 341 341 64 355 355 355 45 45 45 45 256 350 105 105 321 321 249 321 165 255 255 165 19 151 11 11 277 277 277 275 275 286 286 230 230 58 58 278 278 7 7 7 225 225 225 35
324 324 0 341 341 341 64 355 355 355 279 279 279 100 256 265 105 105 105 321 321 321 255 255 255 165 19 151 11 11 155 74 74 74 83 286 286 166 166 58 58 278 278 0 207 207 225 370 370 370
324 324 317 317 317 341 64 64 355 279 279 279 100 100 256 265 265 72 72 72 79 364 364 85 85 165 19 151 11 11 155 74 74 83 83 286 233 233 166 58 58 278 278 0 207 207 207 0 0 370
0 369 369 317 317 161 161 64 325 325 234 279 100 358 256 256 265 72 79 79 79 364 364 85 85 85 19 151 11 155 155 74 74 83 310 310 233 233 51 51 51 278 278 0 0 207 147 147 0 0
0 0 369 157 157 161 280 285 325 325 234 234 234 358 256 46 46 46 79 79 17 364 364 96 96 96 19 76 155 155 294 294 248 248 310 310 233 51 51 51 51 0 0 0 0 147 147 305 305 0
0 0 369 157 157 161 280 285 285 234 234 21 21 358 302 46 46 46 79 17 17 308 308 65 65 96 19 76 76 76 294 248 248 44 44 44 233 120 120 120 98 98 339 0 0 0 0 0 305 0
0 0 0 153 153 280 280 285 285 234 234 21 21 358 302 302 37 37 79 17 17 308 308 23 65 329 398 398 258 258 294 248 248 340 340 44 39 89 120 120 98 98 339 0 0 0 0 0 305 0
0 0 0 153 153 280 215 285 208 68 68 21 21 21 21 302 37 37 290 17 23 23 23 23 65 329 398 398 258 258 2 2 2 2 340 340 39 89 354 354 354 354 339 339 5 0 0 0 305 0
0 0 0 0 0 0 215 215 208 68 68 203 203 327 198 198 37 37 290 17 117 117 117 394 394 329 398 398 258 2 2 397 288 288 288 288 39 89 89 56 56 56 339 339 5 43 0 0 0 0
331 331 22 22 0 0 172 215 208 208 203 203 203 327 198 198 66 37 290 290 117 117 117 394 394 329 398 112 112 397 397 397 288 288 213 213 39 89 210 210 56 56 78 339 5 43 0 0 0 0
331 331 22 22 333 333 172 172 172 125 125 203 326 327 264 66 66 66 238 238 117 117 394 394 104 112 112 112 112 397 397 266 266 266 213 213 318 210 210 210 210 56 78 339 5 43 236 236 0 0
33 33 287 287 333 333 333 159 172 125 125 203 326 327 264 264 264 66 238 366 366 366 104 104 104 112 112 109 218 218 218 170 170 266 169 169 318 193 193 210 210 78 78 78 78 43 54 236 236 0
33 33 0 287 107 107 159 159 150 150 399 399 326 326 264 264 106 66 238 238 366 366 104 104 104 104 109 109 218 362 362 170 170 169 169 169 318 193 193 273 273 273 273 273 78 78 54 54 0 0
0 0 0 287 287 107 159 194 194 150 399 116 116 116 264 106 106 49 244 244 244 367 367 367 187 187 109 109 362 362 357 357 170 119 119 119 318 61 61 61 273 273 232 232 232 54 54 54 0 0
250 250 314 314 287 107 194 194 194 150 399 116 116 116 49 106 49 49 244 154 244 367 367 382 187 187 267 267 41 41 357 357 245 119 119 119 318 61 61 61 273 311 257 232 232 123 123 212 0 0
250 250 314 314 205 205 209 209 344 344 0 0 180 180 49 49 49 154 154 154 338 338 382 382 365 365 267 267 41 41 357 245 245 119 224 224 3 61 3 3 3 311 257 257 257 123 123 212 0 0
0 0 0 0 205 27 209 209 344 344 0 0 0 180 180 49 171 171 171 171 338 338 382 382 365 365 303 303 303 303 357 245 245 130 224 224 3 3 3 182 3 311 311 257 257 257 237 212 212 212
0 0 0 0 205 27 176 176 176 176 0 0 0 0 269 269 171 171 171 171 338 289 136 136 216 216 235 235 28 303 357 245 130 130 224 224 224 0 0 182 311 311 311 13 13 13 237 237 158 158
0 0 0 0 205 27 176 176 0 0 0 0 0 0 269 373 373 351 1 289 289 289 136 136 216 235 235 28 28 303 130 130 130 188 188 71 71 0 0 182 182 348 348 348 392 13 237 237 158 158
0 0 0 0 0 27 138 227 227 227 227 227 0 0 269 373 373 351 1 1 1 0 291 291 216 0 28 28 28 28 282 130 184 188 188 71 71 0 0 0 0 0 348 348 392 237 237 217 158 158
0 164 164 164 138 138 138 227 227 227 389 389 0 0 0 0 0 351 351 1 0 0 291 291 216 0 148 31 31 282 282 130 184 184 188 0 0 0 0 0 0 0 388 388 392 392 217 217 0 0
0 0 0 164 132 132 132 0 174 174 174 389 0 141 141 141 141 371 371 371 0 0 0 295 295 0 148 31 31 282 282 282 184 184 188 0 0 0 0 18 0 0 363 388 392 392 217 0 0 0
86 86 164 164 132 0 0 0 0 0 174 389 0 0 0 0 0 0 0 371 0 0 0 295 295 0 148 283 283 282 282 0 0 0 188 0 0 0 0 18 363 363 363 388 392 392 217 0 0 0
86 86 0 0 0 0 0 0 0 0 0 0 0 0 0 0 0 0 0 371 0 0 0 0 0 0 148 283 283 283 283 0 0 0 0 0 0 0 0 18 18 18 18 0 0 0 0 0 0 0
