50 400 20
69305 1898
68978 1796
56612 1832
93134 1748
61621 1498
98805 1165
63234 1223
70818 1799
88769 1136
64092 1656
77491 1529
62120 1333
53017 1100
53245 1083
56396 1735
69588 1068
74054 1881
70335 1054
63544 1139
75639 1818
91799 1323
51123 1611
97537 1284
78913 1497
51199 1036
88141 1430
59672 1664
51845 1440
88886 1576
62993 1654
99581 1811
60405 1867
89057 1345
58336 1878
97513 1965
65138 1289
66819 1545
67099 1498
72272 1670
58805 1067
61861 1210
80301 1956
96723 1330
61201 1248
94934 1979
59694 1790
90470 1325
99320 1259
99973 1209
69684 1974
89979 1036
53586 1257
92699 1214
98621 1905
99618 1444
97544 1577
96280 1488
55271 1238
56807 1375
57677 1563
73113 1972
88092 1804
69527 1383
68718 1393
90500 1306
87713 1410
89946 1393
90450 1793
69937 1044
68826 1908
88481 1264
71988 1473
78070 1343
98265 1085
70018 1932
75496 1863
50712 1077
89852 1778
57152 1151
85556 1763
60464 1088
77567 1069
71726 1705
72608 1206
88914 1348
89393 1203
92544 1323
58373 1159
79311 1519
78760 1981
59284 1628
97033 1461
98338 1426
72479 1065
99235 1303
54277 1584
68370 1312
95313 1229
59644 1510
61920 1987
77793 1295
60043 1649
68614 1053
96342 1833
94693 1599
85618 1288
73758 1343
73240 1178
97971 1500
68599 1980
93024 1979
91774 1946
50066 1922
55034 1226
76953 1590
59033 1340
67011 1755
51146 1105
76299 1157
90742 1999
98725 1907
58489 1258
80507 1939
60304 1078
59462 1429
88118 1294
53032 1758
56243 1799
86967 1089
59090 1094
75044 1957
51938 1577
75085 1569
50829 1785
71170 1961
82545 1038
79456 1758
76301 1604
94488 1869
79055 1755
81133 1688
62127 1077
98965 1463
61675 1525
73611 1925
58910 1231
66216 1161
72277 1508
76824 1302
55018 1803
93091 1507
91756 1494
79284 1828
59376 1563
70296 1603
74328 1604
56220 1470
88672 1835
53984 1465
77332 1531
61086 1520
65931 1066
71868 1157
94506 1618
91292 1868
72867 1377
61540 1828
53953 1265
64460 1235
67827 1950
76541 1070
93741 1668
60959 1362
51226 1868
51128 1528
51665 1664
76711 1100
58006 1240
92624 1091
88352 1829
68712 1102
64561 1319
57303 1229
96438 1717
80167 1535
93821 1335
63042 1052
80163 1387
74240 1967
91133 1594
63832 1934
51000 1305
75246 1383
69923 1007
77234 1189
90552 1254
94857 1976
61873 1754
83298 1380
64483 1626
53323 1170
74638 1892
94299 1695
89923 1950
52302 1297
95982 1413
51295 1481
92162 1280
51562 1830
91113 1701
67720 1140
93336 1820
94135 1481
86718 1637
92671 1929
64333 1890
67620 1557
58245 1670
61922 1198
62753 1811
57341 1134
69627 1679
81981 1221
95497 1468
88043 1068
79465 1047
87248 1581
51166 1283
70629 1766
54039 1990
86089 1427
81837 1559
98511 1526
90875 1670
70371 1803
58842 1519
59240 1820
89374 1646
66001 1360
58529 1244
99917 1895
72153 1356
81926 1891
67102 1015
78393 1425
85160 1454
77180 1905
74506 1809
57550 1975
54091 1233
79987 1824
96359 1680
60464 1526
54479 1435
55786 1839
73049 1534
76960 1449
85558 1605
85120 1279
57393 1763
58981 1135
51777 1234
91481 1956
72460 1417
89535 1935
56797 1702
93582 1235
91447 1177
80365 1272
89579 1473
66434 1910
73286 1623
91813 1460
55103 1694
70977 1409
76437 1769
64053 1751
86255 1678
87259 1720
87025 1731
78850 1362
93915 1990
66335 1338
97825 1486
96268 1651
50194 1258
61545 1060
74636 1262
77909 1545
63481 1243
76310 1628
89077 1205
66999 1489
54198 1333
85324 1075
89196 1589
94262 1404
96515 1358
78713 1227
83043 1752
79864 1626
62367 1164
83132 1886
63499 1170
51629 1385
52151 1007
68043 1758
62329 1020
68430 1880
76699 1806
81335 1182
85382 1297
97171 1948
51005 1574
63401 1039
56511 1155
86626 1878
82821 1604
77511 1570
52680 1932
80873 1519
87804 1987
53001 1905
83874 1177
72940 1883
52090 1389
74799 1669
83034 1342
55789 1118
70292 1629
89102 1354
59092 1190
86494 1392
89461 1084
76762 1152
82977 1006
65838 1260
75251 1820
90340 1484
73997 1622
54215 1111
63468 1478
77648 1126
71208 1222
84914 1699
72609 1405
89140 1034
93338 1745
94575 1990
79480 1860
76992 1772
69624 1336
72875 1543
54682 1591
87889 1799
50516 1977
59073 1539
75005 1000
79379 1882
57146 1644
97366 1189
77136 1391
52332 1711
61540 1035
57968 1819
89569 1113
60574 1852
57272 1789
78668 1974
97833 1793
76887 1708
95381 1144
74486 1948
50339 1736
59198 1535
90937 1090
69471 1798
63364 1567
87763 1736
60602 1022
90419 1800
70053 1105
87585 1373
96767 1257
52509 1928
91770 1502
90917 1897
95034 1917
82297 1105
91537 1718
65649 1632
71873 1096
97563 1682
67148 1840
77831 1470
53043 1596
88532 1651
87382 1454
71502 1988
98701 1852
0 0 0 0 189 189 189 189 41 41 41 41 41 0 0 0 0 0 0 0 91 91 0 0 0 0 0 0 0 0 0 0 0 0 0 0 276 276 276 276 273 273 273 0 0 0 0 0 244 160
0 0 0 0 189 292 394 394 394 88 88 234 234 352 352 0 0 21 21 0 91 0 0 30 325 325 325 325 325 152 0 0 0 0 0 0 0 0 0 276 27 27 273 0 0 0 0 244 244 160
0 0 95 95 338 292 292 394 394 88 88 234 234 352 352 0 47 21 0 0 91 0 30 30 325 66 66 152 152 152 0 0 0 0 0 240 240 0 0 0 0 27 27 39 39 58 58 244 244 160
0 0 95 95 338 292 292 259 259 259 218 218 234 352 47 47 47 21 137 137 248 30 30 30 325 66 66 66 152 152 152 7 7 7 7 240 0 0 0 0 0 27 27 39 39 58 58 58 244 160
0 0 0 0 338 267 267 259 259 15 218 218 360 360 360 47 137 137 137 137 248 226 125 125 333 333 66 293 293 293 293 53 53 53 240 240 0 238 238 122 0 0 27 0 0 0 58 58 0 0
0 0 0 0 338 267 267 267 259 15 15 15 360 287 287 287 137 55 104 104 248 226 125 125 333 333 144 144 144 144 272 53 53 53 53 171 238 238 122 122 122 0 27 57 0 0 58 0 0 0
0 0 0 0 0 267 267 0 335 335 1 15 15 287 287 287 137 55 104 248 248 226 226 25 25 144 144 272 272 272 272 176 176 6 6 171 171 171 122 122 86 60 60 57 0 0 0 0 0 0
0 0 0 0 0 0 0 0 335 335 1 15 345 345 345 345 55 55 104 104 248 396 396 25 25 382 382 382 382 272 272 176 176 214 6 379 188 221 221 86 86 60 60 57 57 57 140 0 0 54
143 69 0 0 0 0 393 134 134 1 1 141 141 345 345 345 55 55 104 104 278 278 396 25 25 154 154 154 382 256 256 214 214 214 6 379 188 188 221 86 201 201 201 57 22 57 140 0 54 54
143 69 69 169 262 262 393 393 134 134 62 141 141 141 26 378 378 378 378 153 278 278 396 25 25 154 154 154 154 256 256 368 356 356 356 379 271 188 221 0 201 22 22 22 22 140 140 54 54 54
143 69 69 169 262 262 393 393 134 134 62 62 62 26 26 133 133 133 133 153 153 153 68 16 227 227 227 227 195 195 304 368 368 368 356 379 271 188 373 0 0 0 0 0 0 0 0 108 108 108
143 69 169 169 210 40 393 393 236 236 236 239 26 26 75 75 133 133 133 153 153 153 68 16 16 16 227 227 195 195 304 304 304 304 304 379 271 188 373 373 373 151 151 314 314 0 0 0 0 108
0 0 0 0 210 40 40 236 236 236 236 239 239 239 75 75 133 204 204 204 204 68 68 220 220 220 220 195 195 195 334 334 334 193 145 271 271 289 373 373 332 332 151 314 314 0 0 0 0 0
0 38 210 210 210 17 40 236 187 159 46 46 67 67 301 301 301 301 212 366 366 68 68 220 217 217 209 209 250 250 250 334 334 193 145 271 271 289 289 373 332 332 151 314 314 270 0 0 0 0
0 38 210 210 17 17 40 40 187 159 159 46 67 67 301 301 301 301 212 366 366 366 277 220 217 217 209 209 250 150 150 72 193 193 145 279 74 74 289 289 130 130 149 149 149 270 270 0 0 0
38 38 219 219 17 203 203 370 187 159 159 46 79 67 67 67 212 212 212 388 388 277 277 277 277 247 45 45 168 150 72 72 72 50 145 279 74 74 130 130 130 130 149 149 268 268 270 0 0 0
194 194 219 219 288 203 203 370 187 159 320 320 79 269 269 67 76 212 212 388 388 277 398 371 371 247 45 45 168 150 72 50 50 50 279 279 59 59 130 130 103 103 103 328 268 268 291 0 0 0
194 14 219 219 288 288 370 370 237 237 320 320 79 269 269 76 76 76 101 388 277 277 398 371 371 247 247 168 168 168 72 33 33 33 89 279 82 59 59 103 103 103 103 328 328 328 291 291 291 0
194 14 219 288 288 233 232 232 237 237 85 85 79 269 124 76 76 76 101 388 388 389 398 398 371 8 8 8 132 132 72 33 33 33 89 89 82 246 246 246 246 246 246 246 31 0 0 0 0 0
14 14 14 347 233 233 232 196 196 196 85 85 316 316 124 124 266 192 101 101 388 389 389 398 371 8 8 132 132 19 19 19 173 173 89 89 82 82 142 142 390 390 97 97 31 31 0 0 0 0
14 14 347 347 233 380 232 196 196 229 229 316 316 316 316 124 266 192 192 192 192 11 389 350 350 350 138 138 138 19 19 173 173 126 126 126 126 126 142 142 390 390 97 97 31 324 0 0 0 0
340 340 347 380 380 380 196 196 196 229 229 29 230 230 230 230 266 266 261 261 192 11 216 216 350 350 184 184 138 138 367 367 113 113 99 99 245 245 131 131 131 131 97 112 31 324 0 0 0 0
340 340 380 380 178 61 61 2 2 73 73 29 206 206 206 106 28 28 261 261 11 11 216 216 350 350 184 184 65 65 367 113 113 113 99 99 245 245 156 131 131 100 112 112 112 324 0 0 0 0
0 0 178 178 178 61 61 2 2 73 73 29 319 319 206 106 23 28 123 123 11 11 300 300 300 295 295 65 65 65 367 113 243 243 243 71 71 327 156 156 131 100 112 112 112 324 0 0 0 0
0 0 0 307 307 307 307 2 2 2 73 29 319 319 106 106 23 28 147 123 11 197 300 363 363 295 295 65 65 136 113 113 317 399 243 71 71 327 156 156 100 100 284 253 253 253 9 0 0 158
0 0 0 307 302 385 385 385 385 385 73 228 228 319 23 23 23 147 147 123 123 197 197 309 363 127 199 199 199 136 283 283 317 399 243 327 327 327 381 381 24 284 284 253 264 253 9 158 158 158
315 315 302 302 302 385 385 385 303 228 228 228 319 319 146 146 146 147 208 208 105 105 197 309 363 127 127 199 199 136 283 362 317 399 399 327 299 299 381 381 24 284 284 264 264 9 9 158 158 252
315 315 315 0 0 0 0 303 303 83 83 98 98 98 146 180 180 208 208 318 105 309 309 309 42 42 127 199 199 136 283 362 317 399 399 114 299 299 299 299 24 284 284 264 331 331 158 158 0 252
181 181 0 0 0 0 0 303 322 83 98 98 231 231 231 180 180 177 177 318 105 105 309 42 42 170 170 170 211 211 362 362 254 254 114 114 114 310 310 310 24 24 331 331 331 331 257 257 0 252
181 0 0 0 0 129 129 48 322 83 349 349 231 231 225 225 225 177 177 318 318 34 34 93 93 170 87 87 211 211 139 139 254 49 114 386 114 310 116 12 12 96 96 96 96 331 257 257 0 252
181 0 0 0 0 129 48 48 322 322 349 349 231 231 225 225 213 213 213 213 36 34 93 93 56 56 87 87 211 211 211 139 254 49 386 386 109 109 116 116 12 12 70 70 70 0 0 0 0 0
0 0 0 0 0 129 48 120 120 322 349 349 349 251 213 213 213 94 36 36 36 34 93 93 56 330 87 354 354 354 354 139 49 49 386 386 109 109 5 116 116 12 202 202 70 0 0 0 0 0
0 0 0 0 0 48 48 120 120 249 249 249 118 251 94 94 213 94 36 36 175 323 323 323 56 330 198 198 354 354 51 51 51 51 386 386 5 5 5 5 344 12 202 70 70 0 0 0 0 0
0 0 0 0 298 298 78 120 120 249 369 118 118 251 251 94 94 94 175 175 175 323 323 323 330 330 198 198 354 354 51 51 51 51 281 281 5 63 364 364 344 12 202 182 0 0 0 0 0 35
0 0 0 0 298 298 78 120 120 369 369 118 285 285 285 326 148 94 175 175 115 115 115 115 330 351 351 351 306 306 20 281 281 281 281 63 63 63 364 364 344 344 344 182 182 0 0 0 35 35
0 313 313 313 313 298 78 369 369 369 369 118 285 285 179 326 148 148 274 274 191 191 115 115 330 377 377 351 306 306 20 20 20 281 281 341 341 63 364 364 364 364 182 182 348 348 0 0 35 0
290 290 290 290 313 78 78 78 167 167 10 10 179 179 179 326 148 148 274 274 191 191 157 377 377 377 377 395 395 395 397 397 397 397 397 341 341 63 296 296 355 355 355 117 348 348 0 384 384 0
290 290 290 290 313 43 43 167 167 167 18 10 10 10 10 326 326 326 326 274 224 224 157 157 107 107 52 395 395 395 397 397 397 308 308 294 294 63 296 296 355 117 117 117 128 165 0 384 384 0
0 0 0 313 313 43 43 43 167 167 18 81 155 155 119 119 119 207 207 207 161 224 224 157 107 52 52 395 222 222 183 183 308 308 294 294 294 63 296 296 117 117 117 117 128 165 165 165 0 0
0 358 358 44 44 44 3 3 167 18 18 81 81 155 374 374 119 207 207 207 161 161 107 107 107 52 365 365 222 222 183 183 400 339 339 339 339 186 174 205 205 205 205 64 128 128 128 200 200 0
358 358 358 44 44 44 3 3 241 241 241 81 81 155 374 374 84 84 84 207 161 161 161 107 297 297 365 260 260 260 343 343 400 339 339 186 186 186 174 166 166 64 64 64 121 121 200 200 342 342
265 265 265 265 255 255 255 255 241 241 80 80 155 155 163 163 286 84 84 361 361 361 190 190 190 297 365 260 260 260 343 343 400 339 339 186 186 174 174 166 275 275 223 223 121 357 357 357 342 342
336 336 265 336 255 255 255 372 241 241 80 80 155 0 163 163 286 321 321 361 361 361 190 190 305 297 365 365 365 260 375 375 400 400 400 110 110 110 110 166 275 275 223 223 121 357 357 0 0 0
336 336 336 336 255 391 391 372 372 372 77 77 77 0 0 0 286 321 321 361 162 162 190 190 305 297 359 359 359 0 0 375 375 0 0 0 387 387 387 387 102 102 242 242 383 383 383 0 0 0
0 0 0 329 329 391 391 37 37 372 77 280 0 0 0 0 286 286 286 162 162 162 312 312 305 305 263 359 359 0 0 0 375 375 0 0 387 387 387 387 102 102 242 0 0 0 383 0 0 0
0 0 0 329 329 391 391 37 37 372 372 280 280 337 0 0 0 0 164 164 164 235 312 172 305 305 263 263 263 0 0 0 375 392 392 0 0 0 0 0 102 102 242 0 0 0 376 376 0 0
0 0 0 0 0 258 391 258 258 311 372 280 280 337 0 32 32 32 164 164 164 235 312 172 172 111 0 0 0 0 0 0 0 392 392 0 0 0 0 0 185 102 0 0 215 215 376 376 0 0
0 0 0 0 0 258 258 258 258 311 280 280 337 337 0 32 90 90 90 282 282 235 235 235 172 111 0 0 0 0 0 0 4 4 4 0 0 0 185 185 185 102 0 0 215 13 13 13 0 0
0 0 0 0 0 0 258 135 135 311 311 311 337 337 0 0 0 0 90 282 0 0 92 92 92 111 111 0 346 346 0 0 0 0 4 0 0 0 0 0 0 0 0 0 215 13 13 13 0 0
0 0 0 0 0 0 135 135 135 135 0 0 0 337 0 0 0 0 90 282 0 0 0 92 92 111 111 346 346 346 0 0 0 0 0 0 0 0 0 0 0 0 0 0 13 13 353 353 353 353
