50 400 20
72182 1407
73888 1856
93609 1934
94459 1042
89435 1037
90333 1413
55263 1291
94228 1937
95639 1216
80692 1568
63576 1621
93893 1586
91056 1016
54587 1236
53200 1374
90847 1795
98396 1019
70775 1080
96797 1791
88704 1905
97574 1282
63975 1548
72872 1918
74021 1666
83693 1865
68356 1034
54337 1808
87473 1054
58472 1093
96151 1261
57843 1011
56467 1240
54154 1234
54192 1861
73495 1940
84247 1621
78211 1743
65311 1825
86165 1269
70616 1191
91447 1526
57199 1709
57959 1764
77219 1158
61377 1726
50932 1938
56909 1180
63661 1788
54246 1730
53616 1050
86578 1711
83056 1098
53226 1859
71289 1394
79272 1742
98455 1378
81776 1692
91780 1621
80673 1228
53796 1683
52982 1419
76511 1504
57225 1267
89996 1450
85952 1686
75107 1798
79622 1624
89830 1191
93398 1492
67369 1655
98163 1089
70494 1724
94272 1327
55427 1297
76317 1663
89266 1982
94284 1407
75987 1377
64255 1419
61514 1156
57152 1281
67557 1285
62311 1651
96162 1676
68073 1969
57372 1665
85585 1344
52340 1049
86766 1764
76580 1538
53734 1611
51491 1050
58580 1888
71822 1799
93845 1694
57708 1570
91224 1050
86812 1077
56042 1711
58442 1890
73775 1860
58515 1090
77247 1584
54991 1546
78826 1718
89961 1893
59520 1313
83642 1652
60822 1735
91243 1953
89611 1118
74277 1990
55015 1555
86587 1305
76066 1065
62596 1901
89848 1342
90347 1343
71450 1035
51553 1124
77573 1913
70269 1519
69468 1671
52287 1783
79218 1445
89705 1035
76030 1902
97278 1610
68780 1261
83603 1469
78333 1396
91799 1327
95375 1914
91782 1945
58048 1662
61418 1278
81330 1473
70788 1664
85008 1892
82232 1868
68399 1823
92653 1275
58726 1375
72261 1134
87395 1763
52616 1993
77483 1337
98696 1998
70522 1253
86411 1808
62004 1404
88118 1044
95361 1132
99859 1266
93407 1419
88746 1835
99667 1980
87214 1275
52475 1079
84744 1207
79498 1066
99761 1063
64690 1720
94449 1243
81586 1379
81426 1141
79281 1391
86726 1897
88556 1146
90989 1203
63104 1912
60334 1087
92113 1789
83119 1303
87127 1311
72010 1439
53473 1749
97440 1836
93254 1813
92399 1822
79491 1625
55941 1132
95440 1083
68067 1476
67463 1192
95612 1892
82135 1230
60811 1421
52297 1013
59907 1563
62461 1308
56003 1202
86132 1590
50450 1378
71415 1056
56406 1959
80122 1985
91932 1658
90428 1084
94144 1882
57281 1859
56055 1202
81357 1210
57709 1952
98350 1232
92332 1813
57966 1064
64523 1344
60589 1549
63112 1655
74870 1461
63592 1119
98763 1394
77674 1609
60351 1825
76233 1451
92702 1376
58856 1125
55020 1271
62619 1670
50214 1109
59163 1554
98795 1288
54111 1692
64897 1747
99228 1122
93920 1383
58694 1013
63007 1385
63277 1233
57972 1950
98194 1569
66240 1825
92176 1658
99895 1628
63413 1211
78981 1291
88987 1847
83585 1885
82044 1919
72259 1517
97665 1373
70250 1019
82849 1870
78592 1345
50743 1841
70432 1333
53134 1590
93483 1401
67969 1401
59169 1301
51896 1582
84533 1242
96697 1190
88810 1827
53541 1671
93795 1286
78644 1670
59323 1988
50109 1893
95845 1012
80918 1246
76257 1891
97621 1867
95344 1993
94096 1355
94019 1026
89061 1105
82999 1051
89662 1914
97953 1551
55024 2000
59850 1315
95433 1901
93458 1604
93561 1897
74379 1239
69678 1228
94467 1795
77291 1403
53585 1193
96873 1879
76764 1247
58833 1372
72752 1749
62248 1707
68429 1326
61503 1711
89991 1683
50103 1439
55844 1821
86554 1189
96037 1293
70364 1366
99127 1993
61444 1894
53023 1424
95637 1184
88531 1226
93519 1590
88411 1165
63129 1486
57494 1166
64913 1070
71354 1049
90110 1629
91294 1566
90997 1827
80253 1342
96869 1649
55804 1231
67260 1553
75499 1016
78440 1272
71418 1097
84555 1221
91937 1821
71305 1667
81146 1274
81269 1354
92858 1425
93132 1812
73325 1019
77589 1510
64832 1042
96032 1037
82008 1520
69430 1482
94176 1318
54507 1588
84653 1616
86972 1666
76479 1429
57393 1294
59617 1062
72775 1978
52549 1797
51281 1602
55244 1604
81256 1462
64044 1580
57449 1211
73585 1576
54796 1642
55755 1044
50375 1276
64261 1514
77797 1911
58848 1115
97811 1727
94203 1373
82222 1334
92335 1669
53352 1375
87121 1312
70085 1775
73243 1794
61423 1846
96185 1638
76734 1691
82789 1640
74089 1519
67578 1846
87024 1925
80615 1214
70194 1820
81181 1772
71783 1247
59470 1773
58232 1931
57117 1168
89716 1716
51488 1031
97065 1569
50343 1967
75578 1655
99878 1977
87411 1808
56372 1923
67341 1321
83365 1633
72374 1267
96301 1609
89498 1098
62209 1449
83291 1133
52036 1363
54317 1853
90555 1991
66916 1423
89859 1474
50681 1822
72834 1936
60739 1240
57185 1374
54196 1273
94365 1749
70012 1455
68049 1090
54323 1355
252 252 0 0 0 0 0 0 0 0 0 0 0 0 0 0 0 0 211 211 211 94 94 0 0 0 0 0 0 0 0 0 0 0 0 0 0 0 0 0 141 141 0 0 0 0 0 0 0 0
252 0 0 0 0 0 0 0 0 0 0 0 0 0 152 0 0 0 211 253 253 253 94 0 0 0 0 0 43 0 0 0 0 0 0 0 321 321 321 321 141 0 0 0 0 242 242 0 0 0
252 0 0 362 362 362 367 0 0 0 0 0 0 0 152 152 0 0 0 0 253 253 94 0 66 0 0 43 43 43 0 0 162 162 162 0 0 254 254 92 141 0 0 0 0 242 242 0 0 0
252 0 0 0 0 362 367 367 0 0 0 0 216 216 152 152 105 369 369 200 200 200 94 0 66 66 43 43 262 262 262 268 162 162 162 0 254 254 254 92 92 92 92 0 0 293 293 0 0 0
252 0 0 0 0 0 367 367 99 99 99 99 216 216 152 152 105 369 369 200 200 0 94 0 66 66 145 145 262 262 262 268 30 30 162 0 0 0 359 295 92 92 180 180 0 293 293 0 0 0
302 302 400 275 275 299 299 367 351 99 99 99 99 216 216 152 105 105 105 105 200 0 0 0 66 66 145 145 262 344 344 268 124 30 30 124 359 359 359 295 295 295 180 180 366 366 70 70 0 0
302 302 400 275 182 299 299 367 351 144 144 68 68 68 216 14 327 327 247 247 219 219 340 143 143 143 143 145 145 344 2 268 124 124 124 124 227 227 227 227 65 65 65 65 366 366 70 70 0 0
139 139 400 275 182 182 351 351 351 144 144 68 68 68 216 14 14 327 247 247 219 219 340 340 340 143 143 145 145 344 2 2 2 2 7 7 227 79 79 79 79 191 191 224 224 224 224 224 146 146
139 400 400 400 182 182 300 300 300 144 144 144 144 29 29 14 14 327 114 114 219 219 340 340 340 143 201 201 201 195 195 195 195 195 7 7 379 379 74 74 98 98 191 191 224 224 233 233 146 146
139 139 139 167 167 300 300 396 396 396 271 271 271 220 29 14 298 298 114 114 219 219 176 176 176 122 122 122 201 195 195 339 339 339 264 264 379 379 74 74 98 98 346 73 233 233 233 54 54 0
139 156 167 167 167 225 225 396 396 396 271 271 271 220 29 35 298 210 210 114 55 55 176 176 176 122 122 238 363 363 363 339 339 339 264 264 286 286 74 74 346 346 346 73 73 233 54 54 75 0
156 156 167 167 167 225 225 225 206 206 271 241 241 220 29 35 298 210 210 333 55 55 55 176 80 80 80 238 363 363 19 19 395 395 109 286 286 286 74 74 346 0 0 0 73 0 0 0 75 0
156 0 0 0 39 39 39 113 206 206 241 241 241 220 34 35 35 129 129 333 333 333 333 333 83 80 80 238 238 363 19 19 395 395 109 109 109 228 228 346 346 0 0 0 0 0 0 0 75 0
0 0 0 198 198 198 39 113 121 121 40 241 34 34 34 12 12 129 129 129 356 356 333 333 83 83 83 4 4 375 375 375 375 375 375 109 109 228 228 323 323 0 0 282 282 282 0 0 75 75
103 103 0 198 25 25 113 113 121 40 40 178 178 294 294 12 12 12 391 391 356 356 356 132 357 357 174 4 4 4 4 352 384 375 20 20 306 306 306 323 0 0 0 282 282 282 0 0 0 75
189 103 103 198 25 25 121 121 121 40 137 178 178 294 294 12 16 12 391 391 41 41 132 132 357 357 174 174 174 352 352 352 384 384 236 20 306 323 323 323 58 0 202 202 282 282 234 234 0 0
189 189 103 103 69 69 121 311 137 137 137 178 178 16 16 16 16 258 391 391 41 41 132 132 357 27 27 324 324 324 62 352 384 384 236 20 306 387 387 58 58 0 202 202 202 393 393 234 0 0
189 189 0 103 69 69 69 311 311 311 149 149 149 63 63 63 63 258 391 89 89 250 61 61 27 27 161 161 161 324 62 62 62 236 236 148 387 387 387 58 168 168 168 303 303 393 393 234 159 0
0 0 0 0 69 251 251 311 263 263 149 226 226 63 63 322 258 258 391 89 89 250 61 61 95 95 95 161 161 324 368 368 368 236 148 148 115 115 115 115 168 168 287 287 303 303 234 234 159 0
0 0 0 0 235 251 179 179 263 263 388 226 226 226 322 322 72 72 72 389 250 250 250 355 172 172 95 161 281 281 368 368 368 236 148 115 115 115 270 317 317 287 287 287 303 0 0 0 159 0
0 0 0 0 235 251 179 179 263 388 388 151 151 151 322 46 46 72 72 389 196 196 355 355 172 283 283 281 281 281 368 368 186 186 276 276 276 270 270 317 317 287 287 374 266 266 0 0 159 0
0 0 0 0 235 235 235 235 388 388 388 151 151 208 381 381 46 64 72 389 389 196 355 172 172 283 283 281 281 281 186 186 186 32 32 32 276 276 270 270 71 374 374 374 183 266 0 0 0 0
0 0 296 296 239 239 239 235 44 44 44 96 96 208 208 381 46 64 72 389 196 196 380 380 380 315 315 107 107 107 186 160 160 376 32 56 56 270 270 71 71 183 183 183 183 266 119 0 0 0
0 0 296 296 239 239 91 335 335 44 44 96 96 130 208 381 381 64 125 125 125 380 380 380 135 135 315 107 107 107 186 160 376 376 32 56 56 48 48 71 240 240 240 240 119 119 119 101 101 0
49 394 394 394 91 91 91 335 335 44 8 8 130 130 28 28 64 64 125 125 125 125 319 380 135 135 315 107 353 353 353 160 376 376 56 56 56 48 48 385 385 385 385 385 87 87 87 101 106 106
49 394 394 91 91 91 91 397 397 397 8 38 130 193 193 28 64 3 3 325 319 319 319 126 126 135 135 353 353 386 57 277 376 376 117 117 117 17 17 378 378 378 385 385 87 87 87 101 350 106
49 49 197 197 197 81 81 81 81 397 8 38 193 193 193 28 64 3 3 325 325 325 325 126 126 135 135 386 386 386 57 277 277 277 110 110 117 17 17 377 377 378 111 373 373 373 350 350 350 106
285 197 197 354 354 257 81 81 81 332 8 38 140 140 28 28 128 3 166 166 166 166 338 338 173 173 173 173 274 274 57 57 102 102 102 110 110 110 110 377 377 111 111 111 111 373 213 213 106 106
285 197 354 354 257 257 81 265 265 332 332 38 140 140 140 28 128 128 128 320 320 320 338 338 173 173 173 26 274 274 274 221 221 102 112 112 88 110 110 377 377 377 314 111 365 373 213 213 106 106
285 354 354 257 257 257 265 265 265 332 332 100 140 140 140 341 341 97 128 128 320 320 342 342 26 26 173 26 274 42 221 221 221 102 112 112 88 88 215 215 314 314 314 365 365 0 0 0 0 0
285 354 354 0 0 257 265 267 284 284 332 100 100 170 341 341 341 97 245 245 245 245 342 209 209 26 26 26 42 42 221 221 221 309 309 326 326 88 215 133 133 279 279 365 205 0 0 0 0 0
0 0 0 0 0 0 267 267 284 284 284 100 100 170 170 170 23 97 97 301 223 223 342 209 209 330 330 127 127 42 361 361 309 309 309 326 163 163 215 133 133 133 279 279 205 0 0 0 0 0
229 229 0 0 0 0 267 261 261 259 259 259 360 360 232 232 23 23 97 301 301 223 223 47 24 24 330 330 127 42 361 361 309 309 309 326 163 163 163 133 133 133 205 205 205 205 0 0 0 0
229 229 0 0 0 0 261 261 261 261 261 259 360 360 232 232 232 23 301 301 301 47 47 47 47 24 330 330 127 52 52 361 21 21 21 326 158 158 358 358 123 123 142 142 230 230 230 230 230 230
229 229 120 120 120 0 316 316 273 82 82 10 10 10 10 232 232 334 334 334 86 47 214 214 131 24 330 330 243 33 52 52 21 118 199 199 158 158 358 358 123 123 142 142 1 1 188 190 190 190
229 31 120 120 307 307 307 316 273 82 82 169 169 169 93 93 11 11 11 334 86 214 214 131 131 255 255 255 243 33 33 147 118 118 199 199 158 158 158 218 218 194 194 194 194 1 188 190 190 0
31 31 0 0 246 246 307 316 273 278 90 313 313 169 93 93 93 93 11 383 86 184 184 131 131 255 269 269 243 33 33 147 118 345 345 171 171 171 171 218 218 194 204 1 1 1 188 188 188 0
31 31 0 0 246 246 246 316 273 278 90 90 313 313 313 370 93 383 383 383 86 184 184 131 131 255 269 269 243 138 138 147 222 222 345 13 13 13 13 13 203 203 204 1 336 336 336 188 188 0
51 51 0 0 280 280 246 316 316 278 90 390 390 370 370 370 383 383 364 18 18 18 18 6 329 329 329 329 138 138 398 147 222 217 345 13 13 136 203 203 203 204 204 244 336 336 336 0 0 0
51 51 0 0 280 280 399 399 399 278 90 134 390 390 237 237 383 383 364 364 18 18 18 6 6 329 308 308 138 138 398 398 222 217 217 136 136 136 203 203 77 288 244 244 0 0 0 0 0 0
0 0 0 0 0 0 399 399 5 278 134 134 104 390 237 249 249 364 364 177 177 177 59 59 6 329 308 308 138 398 398 398 398 217 217 217 164 164 164 77 77 288 244 244 154 154 0 0 0 0
0 0 0 0 0 0 5 5 5 134 134 134 104 390 237 249 249 256 364 177 76 76 59 59 392 392 212 212 138 37 37 297 297 108 108 108 108 164 164 77 288 288 244 244 154 154 0 0 0 0
0 0 0 0 0 0 0 372 372 372 372 134 104 104 256 256 256 256 364 76 76 76 76 153 392 392 212 212 212 37 37 297 297 108 108 108 108 165 165 165 310 310 310 310 67 67 67 67 0 0
0 0 0 0 248 248 0 372 372 15 15 22 22 22 60 291 291 291 155 155 76 289 289 153 153 153 212 312 157 157 157 157 157 9 9 150 150 150 165 175 175 175 310 310 310 67 67 67 0 0
0 0 0 349 248 248 0 36 372 15 15 22 60 60 60 60 291 291 155 155 185 289 289 153 153 153 212 312 53 53 53 305 347 347 9 181 181 150 165 304 175 175 272 272 272 67 0 0 0 0
0 0 0 349 349 36 36 36 36 15 343 343 343 343 60 60 231 231 231 231 185 185 289 84 84 337 337 312 53 53 53 305 347 347 9 181 181 260 260 304 0 0 272 331 331 0 0 0 0 0
0 0 85 85 349 192 192 36 36 0 0 187 187 0 0 0 231 231 231 231 185 348 348 84 84 337 337 312 53 78 78 305 305 371 371 371 371 260 304 304 304 0 0 0 331 331 0 0 0 0
0 0 85 85 349 192 192 192 207 0 0 187 187 0 0 0 0 0 0 185 185 348 348 84 84 337 290 290 290 290 78 116 116 45 45 45 45 260 304 304 0 0 0 0 331 331 0 0 0 0
50 50 85 85 349 0 0 0 207 207 0 0 0 0 0 0 0 0 0 292 292 328 328 328 382 0 0 290 290 78 78 116 116 0 0 0 45 45 0 0 0 0 0 0 0 0 0 0 0 0
50 50 85 85 0 0 0 0 207 207 0 0 0 0 0 0 0 0 0 292 292 328 382 382 382 0 0 290 290 318 318 318 318 0 0 0 0 0 0 0 0 0 0 0 0 0 0 0 0 0
