50 400 20
63360 1439
69285 1207
81995 1746
79465 1481
99065 1054
89219 1267
73996 1899
73281 1866
61171 1946
69689 1702
63926 1333
66111 1113
98728 1255
93297 1287
90268 1127
84155 1293
61946 1495
53678 1436
54123 1249
63892 1683
80323 1636
67423 1276
91909 1232
58033 1919
50591 1015
64718 1475
99791 1728
63478 1468
68274 1439
73811 1906
57253 1023
78251 1990
64305 1702
79967 1499
92022 1527
70664 1793
74152 1943
56513 1635
84856 1508
63836 1827
79139 1864
90015 1064
80964 1230
81913 1541
53266 1026
99968 1992
62550 1172
73389 1641
81359 1492
51954 1908
64044 1021
75335 1164
93971 1553
68458 1385
84642 1051
69057 1490
99968 1486
86028 1947
97810 1717
52008 1791
84847 1610
58689 1123
54225 1698
74141 1250
70630 1286
87294 1495
99781 1945
77718 1906
82636 1557
61924 1758
91088 1069
83735 1073
57438 1145
91548 1372
54118 1540
61200 1335
83420 1272
51819 1858
71834 1069
98113 1764
79808 1796
95607 1992
63823 1717
50693 1552
75253 1075
85578 1748
70405 1462
87513 1854
54730 1371
57307 1358
57498 1508
74326 1020
82481 1230
94713 1676
61740 1417
74743 1205
61323 1198
64928 1638
78005 1217
96798 1442
63346 1584
70423 1589
76387 1889
69583 1295
89295 1267
89817 1500
51298 1156
73200 1826
56553 1771
75970 1385
82103 1938
96786 1500
69771 1213
60610 1399
64556 1808
61291 1158
78600 1492
56318 1143
71144 1574
65181 1161
93832 1667
83474 1602
60493 1162
80650 1156
92773 1797
64036 1088
74487 1167
95103 1132
52445 1478
76979 1984
70742 1412
88444 1857
91935 1484
72757 1517
63551 1688
61118 1273
59111 1490
57970 1113
51332 1768
90603 1417
58430 1243
70364 1742
87959 1114
71782 1033
80317 1427
73806 1259
72762 1940
56190 1871
51287 1870
68767 1378
70266 1651
55444 1971
99257 1229
65392 1100
91382 1456
73158 1798
74718 1190
55731 1186
99909 1083
96749 1212
62981 1438
98786 1364
76825 1801
94507 1891
65687 1789
62705 1504
92821 1084
70539 1048
85669 1480
78006 1538
76860 1657
54041 1490
97395 1261
68348 1614
54654 1230
97856 1578
60189 1566
64066 1215
52939 1464
73403 1000
96927 1590
73264 1864
71261 1430
96388 1981
62129 1225
50940 1973
81495 1243
53092 1230
75030 1032
86498 1097
80616 1701
50301 1554
68753 1791
65724 1854
68651 1655
75595 1791
54281 1250
68852 1273
98733 1975
82224 1550
98429 1180
50583 1939
55634 1086
75575 1954
69879 1881
80469 1732
85482 1353
69321 1404
74585 1523
57960 1147
90116 1180
56738 1932
99123 1071
65255 1457
78278 1728
59496 1088
96460 1379
92313 1520
78786 1263
91769 1833
94780 1847
84832 1874
68428 1909
87334 1906
91902 1496
75594 1020
91161 1977
79783 1553
86744 1938
88501 1940
62941 1206
95635 1975
79195 1668
82843 1088
81502 1828
87352 1563
50295 1006
74313 1908
62030 1534
52079 1036
94465 1244
68303 1018
92760 1868
79859 1055
73257 1821
68758 1755
94923 1992
79117 1897
51011 1757
96715 1057
83365 1379
93761 1274
92564 1416
77228 1218
62787 1653
99513 1194
83593 1050
83874 1980
50494 1939
89447 1493
90602 1283
54106 1942
97365 1689
68902 1955
82565 1750
98134 1685
91931 1058
68480 1642
71054 1294
75311 1067
60358 1204
59121 1024
98637 1944
71128 1467
63352 1652
58132 1849
56323 1527
75199 1643
96966 1788
85194 1537
94792 1170
89976 1216
60077 1218
92470 1851
98570 1875
59834 1482
79835 1855
64550 1720
72915 1893
89127 1225
68377 1876
81162 1549
72122 1927
88772 1807
53830 1402
68336 1560
53648 1684
70934 1141
88684 1146
96666 1093
65480 1030
87163 1828
85373 1154
99046 1346
75942 1439
80878 1635
79037 1364
92876 1245
95118 1598
87916 1033
71035 1313
74145 1348
91294 1147
67940 1097
53416 1032
89607 1184
66627 1800
83370 1974
89177 1535
53357 1005
79363 1966
87643 1668
71898 1262
63810 1588
83814 1250
84261 1575
76631 1191
51691 1741
70592 1125
89205 1238
80289 1289
73780 1141
88633 1291
54622 1216
96506 1466
55482 1041
64748 1245
51066 1524
74013 1433
69015 1160
99059 1139
83332 1854
71963 1788
98099 1969
82539 1708
85309 1686
59735 1811
67432 1228
60803 1814
70100 1549
65426 1577
99857 1704
61542 1411
60932 1010
50976 1007
54504 1078
75720 1554
62168 1913
91343 1260
66027 1026
61699 1642
64393 1863
62911 1552
93243 1365
56892 1825
85982 1221
85089 1011
62629 1575
58011 1741
70365 1498
55349 1314
96212 1155
66524 1092
78489 1733
98325 1802
58085 1503
53074 1502
95480 1771
68284 1250
89930 1405
90901 1866
92357 1829
50703 1344
83474 1011
81057 1701
76505 1853
87991 1385
59947 1823
71453 1896
76661 1717
52403 1933
86843 1201
81888 1231
75276 1820
64168 1243
75563 1286
66903 1754
84763 1428
64569 1347
60250 1888
22 0 0 0 0 0 0 0 190 190 190 190 190 35 35 0 0 0 0 0 198 36 36 256 256 47 47 117 117 0 0 0 0 0 0 0 213 213 213 0 0 0 0 0 104 192 192 192 0 0
22 22 0 0 0 0 0 0 0 0 190 292 258 35 35 242 242 314 314 314 198 354 36 36 256 47 47 117 117 0 0 148 0 0 0 0 213 213 213 0 0 0 0 0 104 104 192 192 0 120
108 22 0 85 85 85 0 399 399 399 399 292 258 258 258 242 243 243 314 198 198 354 354 256 256 47 117 117 373 373 373 148 0 0 0 0 0 213 213 0 285 0 0 0 104 104 155 155 120 120
108 63 85 85 0 0 0 399 399 116 116 292 258 258 258 242 243 243 314 398 71 71 354 256 153 153 153 153 335 335 373 148 0 0 0 0 392 392 285 285 285 285 285 0 139 367 155 155 120 120
108 63 63 85 254 254 254 399 116 116 116 292 258 352 352 242 260 260 398 398 71 71 71 71 153 153 153 153 335 335 335 148 0 0 0 0 0 392 136 136 136 285 285 139 139 367 367 367 367 343
108 63 63 85 254 254 254 143 143 378 378 378 378 352 352 352 260 260 398 142 65 65 71 71 75 312 312 312 118 309 81 81 81 208 208 208 0 392 136 136 136 139 139 139 99 367 367 343 343 343
95 95 95 254 254 143 143 143 143 6 378 378 378 129 352 398 398 398 398 142 65 65 39 75 75 312 118 118 118 309 309 81 350 350 304 208 208 184 184 79 139 139 14 14 99 99 99 0 343 343
20 95 95 95 95 252 305 305 305 6 6 6 129 129 352 9 9 9 9 142 293 39 39 75 312 312 374 397 397 397 309 81 350 350 304 3 0 0 184 79 79 79 14 14 390 0 0 0 0 0
20 20 252 252 252 252 305 305 305 6 6 26 129 336 336 96 96 9 142 142 293 39 39 306 306 306 374 397 397 102 368 368 304 304 304 3 0 0 184 0 0 79 0 0 390 390 0 0 0 0
20 20 45 45 58 58 305 160 160 160 268 26 78 336 336 96 96 320 142 348 293 293 306 306 306 306 374 397 397 102 368 368 304 304 3 3 342 0 0 0 0 0 0 0 0 390 0 0 0 0
0 0 45 45 45 58 276 276 160 160 268 26 78 78 78 389 320 320 324 348 293 293 293 293 306 233 374 83 102 102 102 102 232 232 232 232 342 342 0 0 0 0 0 0 0 0 0 0 0 0
0 0 0 0 45 58 276 86 86 86 268 26 78 78 78 389 320 320 324 348 344 344 263 263 233 233 233 83 83 83 217 217 217 387 246 246 342 342 92 92 92 0 0 0 0 0 0 0 0 0
0 0 0 0 45 58 276 276 276 86 268 268 229 229 389 389 324 324 324 348 344 344 263 394 394 233 233 376 376 178 178 217 217 387 246 246 342 342 92 271 271 0 0 0 0 152 152 152 0 0
0 0 0 0 16 169 169 169 276 168 168 268 229 229 389 328 324 324 18 18 220 220 263 394 394 394 394 376 376 178 178 217 387 387 384 333 333 51 92 271 271 0 0 0 0 0 152 152 0 0
0 0 0 0 16 169 169 169 168 168 168 168 311 311 389 328 328 321 18 18 220 220 263 394 394 264 264 264 21 77 277 277 23 23 384 333 333 51 202 202 271 271 271 271 0 0 50 0 0 0
0 0 0 16 16 0 0 169 356 356 107 107 311 311 311 328 328 321 321 321 44 44 44 44 261 261 264 21 21 77 77 277 23 23 384 333 51 51 202 202 113 113 119 119 150 50 50 0 0 0
0 0 0 0 0 0 0 0 356 356 107 70 70 70 311 244 244 244 244 284 44 44 44 261 261 261 264 21 77 77 77 277 23 137 384 172 172 172 202 202 113 113 119 119 150 50 50 0 0 0
327 327 327 0 0 0 0 0 0 0 107 103 103 70 311 337 337 284 284 284 280 280 241 261 261 261 264 77 77 205 205 205 295 137 137 172 172 172 202 113 113 113 119 150 150 50 50 0 0 0
327 327 272 272 272 272 358 358 0 339 103 103 100 100 100 337 337 284 284 326 280 241 241 133 133 133 386 386 386 205 205 205 295 137 137 172 172 279 235 235 235 150 150 150 0 0 0 0 0 0
0 0 0 272 272 272 358 358 0 339 103 372 100 100 100 400 400 326 326 326 280 241 357 357 133 133 386 24 24 24 24 24 295 295 137 137 279 279 235 33 33 33 33 150 0 0 25 25 0 0
0 255 255 255 162 230 230 339 339 339 372 372 259 259 259 259 400 400 361 361 361 361 357 357 223 223 189 2 2 24 24 319 319 295 295 295 279 279 279 355 355 215 33 66 66 0 25 25 0 0
0 0 255 255 162 162 230 0 339 297 372 94 259 259 259 370 370 291 291 316 316 364 364 357 223 223 189 2 2 98 98 319 114 114 325 325 325 27 27 355 355 215 33 66 66 25 25 67 67 67
299 0 0 0 0 162 230 0 339 297 297 94 94 94 74 370 370 291 291 316 316 364 364 5 5 5 189 189 189 98 319 319 114 111 325 325 204 27 27 380 380 215 215 28 28 28 175 67 0 0
299 0 0 0 0 0 0 0 0 297 297 84 158 158 74 74 370 316 316 316 17 17 17 5 11 11 11 7 7 98 294 294 114 111 111 111 204 204 204 380 380 215 57 28 175 175 175 0 0 0
299 0 0 0 0 0 0 0 0 84 84 84 158 158 74 74 262 362 194 194 194 194 17 127 127 11 11 7 7 56 294 294 385 385 385 273 204 204 204 283 380 57 57 28 175 175 175 0 0 0
299 0 53 53 53 53 375 375 84 84 91 91 91 262 262 262 262 362 362 194 194 64 17 127 187 7 7 7 7 56 56 161 161 161 385 273 10 10 283 283 380 57 301 360 360 360 201 128 0 0
299 0 0 0 391 87 131 375 375 42 42 91 91 262 262 262 274 274 362 340 64 64 127 127 187 187 187 135 135 56 56 161 161 161 273 273 10 283 283 60 301 301 301 360 360 360 201 128 128 128
62 62 391 391 391 87 131 131 131 52 42 42 383 383 298 298 274 274 362 340 64 97 127 127 187 187 135 135 135 135 135 185 302 302 245 396 10 396 283 60 363 363 308 105 360 89 201 201 214 214
62 391 391 391 391 87 87 131 52 52 303 303 383 383 298 298 269 274 362 340 97 97 109 109 32 237 237 288 185 185 185 185 302 302 245 396 396 396 60 60 363 363 308 105 105 89 89 89 214 214
62 0 0 41 41 41 171 171 52 52 303 303 383 383 383 298 269 269 269 340 97 124 109 32 32 237 237 288 185 185 267 267 163 163 245 245 330 226 226 226 363 363 308 106 105 73 73 214 214 0
62 0 0 41 41 41 41 171 171 52 165 303 196 196 196 196 196 196 196 124 124 124 109 32 32 32 237 288 288 185 267 267 163 163 163 278 330 330 330 226 345 345 308 106 106 106 73 214 0 0
0 0 0 0 0 167 41 171 171 165 165 315 196 265 265 382 382 382 382 124 124 124 109 381 381 286 237 237 29 29 125 317 317 317 163 278 278 210 345 345 345 216 216 216 106 106 73 73 0 0
0 0 0 0 0 167 167 167 165 165 165 315 265 265 265 90 382 382 382 382 138 138 138 138 381 286 313 313 29 29 125 317 257 257 278 278 278 210 218 218 310 216 37 76 76 170 170 73 0 170
0 0 0 0 0 0 167 167 0 0 315 315 231 231 90 90 48 48 341 341 138 138 54 138 381 286 313 313 29 125 125 317 257 257 278 166 210 210 218 218 310 37 37 76 76 170 170 170 170 170
0 0 0 0 0 0 0 0 0 0 0 219 231 231 90 90 48 48 341 341 238 238 54 54 381 286 313 313 29 334 371 234 234 166 166 166 210 210 275 275 310 37 37 76 377 377 247 247 0 0
0 0 0 0 0 0 0 0 0 0 224 219 219 219 90 34 48 379 341 238 238 144 144 54 54 46 46 313 334 334 371 234 234 145 236 236 236 227 227 275 310 110 110 76 377 377 247 247 0 0
93 130 130 222 222 197 197 197 197 224 224 224 59 34 34 34 48 379 238 238 238 238 144 191 54 46 46 313 334 334 371 69 69 145 236 300 300 227 227 275 253 110 110 287 115 115 115 115 88 88
93 130 130 123 222 177 289 289 197 224 224 12 59 59 59 281 379 379 0 0 144 144 144 191 54 46 30 30 353 371 371 69 145 145 300 300 300 331 331 183 253 110 287 287 290 290 365 365 88 88
93 123 123 123 222 177 289 289 332 12 224 12 199 199 281 281 281 126 0 351 351 329 329 191 191 191 30 30 353 353 353 69 145 145 145 207 331 331 331 183 253 110 287 290 290 290 195 365 88 88
93 0 0 0 0 177 177 332 332 12 12 12 199 31 31 281 281 126 0 0 351 329 366 366 366 323 323 323 323 353 353 69 69 69 359 207 207 154 154 183 253 186 149 149 149 195 195 365 88 55
93 0 0 349 349 349 177 332 332 188 157 157 199 31 347 347 126 126 0 0 351 329 366 346 366 181 181 159 159 353 353 369 359 359 359 359 207 154 154 183 253 186 149 61 149 195 195 38 55 55
0 0 251 349 349 338 338 332 332 188 157 199 199 31 347 347 13 13 0 0 240 151 346 346 181 181 159 159 159 132 206 369 359 228 228 359 207 154 154 253 253 186 149 61 149 38 38 38 55 55
251 251 251 212 212 338 338 80 80 188 157 199 112 112 112 112 13 13 0 0 240 151 346 296 239 239 239 159 159 132 206 369 369 228 228 393 393 393 393 388 388 186 186 61 68 68 68 68 0 0
0 0 212 212 318 318 15 80 80 188 188 188 4 112 200 200 200 101 0 240 240 151 151 296 239 239 296 132 132 132 206 203 203 203 203 164 164 193 141 388 388 209 209 61 0 0 68 68 0 0
0 0 0 212 318 318 15 15 19 19 19 188 4 249 249 200 200 101 0 240 1 1 151 296 296 296 296 307 307 182 206 203 72 72 164 164 193 193 141 141 141 141 209 0 0 0 68 0 0 0
0 0 212 212 318 179 179 15 19 0 19 188 4 249 249 200 101 101 0 0 1 1 122 122 282 282 282 307 307 182 182 203 72 72 8 8 193 193 193 141 141 141 209 209 0 0 0 0 0 0
0 0 174 174 318 179 179 15 19 0 0 0 4 322 322 82 82 0 0 0 266 266 266 122 282 282 147 147 147 248 182 72 72 40 8 211 211 176 121 121 156 156 221 221 0 0 0 0 0 0
0 0 174 174 174 174 0 250 250 250 250 0 0 322 322 82 82 0 0 173 173 173 266 122 225 225 225 147 147 248 248 248 72 40 8 211 176 176 121 121 156 156 0 221 221 0 0 0 0 0
0 0 174 174 49 49 0 0 180 180 180 0 0 0 0 0 0 0 0 43 43 173 266 0 0 225 225 140 140 140 146 248 40 40 270 211 176 121 121 121 156 156 0 0 0 0 0 0 0 0
0 0 0 0 49 49 0 0 180 180 180 180 0 0 0 0 0 0 0 43 43 173 173 0 0 225 225 225 140 140 146 146 270 270 270 270 134 134 134 134 156 156 395 395 395 395 395 0 0 0
