50 400 20
57820 1388
51012 1658
89930 1597
70067 1618
58840 1957
59533 1174
76327 1250
56885 1644
50454 1284
52085 1730
58758 1263
89353 1442
57995 1993
58219 1375
66391 1397
53229 1289
79308 1032
95400 1373
73022 1028
74216 1145
73348 1950
75308 1106
80352 1319
77283 1491
85788 1416
50090 1296
60805 1887
79483 1861
86741 1967
86065 1347
52769 1602
81416 1347
64775 1617
76881 1280
66503 1349
96365 1903
63056 1012
59938 1973
69201 1751
74702 1193
70476 1978
96366 1807
56159 1408
99403 1936
98471 1896
76611 1677
86069 1736
88641 1426
73259 1082
89802 1322
72537 1344
50671 1275
98619 1450
90681 1476
59667 1671
70552 1135
78583 1151
96339 1109
52928 1616
83053 1384
61551 1279
77554 1531
98370 1262
61259 1223
58657 1703
99076 1406
74325 1254
58051 1028
71239 1226
78978 1133
60439 1793
56809 1863
56776 1546
70611 1257
71059 1385
69762 1539
95328 1174
64948 1881
90775 1034
74076 1168
72261 1127
92572 1771
87481 1896
59738 1115
51349 1765
52365 1632
98325 1513
64196 1626
60923 1164
84264 1674
76625 1274
99640 1822
50485 1204
57331 1215
69319 1541
55672 1896
65345 1362
75678 1196
61387 1526
70006 1356
96724 1364
63694 1362
71973 1592
90855 1983
74198 1940
74535 1033
55493 1834
57841 1802
64236 1371
58993 1986
83636 1892
68072 1314
57158 1569
97334 1264
84886 1401
68385 1209
52694 1362
54701 1988
80811 1125
92864 1832
72372 1163
64074 1933
97824 1509
76854 1216
76473 1408
94257 1222
52349 1049
78253 1691
57369 1994
62687 1584
88763 1333
83847 1520
88093 1798
68451 1066
81033 1130
75029 1230
54009 1445
64122 1339
99760 1623
72477 1347
68283 1254
66754 1980
85127 1070
76176 1125
59474 1762
95345 1339
68634 1150
84093 1254
62327 1564
74840 1716
96767 1853
88423 1862
57552 1185
76551 1489
98278 1226
88355 1403
60397 1491
92705 1351
96630 1226
77645 1395
92730 1190
61550 1665
72857 1456
85825 1226
83356 1965
97275 1865
78441 1845
72568 1940
99811 1049
74861 1843
53740 1927
56444 1748
65196 1034
74348 1617
72586 1395
55980 1751
59890 1495
92465 1923
53136 1183
62192 1056
91064 1054
74781 1496
87613 1586
52955 1277
81322 1237
86549 1483
88431 1223
91937 1660
62045 1984
62795 1044
94035 1823
65671 1705
95634 1062
87084 1010
99307 1895
87058 1770
70749 1456
83895 1860
91020 1824
61859 1075
72029 1777
65429 1268
60166 1711
50621 1515
93260 1196
85263 1153
91473 1895
59270 1324
80367 1790
77589 1213
67609 1836
71477 1608
50197 1104
50856 1151
98359 1289
89283 1154
64874 1375
64596 1932
56809 1996
88069 1861
60289 1716
89786 1240
78337 1099
62319 1724
74813 1224
92454 1583
99158 1329
80996 1388
82564 1735
93571 1836
75500 1377
76769 1132
92782 1193
64290 1725
80841 1156
74799 1602
62992 1760
72431 1854
87023 1765
88651 1153
83988 1389
61891 1724
68623 1200
66872 1151
84204 1511
71660 1830
94388 1552
82415 1829
64203 1493
83822 1698
73004 1859
59339 1767
85037 1220
87641 1483
52981 1248
81788 1278
75769 1132
89773 1241
83782 1203
97630 1605
85159 1666
96527 1381
61906 1689
55828 1833
64052 1701
55115 1660
87355 1142
56056 1439
68094 1838
98933 1450
66766 1520
97072 1663
73387 1845
77783 1436
59867 1058
74904 1477
92229 1341
53639 1909
99604 1712
75053 1144
86481 1924
96376 1470
61445 1989
70642 1686
93738 1575
76455 1833
89494 1076
54222 1294
65216 1007
52564 1274
85166 1753
80018 1595
68484 1591
52382 1020
64359 1637
69254 1754
94394 1095
58860 1164
69216 1552
77288 1329
78031 1072
64361 1078
94873 1585
84287 1939
73332 1780
63917 1117
58401 1768
54979 1972
69405 1113
88013 1510
57450 1021
58265 1249
81593 1706
93873 1850
54354 1013
90204 1447
90891 1532
76673 1837
50651 1574
58084 1236
82447 1748
66567 1380
74116 1040
88631 1534
94724 1355
56738 1593
92210 1280
55145 1120
64371 1845
91329 1831
73610 1145
50945 1123
90453 1061
53981 1685
73934 1935
85680 1348
64018 1917
88685 1472
67009 1107
78704 1500
74287 1225
72537 1388
66765 1180
96098 1107
68291 1486
61152 1124
70179 1933
73991 1239
89607 1939
87551 1319
97693 1239
55583 1499
75451 1376
65689 1714
99343 1235
79602 1430
68394 1522
99483 1347
63436 1677
57423 1956
88275 1514
69228 1006
66775 1262
53605 1708
84061 1371
64116 1784
89192 1344
75512 1302
61460 1692
55090 1174
82090 1844
81154 1400
99265 1187
74208 1709
67137 1098
85588 1197
59289 1243
96846 1884
86695 1093
77034 1938
63658 1904
75328 1344
94590 1066
57101 1106
56835 1703
76067 1037
72960 1895
67445 1328
57136 1296
51267 1785
69166 1076
58265 1250
56632 1633
52507 1140
83950 1513
50590 1921
70182 1353
91946 1440
68214 1010
94121 1283
0 0 0 0 0 0 0 0 35 35 0 0 0 0 0 0 0 0 0 0 0 0 15 15 0 0 0 0 0 183 183 183 183 154 197 197 197 197 0 0 0 0 275 275 275 0 124 0 0 0
0 0 0 9 9 9 0 0 35 35 0 0 0 0 0 0 0 0 0 0 0 0 15 15 0 0 0 0 0 0 178 154 154 154 384 197 197 197 0 0 0 0 275 275 275 0 124 0 0 0
0 0 9 9 9 9 0 35 35 0 0 0 276 276 0 0 0 0 0 247 247 247 247 247 0 0 0 0 159 159 178 154 144 144 384 8 8 8 0 0 0 0 234 234 0 0 124 124 0 0
0 0 0 274 274 274 351 351 339 273 0 0 276 276 0 0 119 119 0 247 247 0 0 0 0 0 0 159 159 164 178 178 144 144 384 165 8 8 0 234 234 234 234 234 0 145 145 113 0 0
0 0 0 274 274 274 351 351 339 273 0 89 89 89 0 0 0 119 0 372 372 372 372 0 315 315 68 164 164 164 120 398 144 144 384 165 0 0 0 192 192 234 0 0 0 145 145 113 0 0
0 0 0 274 274 0 0 351 339 273 0 0 0 89 0 0 0 119 0 0 0 390 390 315 315 68 68 378 120 120 120 398 398 398 165 165 301 301 301 192 192 0 0 0 0 113 113 113 0 0
0 0 0 0 0 0 0 339 339 273 0 335 392 89 89 26 277 277 0 0 0 0 390 280 68 68 378 378 120 120 120 341 341 341 341 90 271 301 301 301 301 0 0 0 0 367 367 367 0 0
0 0 0 0 0 319 0 0 339 335 335 335 392 392 392 26 277 225 225 0 0 150 390 280 68 68 378 378 300 300 352 341 341 341 156 90 271 312 312 201 201 0 0 0 0 367 367 0 0 0
343 343 343 319 319 319 0 0 0 335 160 261 261 392 392 26 277 277 225 225 150 150 390 280 169 169 378 300 300 352 352 21 21 152 156 90 271 271 312 312 201 0 0 0 0 223 0 0 0 0
343 194 194 194 319 319 0 0 0 160 160 261 261 261 392 26 148 148 148 148 150 390 390 280 169 169 140 140 140 352 21 21 56 152 156 90 271 271 312 246 201 12 0 0 0 223 0 0 0 0
343 253 253 194 369 369 369 104 104 160 160 261 261 261 392 242 242 148 161 161 71 71 127 127 127 127 251 140 173 173 56 56 56 152 156 90 271 271 246 246 54 12 0 0 223 223 358 358 105 105
253 253 253 187 187 187 369 104 104 293 160 39 208 208 208 242 242 161 161 161 71 71 71 224 224 224 251 140 173 173 56 364 56 152 152 290 290 290 246 54 54 12 12 0 0 0 358 358 105 105
253 167 167 187 187 187 104 104 293 293 160 39 208 208 208 242 242 348 260 260 260 260 146 146 224 224 251 251 251 251 56 364 364 109 109 290 109 163 163 54 54 12 12 0 0 3 3 3 0 0
249 249 167 167 342 342 342 293 293 39 39 39 39 208 208 348 348 348 260 260 265 265 146 146 346 346 334 334 334 334 299 345 364 361 109 109 109 163 163 376 376 376 376 376 0 65 65 3 0 0
249 249 37 167 342 342 381 219 219 39 39 283 283 283 313 313 313 313 47 260 265 265 382 346 346 126 126 126 126 299 299 345 345 361 361 61 61 163 163 163 163 368 368 368 65 65 65 0 0 0
249 249 37 37 213 381 381 219 219 191 191 283 283 283 67 67 67 67 47 250 250 265 382 382 382 207 207 126 126 299 38 345 345 305 361 61 61 61 204 76 179 368 368 368 368 65 65 0 0 0
0 0 0 37 213 381 213 219 191 191 282 262 262 64 64 64 67 58 47 250 250 227 227 382 207 207 87 53 126 38 38 306 306 305 305 305 204 204 204 76 179 179 179 354 354 354 284 284 0 0
0 139 139 139 213 213 213 219 365 365 282 262 262 64 336 336 336 58 47 47 47 227 227 87 87 87 87 53 53 38 38 306 394 394 394 136 204 366 204 76 76 391 179 354 354 354 284 284 0 0
371 371 371 139 213 303 303 365 365 282 282 262 262 262 336 58 58 58 58 190 190 190 331 331 331 331 331 331 53 53 53 306 394 136 136 136 304 366 366 19 19 391 391 354 189 189 189 284 284 0
310 310 371 170 170 170 303 73 73 282 282 262 117 29 29 29 153 153 153 175 214 190 190 190 40 40 40 332 332 53 53 14 14 14 232 232 304 304 366 19 19 19 391 354 66 189 189 240 177 177
310 310 170 170 170 170 303 73 73 257 257 257 117 29 29 370 153 153 153 175 214 270 270 190 40 226 226 332 332 332 14 14 14 232 232 232 232 304 143 391 391 391 391 66 66 189 240 240 177 177
310 310 2 2 291 133 10 385 385 257 257 257 117 117 370 370 370 193 193 175 214 270 270 45 40 40 226 226 374 332 332 332 114 114 232 232 317 143 143 7 7 7 255 255 66 66 66 240 103 103
75 75 2 2 291 133 10 10 385 385 385 132 132 132 356 370 370 193 193 175 214 214 45 45 307 307 374 374 374 229 229 347 114 114 81 81 317 143 318 7 7 7 255 255 66 135 330 240 103 103
75 174 174 211 291 133 10 10 10 385 385 132 356 356 356 241 241 241 241 175 175 175 45 158 307 307 62 62 374 229 99 347 347 81 81 81 317 318 318 7 269 363 363 363 363 135 330 330 103 103
75 174 174 211 291 133 297 297 34 34 272 272 245 245 288 288 241 241 241 241 172 322 322 158 158 158 216 62 62 229 99 347 347 81 198 198 317 318 239 239 269 269 269 82 82 135 135 330 329 329
75 75 75 211 291 291 297 297 34 34 272 272 245 245 288 288 112 112 172 172 172 322 322 322 256 158 216 62 62 99 99 55 55 198 198 198 324 239 239 239 131 131 131 82 309 309 309 309 329 329
0 0 75 211 291 291 289 25 115 115 115 228 228 228 228 112 112 112 112 172 172 205 256 256 256 158 216 216 216 99 99 55 55 198 198 198 324 239 239 220 131 131 131 82 309 309 254 254 329 329
0 0 0 0 289 289 289 25 115 147 147 147 147 128 228 112 112 93 93 107 205 205 256 256 256 188 188 397 216 216 216 323 323 323 323 324 324 74 239 220 220 220 389 389 389 389 254 0 0 0
0 0 130 0 102 102 102 25 25 147 375 147 128 128 199 199 328 93 107 107 205 205 383 162 162 188 188 397 397 397 397 397 106 106 106 324 74 74 74 203 203 203 203 70 70 70 254 0 0 0
0 86 130 0 0 102 102 25 375 375 375 147 128 199 199 199 328 93 107 78 78 78 383 383 162 162 59 397 17 17 17 357 357 106 106 324 74 74 74 203 203 203 70 70 70 70 184 0 0 0
86 86 130 130 0 102 102 182 182 362 362 49 49 49 49 328 328 93 93 373 373 78 383 383 162 162 59 28 17 17 357 357 357 106 259 377 377 377 230 230 230 203 70 231 231 33 184 184 184 184
86 142 142 142 1 1 102 182 182 362 362 49 49 49 30 30 36 36 373 373 373 111 111 111 162 59 59 28 17 17 287 287 287 287 259 377 377 377 377 230 230 230 231 231 238 33 295 295 295 184
142 142 333 1 1 1 252 388 388 388 362 49 30 30 30 30 237 36 373 373 373 43 43 111 100 59 22 28 28 212 212 5 5 259 259 32 32 32 380 380 27 27 27 134 238 33 33 295 295 184
142 333 333 252 252 252 252 388 388 286 286 218 30 42 237 237 237 36 116 168 168 43 43 100 100 22 22 138 138 138 212 4 5 5 5 337 337 32 380 380 27 134 134 134 238 98 266 266 266 0
142 333 333 333 379 252 252 388 286 286 166 218 30 42 42 52 52 116 116 168 168 236 43 100 100 22 138 138 18 18 212 4 4 4 353 337 337 32 32 233 233 233 321 238 238 98 98 98 266 0
0 11 11 379 379 171 278 278 60 166 166 218 218 42 42 52 52 116 116 118 236 236 326 326 326 22 138 186 18 18 149 149 149 353 353 353 181 181 233 233 233 233 321 238 122 122 244 244 0 0
0 11 11 379 379 171 278 278 60 166 166 218 218 316 94 94 94 118 118 118 236 236 236 386 326 22 186 186 396 396 396 149 149 353 181 181 181 181 221 243 400 400 321 238 122 122 122 244 244 0
0 0 0 0 0 171 171 278 60 387 387 316 316 316 94 94 206 180 180 180 84 84 84 386 386 22 186 186 285 396 396 149 149 353 181 221 221 221 221 243 400 400 321 238 308 308 308 308 340 0
264 264 0 0 151 171 171 171 60 80 387 316 316 206 206 206 206 48 48 180 84 84 395 395 386 83 83 186 285 285 285 141 141 200 294 221 221 221 243 243 243 20 321 258 258 101 101 340 340 6
264 264 264 151 151 248 248 248 248 80 387 185 185 206 206 206 48 48 48 48 84 84 395 395 83 83 83 83 83 51 51 51 141 200 294 294 202 202 16 16 349 20 20 20 258 101 101 340 340 6
24 264 264 151 151 248 248 121 121 80 80 215 185 185 88 88 88 359 110 110 84 97 97 97 176 0 263 263 92 51 51 51 141 200 69 294 202 202 16 16 349 349 31 31 258 258 258 0 6 6
24 24 23 23 325 325 248 121 121 95 95 215 292 292 88 359 359 359 110 393 393 137 97 97 176 0 263 263 92 92 92 279 279 200 69 202 202 202 16 129 129 349 31 31 50 50 0 0 6 0
24 24 23 23 325 325 248 121 121 95 95 215 13 292 96 235 235 235 110 393 393 137 137 176 176 0 263 263 77 77 77 279 279 200 69 79 79 222 222 129 129 311 311 50 50 50 0 0 6 0
24 24 281 281 281 108 108 327 121 302 302 215 13 292 96 96 96 235 296 296 296 296 137 0 0 0 72 263 77 46 77 157 157 157 69 79 79 222 222 222 129 311 311 311 311 50 0 0 0 0
0 0 0 281 281 108 108 327 210 210 302 302 13 292 292 63 63 235 296 296 296 296 0 0 0 0 72 0 0 46 155 155 157 157 196 196 0 0 0 222 268 268 268 268 355 355 0 0 0 0
0 344 344 281 281 327 327 327 210 210 125 125 13 13 63 63 57 57 57 57 91 91 91 91 0 0 72 0 0 46 46 155 155 157 314 196 196 196 0 222 268 355 355 355 355 355 0 0 0 0
344 344 344 344 281 327 327 327 125 125 125 195 195 195 195 85 85 85 320 320 320 0 0 0 0 0 72 0 0 44 44 0 155 157 314 338 338 338 0 0 399 399 399 399 399 217 217 209 209 209
350 350 350 350 350 350 0 0 125 125 125 195 195 0 0 85 0 0 320 320 0 0 0 0 0 0 72 72 0 44 44 0 155 314 314 338 338 338 0 0 399 399 0 0 0 217 0 209 209 209
41 41 298 298 298 298 0 0 0 0 360 360 0 0 0 0 0 0 0 0 0 0 0 0 0 0 0 0 0 44 0 0 123 123 267 267 338 267 0 0 0 0 0 0 0 0 0 0 0 0
41 41 298 298 298 298 0 0 0 0 360 360 0 0 0 0 0 0 0 0 0 0 0 0 0 0 0 0 0 0 0 123 123 123 267 267 267 267 0 0 0 0 0 0 0 0 0 0 0 0
