50 400 20
86171 1232
90171 1056
57654 1158
92534 1573
95679 1089
61730 1017
95107 1059
97467 1977
87782 1280
71164 1606
80038 1545
88529 1348
90983 1440
87359 1440
66445 1158
58213 1795
77862 1908
58020 1615
83753 1876
66592 1027
78396 1740
74107 1889
75429 1691
70265 1748
91704 1197
63786 1385
91381 1907
56472 1563
96940 1369
90961 1460
83702 1989
95118 1473
86222 1183
54323 1529
82677 1060
52051 1529
55457 1516
96191 1068
96890 1261
67445 1482
67466 1469
53346 1640
61810 1080
68863 1757
54663 1699
63047 1781
86168 1809
70664 1857
90529 1513
63552 1554
93742 1966
75406 1618
50584 1799
90390 1530
84614 1193
51799 1828
73487 1751
74786 1027
71315 1746
73244 1319
51993 1998
74669 1640
92190 1329
79526 1727
87991 1394
90762 1166
96457 1312
88070 1966
71779 1522
60657 1056
58121 1917
78949 1119
87163 1053
93519 1719
84595 1142
77799 1750
85973 1368
88463 1878
85259 1983
50620 1108
88844 1136
75533 1520
53872 1616
59061 1149
80979 1422
99111 1672
91690 1087
69154 1053
85280 1276
96463 1337
66439 1508
63276 1326
88795 1596
56699 1553
55113 1009
63357 1060
87286 1680
73299 1224
77256 1534
72746 1445
81997 1696
84905 1964
86798 1342
52695 1010
91603 1868
66128 1538
53091 1298
87885 1507
71210 1637
67422 1810
91332 1728
99761 1241
50127 1384
98130 1984
73839 1143
67909 1942
70821 1113
94007 1392
56852 1094
92344 1264
71028 1809
74203 1344
99388 1900
94556 1209
87421 1214
58567 1538
67060 1955
88079 1967
82734 1326
60616 1990
60803 1903
89643 1741
72882 1899
69759 1907
81772 1048
78249 1888
78639 1756
77245 1708
90265 1140
76370 1801
53561 1054
97281 1909
81833 1000
59124 1913
95232 1985
83017 1307
72242 1500
84675 1530
77494 1249
99767 1992
54572 1174
64837 1537
82487 1603
65755 1481
81363 1317
79413 1242
51289 1720
97804 1861
90716 1910
94747 1254
74979 1921
86232 1355
95694 1782
65929 1899
61678 1058
71916 1382
83408 1309
70410 1229
75803 1099
95612 1016
99009 1515
56189 1044
79924 1535
81142 1303
58658 1043
90013 1404
99455 1088
70708 1166
65814 1669
95048 1259
68411 1177
98496 1140
63258 1886
81221 1940
56062 1010
72161 1011
95813 1997
70528 1386
87114 1989
64895 1986
96142 1582
63883 1025
53112 1410
70882 1509
55668 1758
74015 1847
87455 1929
74759 1819
94245 1147
89916 1475
98067 1128
69446 1596
58503 1001
76571 1645
53707 1236
75101 1826
68752 1139
99591 1957
89140 1476
94994 1326
54699 1395
69319 1866
81155 1890
74867 1546
78024 1563
89521 1191
81075 1573
63924 1278
68992 1188
63473 1329
66893 1880
65913 1813
76262 1523
77347 1062
67923 1565
84404 1413
86743 1296
89692 1407
64720 1050
98072 1195
75456 1348
56414 1117
55579 1111
58728 1186
83856 1042
72892 1444
81450 1315
83541 1304
95764 1060
56259 1188
84566 1266
51220 1421
57286 1309
92799 1979
99391 1418
87548 1197
92278 1857
54149 1233
61030 1688
58341 1945
67726 1728
50694 1701
89493 1778
78958 1402
73583 1026
80802 1253
59944 1219
84446 1275
84643 1042
71793 1295
72608 1543
90481 1604
54132 1134
96902 1409
69699 1357
84826 1678
64700 1839
80871 1973
89187 1115
57495 1319
60474 1763
60963 1112
55503 1439
52569 1335
71201 1995
62064 1608
71177 1604
71913 1689
94471 1321
77412 1749
85221 1445
51410 1240
74609 1272
76354 1757
92022 1606
81586 1891
51880 1545
67705 1804
95348 1457
50143 1732
95491 1773
78596 1151
81281 1732
87204 1334
55479 1907
59738 1933
76502 1297
71978 1074
58149 1379
94578 1772
59069 1596
92649 1493
54549 1818
57879 1161
61189 1404
98849 1017
79340 1294
99706 1143
83832 1862
93171 1035
70207 1528
99300 1627
95490 1428
51603 1762
69463 1213
84146 1460
60524 1854
68688 1466
51773 1904
75203 1178
72049 1964
55882 1915
57868 1291
78087 1381
97372 1554
91476 1867
52860 1835
64233 1409
64880 1529
91393 1329
50238 1723
91127 1583
97786 1729
71221 1841
78924 1467
78647 1682
58446 1635
57303 1425
52311 1231
74730 1846
76391 1133
94154 1794
77721 1537
70175 1524
95193 1594
67155 1537
62418 1443
50162 1393
71424 1963
67845 1134
97785 1444
92173 1441
95169 1216
66452 1495
55874 1985
78078 1401
81930 1364
62292 1746
70918 1245
77521 1587
79048 1442
53456 1081
69359 1954
93307 1631
91931 1207
56065 1988
88123 1910
65435 1767
58402 1752
90857 1324
72718 1371
59396 1131
98241 1857
69907 1479
56169 1209
79324 1830
91820 1281
88524 1156
79310 1437
52187 1093
82079 1223
84265 1643
64931 1169
94092 1559
61942 1291
50907 1979
51170 1277
94764 1208
72565 1238
54446 1955
79315 1380
55493 1093
84537 1061
99634 1004
87858 1157
66816 1449
93914 1834
51622 1105
50785 1712
50251 1925
257 257 127 263 263 0 0 375 375 375 197 197 197 0 0 0 0 0 0 0 0 0 0 0 0 0 0 0 380 380 380 316 316 316 316 316 388 0 0 0 0 0 0 0 0 193 193 0 0 0
257 257 127 37 263 263 0 375 375 375 197 197 283 0 0 0 5 5 5 0 0 0 0 0 0 0 0 0 0 380 380 222 144 144 388 388 388 0 0 0 0 0 0 0 174 193 193 0 0 0
127 127 127 37 37 263 0 0 0 375 197 197 283 0 200 200 5 5 5 0 0 0 0 0 0 0 21 21 21 380 380 222 144 144 388 133 388 318 318 318 318 81 174 174 174 0 193 193 0 0
111 111 111 111 37 263 263 0 0 375 10 10 283 283 200 200 319 319 5 169 169 194 0 0 0 0 0 0 21 0 380 222 144 355 388 133 31 31 196 81 81 81 189 189 0 0 0 0 0 284
111 111 111 339 339 339 263 0 0 92 92 10 55 55 55 65 319 319 169 169 169 194 0 0 0 0 0 0 0 0 293 222 144 355 355 133 31 31 196 109 109 109 189 189 0 282 282 25 0 284
111 91 91 339 339 339 92 92 92 92 10 10 271 55 55 65 65 65 194 194 194 194 270 270 270 0 0 0 61 233 293 293 293 355 355 133 31 31 196 109 109 109 109 298 298 282 282 25 25 284
242 242 91 339 351 351 92 238 238 238 271 271 271 247 247 247 98 98 98 98 115 115 270 61 61 61 61 61 61 233 293 293 232 1 1 99 99 196 196 273 262 262 109 298 298 397 397 397 25 284
242 242 91 351 351 351 92 238 238 238 271 271 370 370 76 247 76 98 98 98 115 115 101 101 101 101 278 278 233 233 293 293 232 1 1 99 99 374 374 273 262 262 128 128 298 298 397 397 284 284
0 0 74 74 386 386 269 269 269 238 58 58 370 370 76 76 76 187 187 187 187 143 143 143 32 101 278 278 243 209 232 232 232 149 357 357 357 374 374 273 262 261 128 128 128 267 267 353 353 353
0 74 74 310 386 386 301 269 269 361 361 58 58 166 166 166 166 187 172 172 172 143 32 32 32 384 384 89 243 209 209 209 149 149 357 357 357 374 374 273 192 261 261 261 18 18 267 267 0 353
0 310 310 310 310 372 301 206 206 361 361 58 58 166 166 166 42 172 172 172 172 143 143 384 384 384 384 89 243 209 209 209 149 274 274 357 280 280 280 192 192 147 147 147 18 18 337 267 0 0
0 276 276 372 372 372 301 206 206 361 367 58 58 279 279 153 42 42 42 396 57 57 26 26 173 173 89 89 243 129 129 129 149 274 274 357 308 308 280 192 192 147 147 147 18 18 337 267 17 0
276 276 368 368 372 372 301 206 206 367 367 367 24 279 279 153 153 396 396 396 57 304 26 26 173 173 39 39 107 107 129 129 349 72 72 72 308 308 364 192 167 167 167 147 329 337 337 267 17 0
276 276 276 368 372 372 325 325 322 367 398 367 24 392 392 153 153 333 333 333 57 304 75 13 13 39 39 39 107 107 336 336 349 72 72 72 364 364 364 324 167 0 0 0 329 329 329 17 17 0
67 67 67 368 354 325 325 325 322 398 398 24 24 392 392 225 389 333 333 57 57 304 75 75 13 13 7 7 137 137 336 336 349 235 235 364 364 47 324 324 324 0 0 252 329 148 148 0 0 0
67 67 67 354 354 354 325 322 322 398 314 314 314 314 314 225 389 389 389 135 57 304 75 75 13 7 7 7 137 137 336 336 349 235 235 364 383 47 324 324 324 139 0 252 329 148 148 0 215 215
302 302 67 138 354 354 136 217 217 217 217 53 108 108 314 225 102 389 389 135 135 135 75 75 381 7 69 62 62 62 336 201 349 35 35 383 383 47 47 245 245 139 0 252 252 148 0 0 215 215
302 302 138 138 136 136 136 214 214 371 53 53 53 108 108 225 102 256 256 212 188 188 381 381 381 7 69 395 395 62 62 201 35 35 35 383 383 52 52 245 245 139 0 0 148 148 0 161 161 369
0 138 138 136 136 136 54 54 214 371 53 2 11 11 177 102 102 256 256 212 188 188 188 264 264 69 69 395 395 62 62 201 201 378 378 210 210 52 52 245 245 139 160 0 0 180 180 161 161 369
0 0 0 136 0 0 54 54 214 371 2 2 11 11 177 177 228 228 228 212 188 251 251 264 264 185 185 395 255 255 255 255 378 378 378 210 210 52 52 245 191 160 160 142 0 180 180 180 369 369
0 0 0 0 0 54 54 51 51 371 2 162 177 177 177 228 228 346 346 212 251 251 44 168 168 82 185 185 38 38 239 255 255 117 117 210 184 184 191 191 191 160 160 142 0 0 180 180 40 40
0 0 0 265 265 140 140 51 51 45 45 162 162 338 338 228 198 198 346 346 359 359 44 44 168 82 82 38 38 9 239 255 122 117 117 237 184 184 90 90 93 93 142 142 0 0 0 40 40 0
0 0 265 265 265 140 140 51 51 163 45 45 162 338 281 281 198 198 346 346 359 359 44 44 168 14 82 38 9 9 239 239 122 122 122 237 237 90 90 90 93 93 142 0 0 0 0 0 0 0
0 0 265 265 265 345 50 50 50 163 163 163 20 338 281 29 29 29 66 66 66 307 307 49 49 14 14 14 9 9 9 122 122 122 122 237 237 175 175 90 79 93 142 0 0 0 0 0 0 0
0 306 306 306 306 345 50 50 379 379 379 379 20 20 281 29 29 29 66 66 66 183 307 307 49 49 14 146 146 226 226 8 8 331 331 237 237 175 175 90 79 79 142 0 0 0 0 0 0 0
0 306 199 83 83 345 50 50 294 294 379 294 20 20 227 227 227 141 141 141 66 183 307 307 321 321 146 146 226 226 208 8 8 331 331 331 390 175 175 157 157 79 79 0 0 0 0 0 0 0
0 0 199 199 83 345 0 0 294 294 294 294 20 20 227 227 227 141 141 334 66 183 299 299 321 321 244 244 208 208 208 120 120 120 120 390 390 175 175 157 157 79 79 190 0 0 0 0 0 0
0 0 199 199 83 236 0 0 229 229 294 205 205 205 227 164 164 334 334 334 334 183 299 299 204 204 244 244 36 36 120 120 258 104 104 390 365 365 312 157 84 150 150 190 190 190 0 0 0 0
0 221 221 219 219 236 0 0 0 229 229 205 205 205 94 94 164 334 334 240 366 366 366 299 204 204 36 36 36 258 258 258 258 104 104 365 365 365 312 84 84 150 150 289 335 0 0 0 0 0
0 0 221 221 219 236 0 0 0 0 0 205 205 16 16 94 164 240 240 240 240 330 366 272 272 204 204 352 352 258 186 186 104 104 343 343 365 230 312 84 289 289 289 289 335 0 0 0 0 0
0 0 221 221 219 236 236 236 0 231 231 231 16 16 16 94 182 182 259 385 385 330 272 272 352 352 352 352 352 254 186 186 186 104 343 343 230 230 312 312 48 48 289 289 335 335 335 0 0 0
0 0 0 0 0 0 0 0 0 231 231 231 16 27 16 182 182 259 259 259 385 330 330 272 85 290 290 290 105 254 254 340 340 340 110 230 230 230 230 312 124 48 48 6 6 106 106 0 0 0
224 0 0 0 0 0 0 27 27 27 27 27 27 27 16 114 259 259 311 311 385 341 85 85 85 77 77 290 105 254 254 340 340 358 110 373 373 373 373 124 124 6 6 6 4 106 0 0 0 0
224 0 64 0 0 0 113 113 113 113 266 266 266 266 216 114 114 114 311 311 56 341 341 341 77 77 105 105 105 254 358 358 358 358 110 373 268 268 268 124 6 6 4 4 4 106 0 0 0 0
224 0 64 248 248 248 323 323 323 113 60 391 391 266 216 216 216 114 311 311 56 56 56 207 207 207 241 241 22 22 22 22 358 358 110 373 268 234 234 234 234 234 4 220 220 317 317 317 249 249
224 0 64 248 87 87 323 323 323 113 60 391 223 103 103 103 88 88 311 311 211 211 56 125 125 207 241 241 241 241 326 326 326 326 171 176 159 159 159 234 234 4 4 220 220 317 347 347 249 249
155 64 64 250 87 87 323 399 399 60 60 391 223 223 223 103 88 88 88 211 211 211 70 125 125 320 320 320 241 241 33 33 33 33 171 176 159 159 178 178 178 178 291 19 19 154 347 347 347 347
155 155 250 250 87 87 323 399 399 286 213 213 223 223 103 103 103 103 88 211 211 211 70 70 152 152 152 320 260 59 59 33 33 33 171 176 159 292 292 292 292 178 291 19 19 154 347 181 0 0
155 155 250 78 78 78 360 360 399 286 213 213 246 246 145 145 145 145 71 71 71 71 70 70 152 152 152 260 260 170 59 59 393 393 171 176 0 0 0 0 291 291 291 291 19 154 181 181 0 0
155 0 0 78 78 344 344 360 360 286 34 34 246 202 145 95 313 145 288 288 288 297 297 70 152 400 400 260 260 170 170 170 393 23 171 171 0 0 0 0 0 291 342 342 19 154 181 0 0 0
155 0 0 41 41 41 344 360 360 286 286 34 246 202 95 95 313 313 313 288 288 297 297 134 134 134 400 203 260 260 170 170 393 23 23 382 382 0 0 0 0 291 68 342 342 154 300 119 0 0
0 0 0 41 344 344 344 360 350 286 286 34 202 202 95 95 313 313 313 309 288 305 253 253 287 134 400 203 203 121 158 158 158 23 23 23 382 382 0 0 0 0 68 68 295 300 300 119 119 119
0 0 0 195 195 376 376 350 350 218 218 218 218 202 285 285 313 309 309 309 305 305 253 253 287 287 287 203 203 121 158 73 275 275 275 275 275 275 0 0 0 0 394 68 295 300 300 0 0 0
0 0 328 328 195 376 376 350 356 356 356 356 218 112 285 285 362 165 165 165 305 305 253 30 30 80 80 203 203 121 121 73 100 327 327 28 28 28 0 0 0 0 394 151 295 300 179 0 0 0
0 0 0 328 195 0 0 0 356 356 356 112 112 112 362 362 362 165 165 165 305 305 387 30 30 80 80 80 118 118 121 73 100 12 327 327 46 28 0 0 0 394 394 151 295 300 179 0 0 0
0 0 0 328 328 0 0 0 303 303 356 377 0 0 0 0 0 315 315 130 130 130 387 387 348 348 363 363 118 118 121 73 100 12 12 327 46 0 0 0 0 151 151 151 151 0 179 179 0 0
0 0 0 0 328 0 0 0 303 377 377 377 0 0 0 0 0 315 315 130 130 63 131 387 348 348 348 363 363 363 126 126 100 100 12 46 46 0 0 0 0 0 277 277 0 0 0 0 0 0
0 0 0 0 328 0 0 0 303 303 132 132 132 0 0 0 156 63 63 63 63 63 131 131 96 96 3 3 3 3 126 126 100 12 12 116 123 123 0 0 0 0 277 277 277 0 0 0 0 0
0 0 0 0 86 86 0 0 132 132 132 43 43 0 0 0 156 156 156 0 0 0 131 131 96 96 3 0 0 0 296 296 12 12 116 116 123 123 0 0 15 15 15 15 332 0 0 0 0 0
0 0 0 86 86 86 0 0 132 43 43 43 43 43 0 0 0 0 0 0 0 0 131 131 97 97 97 97 97 0 296 296 296 296 116 116 116 116 0 0 15 15 332 332 332 0 0 0 0 0
