50 400 20
58923 1798
90118 1198
84412 1831
52811 1028
58517 1900
96075 1749
65934 1651
87809 1808
98035 1514
75546 1082
90518 1464
85987 1164
66140 1293
84298 1671
52011 1161
60781 1893
89980 1856
88545 1291
54401 1086
60717 1996
74246 1113
68256 1138
98692 1927
51879 1228
88883 1558
92199 1397
55022 1849
86330 1718
94210 1459
63120 1460
84513 1919
76708 1975
62717 1812
70954 1873
67688 1655
75331 1737
81350 1292
59814 1704
97240 1374
90370 1457
69701 1517
56311 1938
78798 1601
68129 1562
84604 1773
86881 1887
78251 1799
96460 1466
55174 1574
68738 1848
97505 1321
53337 1241
65973 1014
64233 1413
74633 1194
90101 1553
93770 1282
65445 1701
91051 1799
50151 1499
76233 1088
84716 1811
89263 1251
70655 1480
88547 1511
57554 1978
99055 1938
71610 1929
50526 1829
59735 1584
93068 1489
89959 1716
87344 1914
65737 1122
56446 1703
86530 1719
77779 1592
84304 1224
61831 1136
88115 1614
78752 1674
77508 1365
97606 1063
91843 1342
80677 1705
73954 1956
99922 1349
94030 1913
68892 1801
90732 1227
74115 1320
81556 1946
89423 1862
84469 1601
63361 1919
69927 1635
86962 1636
80984 1900
79587 1361
76918 1923
95933 1811
91388 1838
60924 1361
61756 1539
64071 1555
55888 1400
93325 1743
83068 1954
59861 1956
50806 1716
73358 1626
51501 1852
72283 1214
68439 1562
83129 1872
80325 1857
98084 1644
77448 1055
86581 1280
95986 1269
65214 1918
58121 1124
95714 1751
89952 1008
57100 1092
91366 1014
85290 1859
57839 1409
81392 1819
63456 1389
59210 1314
70405 1687
53031 1396
97426 1304
79696 1928
65974 1960
90859 1576
99898 1702
98610 1480
96867 1633
56180 1606
57100 1885
60579 1454
99019 1314
89707 1223
99275 1212
68585 1760
82175 1752
68829 1040
52429 1485
75686 1524
67710 1203
75162 1114
95574 1922
60841 1014
81007 1038
58823 1973
96549 1112
96306 1635
53819 1878
93967 1085
97319 1435
52605 1174
99964 1642
98330 1257
79496 1449
53352 1473
97417 1701
93749 1655
89131 1449
87180 1910
55237 1332
86815 1693
92682 1603
72375 1072
51413 1836
91736 1452
71222 1682
50684 1631
99646 1847
56609 1677
65632 1850
73344 1307
96903 1578
62363 1852
99159 1620
66476 1948
81928 1760
74112 1921
50586 1548
60034 1188
65060 1581
66494 1760
57611 1016
89446 1533
89038 1613
66331 1327
95452 1612
77520 1589
78399 1160
75114 1440
91058 1049
95938 1380
51071 1199
96701 1108
59915 1141
52262 1513
56595 1674
73687 1108
77407 1914
85092 1119
74184 1078
91912 1724
74991 1320
58040 1094
62328 1529
51320 1831
50398 1030
93638 1140
94160 1636
85396 1564
66056 1912
68521 1201
52340 1603
91260 1822
92583 1726
82774 1783
97613 1822
95918 1013
88341 1998
55416 1100
68071 1654
81041 1068
56686 1064
95200 1324
64703 1524
92155 1007
53154 1973
96463 1875
99785 1308
62704 1492
88310 1898
80512 1524
56042 1033
59080 1448
87693 1650
55800 1181
78410 1289
61385 1179
58375 1150
54209 1535
83418 1337
90855 1320
57035 1132
64568 1193
51419 1860
63183 1215
54836 1769
53610 1813
78866 1897
81358 1941
89736 1362
90910 1874
63986 1922
59916 1369
92855 1516
85848 1883
51188 1606
50001 1273
74174 1516
50776 1443
96036 1539
64428 1075
73574 1187
66554 1660
68147 1794
80128 1511
81199 1521
78301 1245
93992 1282
89300 1808
71176 1471
78514 1169
81551 1912
54694 1004
60673 1277
74411 1021
63327 1313
80421 1587
98056 1905
96106 1735
81097 1787
90515 1292
75126 2000
84024 1961
64484 1275
51333 1701
80900 1314
91069 1887
56151 1266
54098 1645
84852 1599
72623 1991
90419 1020
96356 1302
93238 1803
58877 1635
82117 1963
54244 1695
70285 1298
85931 1448
77578 1877
82608 1164
91141 1236
69722 1380
51671 1425
95101 1242
58927 1755
84253 1981
51311 1467
90238 1596
90020 1584
91368 1639
63724 1939
69223 1250
95666 1979
50926 1355
73098 1200
54240 1637
58860 1151
92277 1810
97992 1751
55150 1193
51255 1172
97483 1544
62071 1318
88916 1984
72491 1510
51402 1867
93159 1853
91933 1609
51580 1863
81472 1093
61215 1122
69598 1102
75320 1869
85873 1815
90296 1228
62908 1209
86447 1347
89646 1780
70303 1409
80220 1954
63437 1945
88726 1924
77039 1180
68460 1225
53768 1166
91686 1872
90747 1270
74955 1043
55672 1718
71963 1073
66635 1431
54883 1055
73860 1002
58347 1881
60328 1901
57302 1749
92364 1412
76753 1193
66503 1025
61486 1917
91875 1751
74347 1504
98094 1560
90989 1404
93536 1336
56050 1516
69049 1476
62053 1077
67662 1428
72332 1167
90342 1388
80944 1771
80276 1960
93208 1915
79841 1927
89596 1971
58469 1479
55178 1617
92204 1305
51397 1943
76850 1839
61082 1084
90047 1946
84079 1847
75594 1306
82966 1484
78660 1483
376 376 376 0 0 0 0 0 112 112 112 112 272 272 272 0 0 0 95 95 299 299 299 0 0 0 0 0 0 0 0 0 0 0 0 0 0 0 0 0 0 175 175 389 389 0 207 126 126 126
392 392 376 0 0 0 0 0 208 208 50 112 112 272 272 272 65 0 95 95 299 397 397 0 0 172 0 0 0 0 0 109 109 0 0 0 290 290 81 81 81 175 175 389 389 0 207 207 126 126
392 392 0 0 0 0 0 0 208 208 50 50 354 65 65 65 65 0 0 299 299 397 397 0 254 172 0 0 300 0 0 109 0 0 51 290 290 294 81 81 81 175 175 0 0 0 207 207 126 0
158 158 158 119 119 307 307 307 307 26 50 50 354 354 155 155 155 155 0 0 87 87 87 254 254 172 300 300 300 109 109 109 0 0 51 51 294 294 301 301 301 175 283 283 283 0 0 360 0 0
158 158 158 158 119 150 150 39 26 26 74 74 74 354 337 155 155 155 155 87 87 205 205 254 172 172 263 263 226 226 185 0 0 51 51 51 294 294 301 246 237 237 283 283 173 0 360 360 0 0
0 158 0 0 119 150 150 39 26 26 74 276 229 229 337 337 337 337 270 87 399 205 205 60 313 313 263 263 226 226 185 185 51 51 122 122 122 246 246 246 237 237 230 230 173 0 360 383 0 0
0 0 0 127 127 150 39 39 26 26 276 276 229 93 93 365 365 270 270 395 399 205 60 60 313 313 263 263 152 152 152 185 185 122 122 122 122 246 246 64 68 68 68 230 173 173 383 383 0 0
0 0 0 127 127 150 386 386 386 386 276 229 229 93 262 262 365 270 105 395 399 399 60 60 313 313 313 313 152 152 152 152 152 239 239 239 239 64 64 64 31 31 68 230 173 383 383 0 0 0
0 0 0 0 127 150 136 386 156 156 62 55 93 93 199 262 365 105 105 395 395 395 137 137 137 177 177 177 91 91 70 70 45 84 284 284 358 358 378 157 31 31 68 68 14 14 14 14 0 0
0 0 0 0 127 127 136 156 156 62 62 55 93 93 199 262 63 105 105 260 260 260 260 137 137 137 177 177 91 91 70 45 45 84 284 284 358 358 378 157 157 193 193 388 388 14 14 0 0 0
132 170 170 170 170 136 136 156 156 62 55 55 141 141 199 262 63 105 105 218 104 104 104 381 381 381 41 350 350 350 70 45 84 84 284 358 358 358 378 378 157 193 193 388 388 14 219 0 0 0
132 170 251 251 251 366 351 351 62 62 56 141 141 225 199 262 63 63 63 218 104 104 104 78 78 381 41 350 149 149 149 228 228 369 369 288 288 358 364 364 364 193 193 193 28 28 219 0 0 0
132 132 251 251 251 366 243 351 351 56 56 141 141 225 225 225 363 363 218 218 375 104 104 78 78 78 41 149 149 149 149 228 228 369 369 288 288 364 364 377 377 96 96 28 28 28 219 219 0 0
0 0 34 34 366 366 243 61 61 56 261 16 16 16 7 7 363 363 375 375 375 97 97 78 78 78 41 373 180 180 228 228 57 57 338 338 135 135 135 377 377 96 96 96 28 28 0 0 0 0
0 0 34 34 366 243 243 370 61 61 261 261 261 16 7 7 363 330 375 240 240 97 97 321 321 321 373 373 373 180 180 255 57 57 338 338 135 135 231 134 396 396 396 396 0 0 0 0 0 0
0 9 9 92 92 385 385 370 341 341 261 261 261 7 7 7 330 330 375 240 240 258 258 321 321 321 373 373 242 242 255 255 57 57 322 322 231 231 231 134 134 134 396 90 90 90 90 79 79 0
2 9 9 92 92 385 385 370 370 341 296 296 329 329 120 7 330 330 375 332 332 258 258 321 321 147 130 130 242 242 255 255 57 322 322 322 231 231 231 302 302 134 134 134 75 75 90 79 79 0
2 202 202 379 379 385 385 341 341 341 296 296 329 329 120 120 167 167 375 332 332 332 332 241 241 147 130 130 242 145 145 11 11 11 11 11 393 393 302 302 222 222 189 189 75 75 0 0 0 0
2 202 202 379 379 379 212 29 29 29 29 29 77 77 120 120 167 167 345 235 235 244 332 241 241 147 147 224 224 145 145 145 145 145 169 169 393 393 222 222 222 189 189 75 75 75 0 0 0 0
2 2 387 379 379 379 212 212 293 293 213 213 77 252 252 37 37 37 345 235 235 244 244 244 147 147 224 224 310 310 310 310 310 169 169 117 117 247 247 203 203 203 73 73 27 27 0 0 0 0
195 195 387 133 133 212 212 212 293 293 213 213 77 252 252 319 319 37 345 13 13 295 295 295 233 233 233 233 310 310 310 306 291 117 117 117 101 247 247 203 203 203 73 73 27 27 0 0 0 0
195 195 387 133 133 212 212 333 66 66 213 38 38 252 252 319 319 319 345 345 13 295 320 295 178 178 48 48 48 306 306 306 291 117 196 196 101 101 394 394 113 203 73 27 27 346 30 30 0 0
195 195 387 133 133 133 333 333 66 66 66 38 38 46 252 319 190 190 190 190 13 320 320 217 217 178 48 48 48 24 24 306 291 291 342 196 101 101 394 394 113 113 113 27 346 346 30 30 0 0
195 195 125 133 333 333 333 161 271 271 66 38 86 46 252 319 190 287 287 106 320 320 320 217 217 178 54 54 48 24 24 342 342 342 342 196 101 101 394 394 357 357 357 357 346 308 308 30 30 0
0 125 125 324 324 161 161 161 271 66 66 86 86 46 285 285 285 287 106 106 267 267 201 217 217 54 54 54 328 328 328 342 342 342 40 40 40 326 326 326 357 349 349 0 0 308 308 278 278 0
0 125 125 324 324 161 5 5 271 344 344 86 184 46 46 285 285 287 106 106 267 201 201 217 217 160 54 54 328 359 352 352 352 40 40 40 40 236 326 326 326 349 349 0 0 279 279 279 278 278
0 0 0 0 44 5 5 6 6 344 344 184 184 282 282 282 282 282 267 267 267 201 201 201 160 160 273 359 359 359 352 352 343 343 343 343 236 236 326 171 171 171 349 0 0 279 0 0 278 278
400 400 400 0 44 5 6 6 344 344 103 103 184 148 148 282 282 22 22 267 267 128 128 201 160 160 273 273 273 359 188 352 343 268 268 343 236 236 171 171 171 311 311 0 0 0 0 0 278 278
400 0 0 0 44 5 256 344 344 103 103 103 184 148 148 22 22 22 43 43 128 128 128 128 4 259 259 259 188 188 188 188 343 268 268 268 268 371 371 371 371 311 311 204 204 204 0 0 0 0
42 42 42 0 44 5 256 317 317 103 103 103 162 162 43 43 43 43 43 43 128 128 4 4 4 259 36 259 107 188 188 188 114 114 114 398 398 398 371 371 327 327 327 204 123 123 0 0 0 0
17 42 42 52 52 248 256 317 165 165 162 162 162 162 162 164 102 102 102 58 58 98 98 98 98 98 36 259 107 107 107 107 209 209 114 398 297 297 371 371 314 327 327 204 123 123 253 0 0 0
17 42 153 52 248 248 256 317 165 165 124 124 124 164 164 164 102 102 102 58 58 315 315 15 15 98 36 259 259 107 107 209 209 209 209 398 297 297 314 314 314 327 327 204 159 159 253 0 0 0
17 17 153 52 248 118 118 318 318 165 124 124 197 164 164 164 151 151 35 35 312 315 315 15 15 36 36 265 191 191 191 249 249 249 209 303 303 303 314 314 314 220 220 159 159 356 253 253 0 0
0 0 153 69 69 118 118 318 384 384 384 197 197 20 20 20 20 151 35 35 312 312 215 215 215 391 391 265 191 227 227 227 227 249 209 303 303 303 314 382 19 220 220 129 129 356 356 0 0 0
0 0 153 69 69 318 318 318 384 384 384 197 197 347 347 347 347 151 216 216 216 312 312 312 215 391 265 265 191 227 227 138 249 249 275 275 8 8 382 382 19 129 129 129 129 335 356 0 0 0
0 0 0 0 0 318 318 367 367 384 18 197 197 347 347 347 347 309 309 309 216 216 312 312 304 391 21 21 89 89 227 138 323 323 275 275 8 8 382 144 19 19 76 76 76 335 335 335 0 0
0 0 0 0 361 361 367 367 12 12 18 18 49 49 211 331 331 331 309 176 176 216 368 368 304 304 21 21 89 238 138 138 323 323 192 275 275 166 144 144 206 206 168 76 76 121 121 121 0 0
0 0 0 0 0 361 367 269 12 223 223 18 49 49 211 211 211 331 309 210 176 176 176 368 368 304 304 140 89 238 238 238 179 179 192 183 275 166 144 206 206 305 168 168 168 53 82 121 82 82
0 0 274 274 274 361 367 269 12 223 223 18 49 49 211 211 211 211 309 210 176 176 200 200 266 266 304 140 89 116 116 116 179 192 192 183 166 166 111 305 305 305 264 264 168 53 82 82 82 0
0 0 10 274 274 274 274 269 269 269 298 298 163 23 23 23 23 23 25 210 210 200 200 200 266 266 140 140 3 116 116 179 179 192 192 183 94 94 111 305 305 186 186 264 53 53 353 353 0 0
0 10 10 336 336 88 88 174 174 174 174 298 163 163 163 286 286 286 25 210 210 47 47 99 99 72 72 214 3 3 3 115 115 192 192 183 94 94 111 111 186 186 264 264 374 374 353 0 0 0
0 10 10 336 336 88 88 174 362 362 174 298 163 163 163 286 194 194 25 25 210 47 47 99 99 72 72 214 3 3 3 115 0 0 334 334 334 334 182 146 146 186 264 264 374 374 353 0 181 181
0 232 232 232 289 289 289 174 362 362 221 221 221 221 339 339 339 194 194 194 85 85 47 47 99 99 214 214 214 115 115 115 0 0 0 0 182 182 182 146 146 292 100 100 374 154 257 257 181 181
232 232 232 0 0 289 289 289 0 0 221 221 221 221 339 339 390 390 250 250 250 85 47 47 71 71 131 131 214 214 0 0 0 0 0 0 0 0 277 281 146 292 100 100 374 154 257 257 0 0
0 0 0 0 340 340 0 289 0 0 0 0 1 1 390 390 390 390 250 0 85 85 71 71 71 131 131 131 131 214 0 0 0 0 0 0 0 277 277 281 281 292 292 280 280 154 154 257 0 0
0 83 83 0 340 340 0 0 0 32 32 32 32 1 1 143 372 372 372 0 0 0 71 71 0 0 0 0 80 80 80 0 0 0 0 0 0 0 277 277 281 280 280 280 280 380 380 380 59 59
0 83 83 108 348 348 348 0 0 32 32 32 187 187 143 143 372 372 0 0 0 0 33 0 0 0 0 0 80 80 80 80 198 198 0 0 0 0 277 277 316 0 0 139 139 139 380 380 59 59
0 0 108 108 348 355 355 0 0 234 234 234 187 187 143 0 0 0 0 0 33 33 33 0 0 0 325 325 245 245 245 0 198 198 0 0 0 316 316 316 316 0 0 0 0 139 110 110 110 110
0 0 108 108 108 355 355 0 0 234 234 0 0 0 0 0 0 0 0 0 0 33 33 0 0 0 325 325 245 0 0 0 0 0 0 0 0 316 142 67 67 0 0 0 0 139 0 110 110 110
0 0 0 108 0 0 0 0 0 0 0 0 0 0 0 0 0 0 0 0 0 0 0 0 0 0 0 0 0 0 0 0 0 0 0 0 142 142 142 67 67 0 0 0 0 0 0 0 0 0
