50 400 20
75785 1668
95463 1498
94828 1821
65993 1062
51965 1986
72966 1150
67296 1206
82211 1813
59879 1783
84368 1767
71824 1077
76896 1547
55061 1125
63417 1846
66150 1239
96110 1280
86721 1868
99017 1180
69066 1099
91518 1747
97274 1442
89891 1705
92196 1081
92002 1084
96885 1987
80419 1044
78238 1801
83067 1725
95348 1379
51020 1323
63345 1786
80789 1491
82114 1970
86865 1480
73122 1625
97285 1762
75240 1470
78484 1495
54036 1560
66625 1119
52443 1326
76804 1659
51230 1565
53283 1296
62682 1916
66366 1169
68570 1858
52055 1288
62559 1260
88023 1098
52108 1387
65283 1008
83786 1818
83293 1952
57057 1805
52901 1009
77125 1302
77576 1288
99951 1805
75883 1275
79478 1141
61165 1824
70291 1109
60608 1062
96897 1184
70715 1773
60376 1125
81946 1051
57288 1832
95405 1499
79730 1372
53073 1890
82146 1874
73102 1610
78379 1350
89812 1360
80460 1302
95958 1292
96594 1420
95559 1369
56745 1886
92219 1056
93377 1679
57724 1534
54188 1245
99701 1138
73218 1743
55139 1365
81584 1094
71112 1931
69869 1550
85616 1033
66170 1272
86881 1964
78267 1353
97236 1924
62070 1821
95264 1645
82730 1523
91544 1044
64369 1657
96215 1084
61156 1236
79845 1958
67507 1982
93393 1166
50355 1473
66907 1439
56054 1414
99910 1925
94879 1955
86695 1391
80303 1495
74381 1540
53219 1355
76339 1127
69759 1480
92443 1139
98859 1209
56805 1053
64386 1374
72734 1449
75687 1089
95315 1181
68878 1743
73271 1387
83191 1695
87822 1366
73631 1458
54532 1208
58000 1622
65250 1342
76539 1526
97844 1019
75565 1906
92556 1604
97976 1283
98081 1422
67433 1613
98779 1864
67854 1855
57045 1915
91888 1103
52360 1574
88891 1266
82970 1721
73093 1416
59790 1085
91371 1734
73874 1424
95018 1970
50983 1893
89669 1157
91311 1489
94835 1719
67955 1311
66541 1722
64819 1477
69245 1615
90996 1019
57425 1641
70346 1514
52976 1794
90826 1621
90071 1237
99632 1085
66633 1255
74873 1444
94385 1551
91642 1757
53144 1197
89434 1212
78279 1774
58901 1106
76013 1205
57506 1037
65715 1308
56383 1752
78309 1122
70671 1998
92693 1693
90918 1094
57120 1177
88824 1240
72661 1228
87381 1029
58817 1033
81446 1978
91195 1411
88551 1378
60561 1761
52936 1659
54326 1394
91576 1583
96829 1950
95280 1860
63668 1623
89352 1330
81717 1856
61948 1824
71520 1970
98747 1345
87073 1429
78491 1949
98317 1313
75553 1497
92139 1306
60593 1500
78470 1301
96101 1210
84117 1395
92697 1330
59798 1000
68049 1404
54375 1822
83694 1305
99244 1737
88154 1322
54995 1961
69184 1219
56261 1985
90596 1488
72810 1541
56859 1571
91431 1870
97183 1745
74983 1334
85734 1807
66489 1050
91384 1266
93365 1388
99939 1723
61413 1777
93271 1929
97748 1828
52316 1020
65030 1785
79956 1182
59557 1911
57906 1298
98187 1588
64952 1488
56441 1310
57358 1498
70390 1374
72311 1066
63439 1613
68468 1745
77247 1809
73745 1453
78070 1960
52190 1899
56458 1723
86544 1762
94641 1574
83242 1002
81824 1001
97883 1914
97541 1885
96556 1587
91026 1346
75394 1602
77412 1123
82346 1741
96395 1684
73051 1492
91890 1525
57438 1707
61852 1473
64633 1513
67964 1569
62555 1900
91519 1711
61781 1897
83663 1082
92426 1673
98567 1069
62079 1205
58673 1283
61105 1081
84690 1013
83131 1261
68985 1191
98659 1325
80048 1388
95003 1995
80072 1211
61858 1344
81897 1987
85332 1016
91259 1704
71026 1588
71480 1157
84327 1293
59119 1864
65640 1779
52466 1244
52170 1642
63962 1575
98790 1555
55622 1535
98388 1863
56349 1059
68468 1245
82805 1669
68107 1904
70442 1932
79450 1336
87789 1613
81715 1613
73068 1402
55688 1183
60904 1920
55464 1172
66942 1140
72656 1722
68316 1476
56306 1264
51284 1765
59795 1428
66457 1004
78741 1919
73534 1784
99157 1795
85833 1964
59201 1062
83221 1085
56436 1942
57768 1200
93069 1961
65925 1905
55985 1099
82432 1427
61362 1604
92117 1706
63874 1045
90856 1670
87151 1567
70566 1874
81602 1968
79648 1263
90808 1084
71008 1061
90983 1487
80039 1453
63494 1654
98339 1439
75709 1699
83624 1886
98490 1229
95401 1241
72878 1554
99138 1538
57073 1290
53386 1001
94434 1174
97503 1524
51029 1396
98842 1357
86652 1212
59691 1988
87996 1565
92918 1038
87384 1489
86727 1892
70627 1784
81978 1303
96561 1103
80690 1598
87218 1362
81440 1991
54123 1017
96343 1946
92788 1036
86830 1974
89354 1474
97964 1120
88342 1441
84820 1103
78063 1962
74041 1888
52647 1486
60414 1525
98761 1087
69338 1271
69523 1030
82806 1951
81825 1829
91498 1351
76345 1746
83201 1090
60001 1144
69492 1059
77183 1360
81495 1570
87651 1237
68249 1570
67477 1125
82796 1640
71170 1183
0 0 0 0 356 356 356 356 356 0 0 0 0 0 0 0 0 0 0 0 0 0 0 0 0 58 58 308 0 0 0 0 0 0 0 177 177 177 319 319 319 107 107 0 0 59 0 0 0 0
0 0 0 0 11 11 356 356 356 0 0 0 0 0 0 0 0 0 104 104 12 12 0 0 0 58 58 308 0 0 233 0 0 0 331 177 177 177 251 251 319 107 107 107 0 59 0 229 229 0
0 0 0 0 11 11 395 395 395 212 212 0 0 0 68 0 0 309 104 104 327 12 12 12 0 0 58 308 308 0 233 233 0 0 331 331 331 251 251 187 21 21 21 0 0 59 59 59 229 229
0 335 335 0 0 0 0 217 395 395 212 0 0 0 68 0 0 309 309 327 327 327 0 0 0 0 0 0 308 308 308 233 168 168 331 331 331 0 0 187 187 187 21 0 163 163 163 59 59 59
335 335 335 0 0 0 0 217 0 395 212 0 254 68 68 156 156 156 309 327 327 327 0 0 225 225 225 0 0 0 0 0 168 168 0 0 0 0 0 187 187 1 1 0 64 163 163 0 0 0
262 262 0 0 0 0 217 217 0 0 0 0 254 254 68 156 0 0 0 0 0 0 0 0 225 236 236 236 0 0 0 0 0 0 0 0 0 9 9 9 1 1 241 241 64 163 0 0 0 0
262 262 143 143 143 0 8 8 8 8 279 0 0 254 341 341 0 0 0 0 0 0 0 0 103 103 236 236 391 391 0 0 210 210 210 210 210 9 9 9 241 241 241 64 64 0 0 0 0 0
0 184 399 399 143 264 264 381 381 381 279 330 330 341 341 0 0 0 0 0 0 0 0 0 103 103 236 236 391 391 49 49 49 49 122 122 120 120 65 65 241 10 10 237 237 0 76 0 0 0
0 184 184 399 399 113 264 381 279 279 279 330 330 208 208 0 0 0 70 70 181 181 0 103 103 103 103 141 141 198 148 148 148 148 122 122 120 120 120 65 161 161 10 237 237 0 76 76 56 56
0 92 184 113 113 113 264 264 166 166 166 245 245 208 208 0 0 249 70 70 70 181 181 183 183 183 141 141 141 198 198 198 198 19 116 116 120 324 324 65 161 161 10 170 170 170 76 76 0 56
0 92 0 0 173 173 203 166 166 166 166 245 245 208 208 98 98 249 124 124 124 124 183 183 183 295 295 295 295 295 198 198 198 19 19 116 120 29 324 324 50 50 50 146 170 170 30 76 0 56
0 92 0 0 0 173 203 203 203 66 66 66 245 245 208 98 98 249 249 37 95 95 202 202 205 205 205 205 90 90 90 90 357 19 19 116 120 29 29 261 388 388 50 146 146 30 30 76 0 0
0 92 0 0 173 173 128 128 203 203 203 66 371 371 371 33 33 366 366 37 95 95 202 202 202 199 199 199 199 357 90 357 357 19 41 41 268 268 29 261 261 388 388 146 146 30 30 244 0 0
0 0 0 0 173 173 173 128 128 67 67 371 371 371 33 33 33 366 366 37 167 167 167 167 154 154 154 199 199 357 357 357 235 235 41 41 268 5 5 261 261 388 311 311 146 30 244 244 0 0
0 0 0 0 0 157 157 394 67 67 67 243 86 371 33 366 366 366 37 37 37 138 138 326 326 326 154 3 3 3 357 179 31 235 235 355 268 5 5 378 378 388 266 311 311 244 244 244 35 0
0 0 0 0 157 157 394 394 67 67 67 243 86 86 86 366 87 87 304 43 43 138 138 326 169 234 349 349 3 3 179 179 31 31 31 355 17 5 5 378 378 388 266 266 376 376 34 34 35 0
53 53 53 195 139 248 248 394 394 394 243 243 372 372 2 2 87 87 304 304 43 288 288 326 169 234 234 349 349 179 179 369 369 144 144 355 17 17 17 17 174 0 266 266 376 376 34 34 35 35
0 0 53 195 139 248 248 152 152 152 243 243 243 372 2 2 87 304 304 304 43 288 288 169 169 375 234 85 85 179 283 369 369 144 144 355 316 316 316 17 174 0 0 266 0 0 0 34 0 0
362 0 0 195 139 139 139 152 204 204 243 55 55 372 385 385 230 230 304 256 256 256 288 288 288 375 375 85 283 283 283 369 369 347 347 93 316 316 316 17 174 174 0 0 0 0 0 0 0 0
362 362 0 195 0 0 380 204 204 204 55 55 55 372 385 385 230 230 307 307 256 256 288 45 45 375 375 85 292 292 292 369 294 294 347 93 93 93 367 174 174 174 174 0 0 0 314 314 314 0
362 362 0 0 0 0 380 278 204 204 302 302 302 44 44 4 230 296 307 307 336 336 273 273 45 375 63 292 292 276 276 369 294 294 347 347 162 111 367 367 125 125 345 345 345 314 314 314 0 0
197 197 197 197 380 380 380 278 74 74 302 302 302 44 44 4 4 296 307 307 336 336 273 273 45 375 63 292 292 276 396 396 294 294 347 364 162 111 111 367 125 125 321 321 345 314 223 223 0 0
197 197 47 47 47 47 278 278 74 74 302 267 267 267 267 4 4 296 280 280 153 153 153 45 45 375 63 126 126 276 396 201 201 364 364 364 162 162 111 367 125 13 13 321 345 211 223 223 0 69
197 142 47 47 47 47 274 274 74 339 339 374 374 374 239 281 4 296 280 42 42 42 153 253 253 149 63 126 126 276 396 201 201 213 213 255 255 255 121 367 13 13 13 321 345 211 145 182 182 69
142 142 142 232 232 232 274 274 74 339 339 374 374 374 239 281 281 280 280 42 42 42 153 253 253 149 32 126 126 189 189 213 213 213 255 255 105 105 121 106 13 13 384 384 211 211 145 145 182 69
142 306 142 232 232 232 285 285 270 270 270 374 374 239 239 239 281 280 350 350 329 329 153 153 253 149 32 32 32 189 189 365 365 365 365 269 269 105 121 106 106 106 106 384 384 145 145 145 182 69
142 306 306 306 232 285 285 22 22 22 270 25 91 91 91 239 222 222 350 350 329 329 328 328 149 149 190 190 190 340 340 228 228 228 269 269 269 105 121 121 310 310 310 359 0 0 0 0 0 0
142 0 0 306 192 192 285 22 22 25 25 25 186 186 91 62 222 222 334 334 112 112 328 337 252 149 190 190 190 340 340 317 317 228 137 137 269 269 121 121 310 15 310 359 359 0 0 0 0 0
0 0 0 54 54 192 192 130 130 172 172 186 186 377 377 62 114 114 334 334 112 112 328 337 252 252 190 190 340 340 340 317 317 317 137 137 137 15 15 15 15 15 15 359 359 0 393 393 0 0
0 0 0 54 54 192 192 130 338 338 172 172 172 377 377 62 62 114 334 334 334 112 73 337 252 252 284 221 221 389 389 317 250 250 137 137 137 298 298 344 344 344 159 159 359 289 289 393 393 393
0 0 0 54 54 54 192 130 338 338 172 172 172 94 94 94 94 114 119 397 397 400 73 337 284 284 284 284 221 389 389 250 250 250 231 231 231 298 298 344 358 358 159 159 27 27 289 289 393 393
0 0 0 97 97 97 192 224 224 338 338 175 175 175 175 220 94 119 119 397 400 400 73 73 73 284 284 284 221 26 26 26 26 250 231 231 231 89 89 313 358 358 27 27 27 28 158 109 109 109
0 0 0 97 97 97 135 224 224 115 115 115 175 175 175 220 94 119 397 397 400 265 165 287 287 342 342 342 81 26 26 26 206 206 206 206 75 89 89 313 313 313 313 28 28 28 158 109 109 0
0 0 0 97 97 135 135 224 224 115 52 52 150 82 220 220 151 151 397 397 265 265 165 287 287 342 342 342 81 263 263 263 206 206 206 61 75 75 78 313 271 271 271 271 28 200 158 0 0 0
0 0 0 0 0 135 373 373 52 52 52 150 150 82 82 151 151 151 272 272 265 322 165 387 387 387 387 81 81 290 263 263 206 61 61 61 75 75 78 313 218 218 6 6 200 200 158 136 0 0
147 147 0 0 0 373 373 123 123 123 96 150 82 82 363 363 382 88 88 272 272 322 165 165 387 387 387 387 290 290 290 219 219 348 348 348 75 78 78 218 218 218 6 6 200 343 343 136 136 136
147 147 293 293 346 346 346 123 96 96 96 291 83 258 258 363 382 88 88 272 176 322 322 386 386 386 325 260 193 193 290 219 219 275 348 348 348 78 78 218 218 218 312 72 343 343 392 392 305 305
147 147 293 293 346 346 80 80 80 80 291 291 83 258 258 363 382 382 398 398 176 134 386 386 325 325 325 260 193 193 290 79 79 275 188 188 188 188 78 351 312 312 312 72 343 226 392 392 305 305
147 147 178 178 178 40 40 40 282 282 291 291 83 83 18 363 363 383 398 176 176 134 386 131 131 185 260 260 71 71 79 79 275 275 188 14 14 188 188 351 312 312 72 72 226 226 352 352 305 305
196 196 178 242 242 40 40 282 282 282 127 291 291 18 18 18 18 383 398 176 176 134 134 131 131 185 260 260 71 71 71 275 275 332 332 14 14 14 351 351 110 110 194 194 226 226 352 352 305 101
196 196 242 242 0 40 40 282 282 282 127 127 320 18 361 361 18 383 176 176 155 155 370 370 370 185 260 301 301 16 48 48 275 332 332 303 303 14 23 23 110 110 194 194 38 38 352 352 352 101
196 333 333 242 0 0 240 240 297 297 320 127 320 361 361 361 361 383 259 155 155 155 370 379 370 185 301 301 16 16 48 48 286 286 332 332 303 303 299 23 110 110 194 38 38 354 354 354 101 101
196 196 333 77 0 0 240 297 297 297 320 320 320 238 361 300 300 259 259 155 155 379 379 379 247 247 247 7 16 16 24 24 24 286 332 36 36 299 299 23 315 315 194 0 0 354 354 133 133 360
20 20 333 77 77 0 240 240 214 214 0 320 320 238 132 132 300 259 259 259 155 99 99 99 247 247 247 7 24 24 24 57 57 286 36 36 36 299 315 315 315 246 246 0 0 0 354 133 133 360
20 20 333 180 77 0 0 214 214 0 0 0 238 238 132 132 300 300 259 259 209 209 318 99 99 7 7 7 171 129 129 57 57 36 36 84 84 323 315 315 315 246 246 0 0 0 164 164 164 360
20 20 180 180 180 0 0 207 207 0 0 0 353 39 100 100 100 300 108 108 209 209 318 99 99 7 7 7 171 129 129 129 129 36 390 84 84 323 216 216 216 0 0 0 0 0 164 360 360 360
117 117 117 180 180 0 0 207 207 0 0 0 353 39 100 100 102 300 108 108 209 209 318 318 160 191 191 191 171 129 60 60 390 390 390 390 390 323 216 0 0 0 0 118 118 118 164 0 0 0
117 0 227 227 227 0 0 0 0 0 51 51 353 39 39 102 102 0 0 0 0 0 318 318 160 160 191 191 171 129 60 60 277 277 0 390 390 323 215 215 0 0 0 118 0 0 0 0 0 0
0 0 0 0 227 0 0 0 0 0 51 51 353 353 368 102 102 0 0 0 0 0 0 318 160 160 257 257 140 140 46 46 277 277 0 0 0 0 215 215 0 0 0 0 0 0 0 0 0 0
0 0 0 0 0 0 0 0 0 368 368 368 368 368 368 102 0 0 0 0 0 0 160 160 160 257 257 257 140 140 140 46 46 46 0 0 0 0 215 0 0 0 0 0 0 0 0 0 0 0
