50 400 20
98228 1073
61262 1294
82461 1989
55506 1587
64068 1587
52776 1856
92911 1825
94738 1166
67943 1702
68131 1170
90880 1591
52813 1649
91468 1937
50375 1057
64318 1331
67261 1143
58117 1376
85114 1812
64308 1160
78394 1847
94994 1657
92748 1315
60228 1337
58766 1344
71028 1734
86001 1921
91836 1837
93431 1717
88376 1647
88567 1144
97905 1085
87249 1308
93769 1411
97326 1727
75964 1720
59554 1720
58193 1328
82893 1455
74358 1106
57554 1422
56560 1798
87097 1562
98708 1916
59751 1662
76936 1710
55676 1670
86365 1326
96960 1475
94016 1630
68860 1290
68642 1732
98337 1232
66835 1237
53815 1586
86467 1800
70765 1116
80301 1375
51698 1069
78931 1922
51919 1510
83380 1576
81350 1143
69437 1985
93792 1485
64733 1558
52430 1531
79277 1601
97337 1876
91473 1241
61377 2000
93130 1789
71218 1143
56273 1814
96521 1627
68584 1038
53582 1584
90701 1456
50709 1464
71283 1671
84068 1447
58129 1608
92057 1493
83738 1971
55125 1576
88303 1676
58899 1701
71426 1390
85540 1405
57833 1202
86121 1077
91998 1973
75439 1612
66240 1431
66020 1824
55217 1865
55163 1088
91154 1918
79630 1996
95907 1344
78187 1912
75424 1519
57243 1491
95254 1884
68947 1993
99424 1696
70836 1688
71605 1318
96624 1424
54202 1532
94888 1791
66018 1367
57348 1331
79181 1410
62901 1191
90664 1519
53560 1061
73688 1520
92663 1845
72651 1867
94258 1997
53782 1157
63431 1131
69618 1719
90989 1439
72134 1389
57075 1334
66293 1304
63260 1174
82116 1787
69932 1456
80453 1635
99159 1972
97808 1111
86684 1068
61855 1752
70670 1506
91387 1228
87418 1727
81180 1727
91312 1857
83485 1296
72488 1970
92989 1473
86972 1760
52294 1127
66467 1396
80556 1558
67329 1411
77416 1794
82763 1273
56797 1068
78439 1244
61599 1904
75818 1193
62658 1787
70578 1067
98026 1024
96261 1016
66729 1487
54801 1541
67662 1877
65381 1570
89042 1324
82060 1522
62302 1297
51970 1484
77766 1549
82190 1093
89653 1213
88729 1278
92278 1684
71747 1515
81793 1671
80288 1615
83992 1721
74309 1265
68143 1624
90924 1677
73555 1574
64777 1949
58820 1000
54906 1127
57517 1903
77690 1820
89046 1942
91620 1231
86359 1923
62014 1560
62175 1098
74250 1219
93162 1000
83508 1438
96752 1359
92309 1021
56868 1277
67895 1124
78800 1167
93394 1850
77843 1667
90305 1473
75642 1041
52220 1120
71712 1260
93644 1440
81126 1481
83192 1205
81214 1295
84806 1818
75068 1179
82943 1141
60791 1687
83357 1892
51138 1358
96027 1365
81317 1336
57000 1361
50724 1010
89017 1659
88906 1454
65490 1900
73211 1203
67135 1107
75931 1981
94204 1825
78967 1532
77452 1569
64763 1030
73914 1211
73393 1348
63648 1684
50815 1331
67227 1097
66662 1359
64709 1038
64686 1170
59391 1083
94515 1752
86744 1934
66883 1947
78505 1112
51124 1781
60826 1032
77813 1473
73332 1952
97099 1381
75213 1042
71875 1918
85320 1473
71169 1295
84388 1389
75200 1046
84713 1605
99528 1138
95127 1554
56464 1356
63645 1929
50125 1261
88691 1108
76979 1680
75886 1634
76594 1574
58614 1935
70783 1877
62345 1565
77905 1443
78679 1581
52616 1499
97979 1564
79477 1818
50314 1161
63432 1706
74860 1749
85336 1621
87059 1243
73888 1363
97567 1777
50572 1575
64136 1995
73274 1409
59617 1155
96355 1811
75875 1603
80533 1349
73117 1870
66892 1329
52388 1648
68809 1677
82592 1699
54817 1791
73843 1566
65736 1434
58188 1891
67657 1144
52903 1989
52733 1922
72887 1585
70673 1236
91737 1320
52790 1231
92689 1750
67545 1866
88006 1681
50478 1686
93764 1050
76403 1866
85758 1477
98002 1260
56584 1274
79272 1112
75531 1846
66407 1251
68472 1029
90678 1624
50745 1504
88589 1426
65413 1230
92621 1480
61219 1428
57820 1380
85125 1590
97330 1088
98426 1738
92119 1237
56112 1192
94160 1087
65931 1227
85314 1910
59783 1212
56548 1896
79807 1252
70165 1786
92967 1707
53393 1978
79649 1222
99398 1953
76879 1928
74940 1988
81049 1790
54133 1146
54045 1385
85645 1676
67845 1993
99119 1604
61706 1559
70060 1170
53890 1893
65741 1475
55246 1690
67018 1809
65257 1590
76441 1214
71016 1567
99638 1688
68358 1631
91192 1072
72416 1405
57724 1485
86994 1597
77264 1511
57220 1151
82891 1486
99750 1083
84695 1367
73342 1874
86968 1225
78503 1895
50916 1767
81004 1765
75415 1674
59334 1479
70114 1036
72386 1179
56672 1290
85773 1657
74827 1947
96805 1804
61541 1447
56253 1368
64245 1179
52139 1124
96061 1602
60574 1084
86472 1530
97220 1863
98253 1165
78738 1559
91518 1200
78829 1790
58842 1216
63451 1412
91765 1837
66865 1706
50759 1044
61043 1932
54838 1207
51655 1884
57495 1198
60000 1878
86200 1770
88821 1112
153 153 153 153 212 42 42 42 0 0 0 0 201 201 201 201 0 200 200 200 277 277 86 0 0 64 64 307 307 262 262 238 238 238 208 208 374 374 374 374 256 256 256 256 77 77 225 225 225 225
147 147 153 212 212 42 42 107 299 357 357 138 138 0 0 0 0 200 200 200 277 277 86 0 0 64 64 307 47 47 262 262 262 238 208 338 338 338 338 158 256 23 256 77 77 77 50 50 50 225
147 147 153 153 212 107 107 107 299 357 357 138 0 0 0 0 72 59 59 59 277 277 86 0 0 0 0 307 0 47 47 0 0 0 208 208 268 158 158 158 23 23 256 89 89 89 89 50 50 0
219 219 219 219 212 107 107 299 299 357 138 138 0 0 0 72 72 59 292 59 277 86 86 0 0 0 0 0 0 0 0 0 0 0 268 268 268 268 158 158 23 23 155 155 89 89 89 108 108 0
0 0 0 0 0 299 299 299 299 94 0 0 0 0 72 72 72 59 292 358 216 216 216 0 0 0 0 0 0 0 335 335 0 234 234 268 234 158 158 155 155 155 155 155 89 272 272 272 108 0
0 0 0 0 0 132 132 215 215 94 0 0 0 0 79 79 79 79 292 358 358 358 216 216 278 214 214 0 0 0 335 335 0 234 234 234 234 140 140 140 337 337 337 273 273 139 272 272 108 0
0 0 0 30 30 132 132 360 215 94 0 0 0 0 96 96 197 197 292 253 253 314 314 216 278 214 214 0 0 0 0 280 280 57 57 228 228 140 140 140 337 154 154 273 273 139 272 272 0 0
0 0 0 30 360 360 360 360 215 94 94 94 94 0 96 96 197 197 182 109 253 253 314 314 278 214 214 8 243 243 243 280 280 57 57 228 228 228 221 221 221 221 154 154 154 139 139 139 0 0
0 0 0 30 30 30 30 309 275 275 94 177 177 177 99 99 99 95 182 109 281 281 281 281 278 214 214 8 368 368 243 294 294 384 384 384 221 221 221 221 282 282 282 154 81 81 81 139 229 229
0 0 120 120 362 362 362 309 275 275 177 177 177 177 99 99 99 95 182 109 109 281 283 283 283 283 8 8 368 368 368 294 294 384 384 127 127 127 196 196 282 0 0 0 0 0 81 229 229 229
0 0 120 120 362 362 309 309 309 68 316 316 324 324 99 95 95 95 182 109 109 281 249 249 330 330 330 368 368 114 114 294 384 384 384 328 127 127 196 196 282 282 97 97 97 0 0 0 0 0
0 0 271 271 362 362 309 333 333 68 316 316 261 324 324 164 164 164 143 276 249 249 249 330 330 136 114 114 114 114 114 294 328 328 328 328 38 151 151 151 151 282 141 141 97 285 285 0 0 0
0 0 0 271 271 303 303 333 333 68 380 316 261 261 144 144 164 164 143 276 276 249 266 266 136 136 393 354 354 305 305 209 209 209 209 169 38 38 38 151 151 151 141 141 285 285 83 142 142 0
0 0 0 0 303 303 303 303 303 68 380 261 261 144 144 20 20 143 143 301 276 266 266 266 136 136 393 393 354 305 305 396 396 396 396 169 38 38 38 151 399 399 191 51 83 83 83 224 142 387
192 192 0 0 342 342 172 172 172 116 380 261 310 310 20 20 20 20 20 301 301 327 327 266 266 393 393 393 354 305 103 103 169 169 169 169 336 336 38 399 399 399 191 51 51 51 51 224 142 387
192 192 0 0 342 342 172 22 22 116 380 380 310 310 186 2 2 190 190 190 301 327 327 84 266 393 315 315 315 103 103 365 227 227 169 169 336 18 18 399 399 399 191 160 325 51 51 224 387 387
174 174 174 174 342 342 172 22 22 116 116 380 380 56 186 186 2 2 190 190 301 115 327 84 220 220 162 162 315 365 365 365 227 227 227 235 336 41 18 18 156 156 191 160 325 400 400 224 387 387
174 28 28 28 298 298 298 298 376 376 116 116 116 56 56 186 186 198 198 198 301 115 84 84 220 220 162 162 356 356 356 356 227 227 227 235 235 41 41 41 156 156 191 160 325 325 400 400 0 0
174 28 19 19 19 19 19 298 376 376 376 119 56 56 56 186 16 198 198 334 121 115 84 220 220 329 329 329 329 329 31 31 235 235 235 235 66 66 157 88 88 156 160 160 325 325 325 325 0 0
0 0 0 0 0 0 0 298 298 298 390 119 119 119 16 16 16 312 312 334 121 115 220 220 300 300 300 372 372 93 31 31 364 364 44 44 66 66 157 88 88 88 88 88 88 25 0 0 0 0
0 0 0 0 0 71 71 9 9 390 390 128 128 128 150 150 150 312 312 334 121 115 121 300 300 251 372 372 372 93 93 93 364 364 44 44 346 346 157 157 157 185 25 25 25 25 291 0 0 0
0 0 0 0 0 71 71 248 9 390 390 128 302 150 150 150 270 45 45 334 121 121 121 251 251 251 297 37 37 37 37 304 364 364 364 359 359 346 346 257 257 185 185 185 291 291 291 0 0 0
0 0 21 21 21 71 71 248 9 9 113 302 302 244 244 150 270 45 45 331 331 121 11 297 297 297 297 37 35 35 37 304 304 135 135 359 359 241 241 257 257 257 217 217 348 0 0 0 0 0
90 90 27 21 21 21 21 248 113 113 113 302 244 244 244 244 270 270 270 331 331 34 11 383 383 383 258 149 35 35 242 304 304 135 135 76 241 241 241 257 257 257 217 217 348 0 319 319 0 211
90 27 27 0 0 0 0 248 113 113 125 125 125 125 244 244 343 343 270 270 270 34 11 383 383 383 258 149 242 242 242 76 76 76 76 76 241 15 15 15 15 339 339 48 348 293 319 319 0 211
90 27 27 0 0 189 254 254 254 113 167 54 54 54 343 343 343 134 78 78 87 34 11 383 295 295 258 149 149 53 53 53 306 306 306 288 288 288 15 91 91 91 339 48 348 293 317 319 0 211
0 27 27 0 163 189 189 55 254 254 167 167 207 54 343 134 134 134 78 78 87 34 69 69 295 295 258 149 149 178 178 53 290 306 306 288 176 176 15 15 203 91 339 48 293 293 317 317 0 211
0 0 0 0 163 163 189 55 63 63 167 167 207 54 343 134 134 134 134 87 87 34 69 69 295 165 258 124 124 178 178 290 290 311 176 176 176 176 176 15 203 91 339 48 48 48 48 317 17 17
0 0 0 52 52 163 163 55 63 63 63 207 207 3 5 5 5 101 101 101 101 101 265 265 65 165 258 124 124 178 105 290 311 311 322 322 322 187 361 361 203 203 137 137 373 373 373 344 17 17
0 0 0 52 52 32 32 55 55 63 63 3 3 3 236 236 5 5 101 101 239 239 265 65 65 165 111 111 111 179 105 105 311 82 322 322 187 187 361 361 361 203 137 137 373 373 344 344 17 17
0 0 0 0 0 32 32 55 0 63 378 378 40 3 236 236 223 223 223 239 239 239 265 65 65 165 165 111 111 179 287 105 105 82 122 187 187 187 187 289 289 320 320 373 373 0 344 344 0 0
0 0 0 0 0 0 0 0 0 318 378 378 40 40 40 236 236 223 223 239 239 269 269 166 166 166 165 80 80 179 287 287 287 82 122 122 122 180 39 39 289 320 320 0 0 0 0 0 0 0
0 369 369 369 0 341 0 255 255 318 318 385 58 58 58 236 236 382 123 123 269 269 6 6 6 166 165 80 80 179 287 287 287 82 122 122 73 180 180 39 289 286 371 0 0 0 0 0 0 0
222 369 222 0 0 341 255 255 145 194 318 385 12 12 58 382 382 382 123 123 269 269 6 6 6 75 75 75 75 353 353 353 252 252 73 73 73 180 180 39 286 286 371 0 0 0 0 0 0 0
222 369 222 0 0 341 341 145 145 194 194 385 385 12 12 382 382 382 205 398 398 398 6 6 129 75 1 1 75 353 352 352 104 252 252 252 73 388 388 240 286 371 371 371 0 0 0 0 0 0
222 222 222 60 60 14 14 145 194 194 194 195 195 12 12 260 260 205 205 398 398 398 355 129 129 75 1 1 352 352 352 352 104 104 296 296 73 388 388 240 363 363 363 371 0 0 0 0 0 0
0 0 0 60 60 14 14 14 194 194 146 146 195 195 247 260 260 205 398 398 263 263 355 129 152 152 350 350 350 233 352 352 104 104 296 296 73 73 321 240 363 363 363 371 199 199 199 199 199 0
110 0 0 60 60 0 0 14 133 133 133 146 148 148 247 218 218 171 171 263 263 355 355 152 152 152 152 350 350 233 4 4 104 104 349 349 321 321 321 240 170 170 24 395 10 10 130 130 130 0
110 0 0 0 0 0 0 14 133 146 146 146 148 148 247 218 218 171 171 171 74 392 392 392 173 173 231 231 233 233 4 4 349 349 349 349 284 284 264 170 170 170 24 395 10 10 0 0 130 0
110 0 375 375 0 0 0 0 0 0 246 246 148 148 247 247 161 161 204 204 74 308 308 392 173 173 231 231 397 4 4 112 112 349 184 284 284 264 264 46 46 46 24 395 395 175 0 0 0 0
110 110 375 375 0 0 7 7 7 7 246 246 193 193 247 161 161 13 204 204 74 308 308 117 117 117 397 231 397 4 4 112 112 377 184 184 184 264 188 188 46 46 24 395 395 175 0 259 0 0
110 110 126 126 126 92 351 351 347 7 246 246 246 193 210 340 340 13 13 204 74 0 0 117 117 117 397 397 397 26 26 377 377 377 377 377 184 367 188 188 100 100 100 100 395 175 175 259 226 226
0 0 0 0 126 92 351 351 347 347 131 168 246 193 210 210 340 13 13 204 0 0 0 237 237 0 29 397 323 26 26 0 0 0 0 61 184 367 188 188 230 230 386 386 395 326 326 259 259 226
0 0 0 183 183 92 92 347 347 347 131 168 168 168 210 210 340 13 13 13 0 0 213 237 237 0 29 29 323 323 26 0 394 394 0 61 61 367 188 274 230 230 386 386 386 326 326 259 259 226
0 0 0 183 391 0 92 347 62 62 131 131 168 313 313 313 340 267 267 159 0 0 213 213 213 0 29 29 323 323 332 332 394 394 0 0 61 367 188 274 274 274 274 85 85 33 33 0 0 0
0 0 183 183 391 0 345 345 250 62 62 98 98 313 313 118 340 267 159 159 0 0 213 213 213 0 0 0 0 332 332 67 67 0 0 0 0 49 49 49 0 202 202 85 85 33 279 279 0 0
0 0 232 232 391 0 345 345 250 102 102 98 98 379 379 118 340 267 267 159 0 0 0 0 0 0 0 0 0 332 67 67 381 381 0 0 0 0 49 49 0 202 202 366 366 33 279 279 0 0
0 0 232 232 391 0 0 250 250 102 102 0 379 379 70 118 118 389 389 159 0 0 0 0 0 0 0 0 0 0 43 43 381 381 0 0 0 0 0 0 0 202 202 202 366 33 0 0 0 0
0 245 245 206 206 206 0 0 0 0 0 0 70 70 70 181 181 389 389 0 0 0 0 0 0 0 0 0 0 0 43 43 36 381 36 0 0 0 0 0 106 106 106 106 366 0 0 0 0 0
0 245 245 206 206 206 0 0 0 370 370 370 70 70 70 181 181 181 0 0 0 0 0 0 0 0 0 0 0 0 0 43 36 36 36 36 0 0 0 0 0 106 106 106 0 0 0 0 0 0
