50 400 20
78635 1807
69141 1474
97295 1234
75563 1762
73432 1639
85596 1100
99411 1459
87544 1065
88470 1699
64052 1069
77149 1992
70427 1918
84382 1105
86900 1413
51686 1081
60600 1420
87380 1045
88214 1517
72170 1143
50113 1858
97424 1007
69980 1410
81949 1141
97978 1286
76537 1187
67496 1749
89195 1742
76503 1303
87179 1333
88279 1021
94145 1228
95583 1297
54761 1694
84346 1805
99835 1147
83756 1065
64096 1304
74383 1010
84115 1787
66953 1603
52634 1195
57962 1688
99509 1815
75254 1228
93435 1364
72285 1241
54175 1958
67838 1517
65613 1618
73269 1640
56430 1376
56007 1784
55794 1955
59881 1321
62301 1263
86648 1614
59644 1108
81157 1211
72777 1396
66403 1518
66865 1411
56685 1534
94910 1340
74824 1058
68435 1386
91851 1653
75467 1383
55786 1918
64048 1019
87614 1777
82964 1157
84088 1564
72315 1460
75800 1821
97240 1721
91329 1819
53203 1846
95770 1469
79233 1089
58073 1013
54324 1239
98518 1895
82145 1964
58826 1197
79994 1199
54714 1281
93176 1513
92859 1953
54452 1872
70048 1579
75054 1697
76695 1869
63062 1632
88063 1811
95074 1423
99236 1622
71088 1033
79675 1674
97856 1746
64317 1405
77838 1523
78221 1323
65553 1813
88285 1562
56838 1500
62447 1040
70539 1465
66444 1319
88022 1937
89912 1375
97472 1650
85462 1440
88465 1244
67819 1741
55369 1161
95417 1837
92617 1711
81147 1549
88867 1225
63266 1196
90750 1189
83850 1787
99431 1217
91005 1795
93793 1048
52460 1901
70312 1938
53053 1440
72217 1001
81530 1693
72089 1802
84978 1505
71692 1132
55496 1508
75319 1779
80222 1707
79552 1673
71339 1268
71284 1042
56941 1055
69854 1580
83475 1198
95903 1293
75866 1192
93261 1848
79530 1048
91871 1864
79411 1798
59519 1012
74996 1313
73188 1038
94705 1958
51377 1600
50292 1590
77337 1111
56117 1343
99635 1872
96426 1725
99355 1601
68950 1119
80966 1498
51136 1425
59898 1595
61227 1350
90997 1051
96322 1638
75484 1340
61309 1690
67849 1018
85730 1691
65292 1816
85382 1142
71705 1659
75277 1129
53551 1990
54982 1997
76200 1928
79905 1847
85844 1629
53146 1637
52273 1007
75792 1737
80490 1915
75684 1726
83730 1606
86725 1935
72080 1276
89090 1325
79875 1826
69380 1368
98004 1886
61933 1027
87663 1620
67561 1750
84240 1144
86366 1243
74528 1414
82309 1402
91242 1231
59989 1633
88454 1408
69725 1420
59014 1724
64903 1566
65064 1993
58420 1503
88896 1307
57760 1962
94220 1606
72265 1918
87909 1147
57555 1184
88084 1422
62468 1133
61767 1818
52145 1162
74038 1712
84683 1619
76999 1550
84296 1390
71179 1303
53757 1852
86951 1540
94994 1286
94645 1763
51529 1279
53955 1467
78583 1119
75101 1569
70831 1707
80458 1294
92269 1551
78301 1159
81865 1102
65346 1897
84769 1623
98086 1586
71304 1492
59365 1697
82573 1293
73527 1739
73889 1129
59792 1214
94633 1192
68962 1889
71843 1326
58440 1816
72099 1587
75005 1998
70975 1003
76218 1960
56578 1275
84552 1209
82245 1172
72863 1946
81730 1523
83490 1150
87654 1373
89278 1252
73006 1212
95404 1304
97325 1540
79525 1572
77343 1968
91875 1159
55080 1252
86165 1095
54966 1182
56273 1647
61409 1418
98226 1915
55752 1373
97826 1561
93698 1951
77201 1292
58088 1516
67588 1349
56073 1570
70004 1622
76772 1424
63833 1436
57063 1466
50501 1861
91823 1235
62545 1738
66990 1793
83633 1290
77601 1090
79523 1574
55164 1468
64546 1218
95887 1062
57599 1819
87189 1676
89799 1283
76625 1767
86565 1349
52796 1080
81064 1269
61357 1302
89448 1998
73808 1347
66470 1239
74113 1637
98541 1206
94432 1342
89212 1192
67903 1969
85041 1901
59999 1383
78495 1601
65630 1911
82062 1834
82620 1519
66227 1281
82464 1565
69211 1074
91141 1451
76747 1741
66809 1687
87563 1432
79834 1332
74894 1724
83370 1040
94295 1135
62143 1680
85149 1730
70591 1716
76169 1016
50249 1694
55421 1812
60552 1662
67615 1787
68894 1839
90227 1608
84108 1947
57952 1365
99540 1702
70673 1173
66932 1064
57276 1493
92836 1155
70342 1084
92998 1922
66905 1572
84394 1041
85718 1216
87961 1320
63996 1957
95144 1043
93803 1171
98552 1125
92390 1251
62804 1745
76447 1997
70558 1210
65545 1721
98907 1112
70911 1860
79887 1347
87937 1593
97089 1966
90516 1297
98665 1774
55465 1191
84457 1505
90517 1094
62409 1828
65460 1019
96692 1512
93039 1375
82857 1225
71554 1536
89284 1836
98075 1028
83601 1577
50760 1645
76386 1759
79545 1275
67874 1644
68107 1275
50938 1855
61340 1401
92806 1923
67780 1241
99401 1231
63599 1484
91690 1252
82695 1251
55912 1339
69227 1134
80199 1047
69738 1050
53984 1927
68114 1936
61590 1204
62442 1662
65256 1787
69680 1436
88885 1350
320 320 320 339 339 299 299 299 299 0 0 0 0 0 0 0 0 109 109 109 109 109 0 0 0 0 0 0 0 242 242 0 0 0 0 0 135 135 382 365 365 365 365 365 365 126 0 0 0 0
0 320 320 339 339 270 299 299 0 0 0 0 290 0 0 0 0 0 0 204 204 184 0 0 167 167 0 0 0 242 242 0 0 0 0 0 135 382 382 275 275 275 275 272 272 126 126 126 126 55
0 320 320 181 339 270 84 299 0 0 0 0 290 0 0 0 0 0 0 0 204 184 184 184 167 167 0 0 0 357 357 0 0 358 0 0 382 382 164 164 316 316 316 272 272 126 0 0 126 55
0 0 181 181 240 270 84 84 84 84 0 0 290 0 0 197 171 171 171 171 204 184 184 209 209 16 16 0 0 357 357 0 0 358 0 175 175 175 100 164 316 316 241 241 400 400 400 0 55 55
113 113 181 88 240 270 21 21 103 103 103 103 290 197 197 197 171 171 171 171 96 96 184 209 209 16 16 357 357 357 26 0 0 358 358 175 175 175 100 164 241 241 241 241 241 400 400 0 0 0
113 113 181 88 240 240 21 21 103 103 103 161 161 197 354 354 354 354 354 251 96 96 96 32 32 32 16 284 284 26 26 0 0 0 0 0 395 218 100 100 364 364 364 364 300 141 141 141 0 0
0 0 0 88 172 172 172 172 77 77 77 161 161 57 57 354 354 251 251 251 253 96 32 32 33 33 33 284 284 26 359 0 0 229 229 229 395 218 218 364 364 364 300 300 300 224 141 9 9 0
0 0 0 88 88 70 70 77 77 70 363 363 161 57 57 57 57 258 258 193 253 253 32 53 53 396 33 33 359 359 359 352 128 128 128 229 395 395 218 218 97 97 224 224 224 224 141 9 9 0
0 0 0 0 88 22 70 70 70 70 363 168 168 168 291 57 291 258 258 193 193 253 32 53 106 396 396 359 359 359 352 352 352 128 128 326 326 326 38 97 97 97 97 156 156 156 141 134 134 0
0 0 0 0 0 22 22 48 227 227 363 363 168 168 291 291 291 237 237 237 193 73 53 53 106 106 396 359 116 116 352 352 217 61 61 326 326 38 38 97 325 325 325 156 156 0 0 134 134 0
0 0 92 92 309 22 22 48 227 227 227 363 363 291 291 291 269 269 237 237 73 73 213 53 106 106 69 69 116 116 217 217 217 61 61 61 195 38 262 262 262 388 325 156 137 137 0 0 0 0
0 104 92 115 309 309 371 48 227 227 227 14 14 397 269 269 269 269 237 237 73 39 213 213 235 235 69 69 116 116 116 274 217 28 28 61 195 195 195 262 262 388 388 137 137 137 31 31 0 0
0 104 92 115 115 309 371 48 223 292 292 14 397 397 244 244 244 269 19 19 73 39 213 213 235 235 235 235 116 71 274 274 274 274 28 194 194 194 379 379 379 379 388 378 378 137 31 31 31 0
104 104 147 115 115 115 371 371 223 292 292 14 397 399 244 244 344 344 19 19 73 39 39 211 51 51 264 71 71 71 86 86 119 119 28 194 194 194 328 328 54 54 54 378 378 42 42 187 187 187
147 147 147 115 293 293 293 223 223 36 36 361 397 399 399 344 344 346 185 185 73 211 211 211 51 51 264 264 264 86 86 157 157 119 119 148 148 148 148 328 54 80 302 302 378 42 42 187 187 187
0 0 0 293 293 293 293 223 36 36 361 361 399 399 399 346 346 346 185 185 173 173 211 211 211 211 162 162 136 98 157 157 157 157 288 288 288 102 102 328 80 80 80 302 302 42 42 187 187 0
0 0 0 281 281 389 389 151 151 36 361 249 399 163 163 163 346 346 346 173 173 173 173 173 254 254 162 136 136 98 118 125 157 157 288 10 10 10 102 380 380 80 80 302 158 182 182 0 0 0
0 0 281 281 281 281 389 151 36 36 361 249 163 163 163 3 3 3 3 347 273 273 219 219 219 254 162 136 136 98 118 125 125 304 288 10 10 10 102 380 380 380 380 158 158 182 182 0 0 0
0 12 12 283 281 281 389 151 151 394 394 249 65 65 65 266 266 266 266 347 131 273 273 372 219 254 254 254 254 98 118 125 304 304 338 338 10 10 247 247 247 247 318 158 341 341 228 228 0 0
0 12 232 283 283 283 132 132 394 394 198 249 65 65 65 266 266 333 266 347 131 131 131 372 219 11 11 2 2 98 118 125 304 310 338 338 239 67 318 318 318 318 318 341 341 341 228 228 0 0
0 12 232 283 283 132 132 29 29 29 198 336 286 286 65 333 333 333 266 347 337 372 372 372 369 208 11 2 2 390 390 125 310 310 310 239 239 67 67 67 351 351 351 351 202 350 350 176 176 0
12 12 232 232 0 0 0 246 29 29 198 336 286 286 286 333 333 333 298 298 337 337 337 372 369 208 11 5 5 390 390 125 310 384 384 239 239 239 391 331 331 202 202 202 202 350 350 176 0 0
0 0 0 0 0 94 94 246 29 198 198 336 336 76 76 333 298 298 298 298 334 334 111 369 369 208 11 5 5 43 4 4 310 8 384 384 391 391 391 331 160 160 160 160 160 30 176 176 0 0
0 0 0 110 110 94 94 246 246 198 198 336 324 76 76 294 294 144 277 277 334 334 111 307 307 208 221 43 43 43 4 4 310 8 8 8 8 370 370 331 160 356 356 356 160 30 200 200 0 0
34 110 110 110 110 110 94 246 246 246 324 324 324 294 294 294 144 144 144 277 111 111 111 307 307 307 221 43 139 43 4 4 59 8 216 216 216 87 370 340 340 356 356 30 30 30 200 0 0 0
34 34 34 180 180 110 169 169 355 355 355 159 159 294 144 144 144 95 144 277 277 349 349 58 58 58 221 112 139 139 4 4 59 376 376 87 216 87 370 340 340 356 356 30 30 398 200 0 0 0
0 34 34 34 180 180 169 169 355 355 355 159 159 114 114 130 95 95 245 245 245 27 349 58 58 58 221 112 112 139 139 139 59 59 376 87 87 87 255 255 255 356 398 398 398 398 200 0 0 150
0 322 79 79 79 79 169 355 355 83 312 312 114 114 130 130 95 95 245 27 27 27 349 280 280 280 236 236 112 139 139 192 192 192 376 376 376 301 255 255 13 13 13 13 0 0 203 203 150 150
0 322 170 170 250 83 83 83 83 83 312 312 278 278 130 130 95 188 188 27 127 127 280 280 280 280 236 236 112 23 282 282 192 192 192 192 376 301 90 90 146 146 146 13 0 0 203 203 150 0
0 322 170 170 250 250 250 138 138 138 312 91 91 278 278 188 188 188 205 205 127 127 78 289 289 49 49 49 112 23 282 282 317 317 317 301 301 301 90 90 146 146 13 13 0 0 203 0 0 0
0 322 322 322 285 285 287 287 287 138 210 210 91 91 268 188 205 205 205 205 383 127 78 289 289 49 49 49 23 23 276 317 317 201 201 225 225 225 90 393 393 393 0 0 0 0 0 0 0 0
0 322 322 260 285 285 287 210 210 210 210 210 91 91 268 188 205 117 383 383 383 127 78 289 271 271 271 49 345 345 276 276 317 201 201 225 225 90 90 393 393 393 243 243 0 0 0 0 0 0
0 0 0 260 285 285 35 35 35 35 212 212 91 91 268 117 117 117 383 383 127 127 78 335 335 271 271 387 387 345 276 276 140 140 140 140 225 225 121 47 47 393 243 243 183 183 183 0 0 189
0 0 260 260 207 207 35 35 35 212 212 297 122 122 268 117 145 145 383 383 296 296 296 296 335 335 335 387 387 345 74 74 373 140 257 257 257 225 121 327 47 47 243 1 1 183 183 0 0 189
0 0 260 25 25 207 63 63 68 68 297 297 122 122 122 122 145 145 366 366 186 186 166 166 166 166 335 335 74 74 74 373 373 373 257 257 121 121 121 327 327 327 243 243 1 1 1 0 0 189
0 0 0 25 25 207 63 63 68 68 261 297 297 297 122 152 152 366 366 366 186 186 166 308 89 89 108 108 108 179 179 373 259 259 214 257 257 20 231 231 0 0 265 265 265 265 256 360 360 189
0 0 0 25 25 207 207 63 263 263 261 261 101 101 152 152 353 233 315 153 153 308 308 308 89 89 56 108 108 179 179 259 259 214 214 214 20 20 20 231 0 0 265 265 265 265 256 360 360 0
0 0 0 392 25 0 263 263 263 263 261 261 101 101 152 353 353 233 315 315 153 153 314 314 89 46 56 108 108 381 62 62 62 248 214 214 375 375 20 231 165 0 0 0 303 303 256 0 0 0
0 0 18 392 392 0 0 107 107 107 107 93 93 93 93 353 368 233 233 315 386 314 314 46 46 46 56 56 56 381 381 62 62 248 248 375 375 375 66 66 165 165 165 0 303 303 256 256 0 0
0 0 18 18 392 196 0 0 0 279 279 279 93 206 206 206 368 368 142 142 386 386 386 386 386 342 342 56 50 50 381 64 64 64 248 248 375 375 66 66 0 0 0 0 0 0 0 0 0 0
0 0 133 18 196 196 321 0 0 105 105 279 279 206 37 206 206 368 142 142 123 123 386 124 234 234 342 56 50 50 362 64 222 222 311 311 143 0 0 0 0 0 0 0 0 343 0 0 0 0
0 0 133 196 196 196 321 0 15 105 105 279 279 37 37 99 99 99 99 142 123 124 124 124 234 234 342 50 50 50 362 362 362 222 311 311 143 143 143 75 348 348 348 343 343 343 0 0 0 0
0 133 133 196 321 321 321 0 15 15 6 6 37 37 174 174 174 323 323 323 123 124 377 377 234 234 52 120 120 190 190 306 306 222 24 24 143 143 143 75 75 75 348 348 367 330 330 72 72 0
41 41 0 0 0 321 0 0 332 15 6 6 6 6 6 313 174 323 323 123 123 0 0 377 377 234 52 120 120 190 190 306 306 222 222 24 82 82 143 178 267 267 367 367 367 330 330 72 72 0
41 41 0 0 0 0 0 0 332 15 295 295 6 313 313 313 0 0 155 155 123 0 0 0 0 52 52 0 0 0 190 306 306 177 177 24 82 82 178 178 267 267 17 17 40 40 0 0 0 0
41 0 0 0 230 0 0 0 332 332 332 295 295 154 215 215 0 0 155 155 0 0 199 199 0 0 0 0 0 0 7 306 306 177 177 220 220 82 178 267 267 267 17 17 40 40 0 0 0 0
0 0 0 0 230 0 0 319 385 385 385 154 154 154 215 215 0 155 155 155 155 199 199 199 199 0 0 0 0 0 7 7 7 252 252 220 220 82 0 0 0 0 0 0 0 60 60 0 0 0
0 0 0 230 230 0 0 319 385 238 238 238 154 154 0 0 0 374 374 374 374 0 0 0 0 0 0 0 0 81 81 81 129 129 252 45 45 45 0 0 0 0 0 0 0 60 60 226 0 0
0 0 0 191 191 191 319 319 0 0 0 238 238 0 0 0 0 374 374 0 374 44 44 44 0 0 0 0 0 81 129 129 129 129 252 45 45 45 305 305 305 0 0 0 85 226 226 226 149 149
0 0 0 191 191 191 0 0 0 329 329 329 329 329 329 0 0 0 374 0 0 0 0 44 0 0 0 0 0 0 0 0 0 0 0 0 45 45 305 305 305 0 85 85 85 226 226 149 149 149
