50 400 20
71450 1114
97361 1992
84890 1922
61127 1328
77456 1428
95761 1463
58425 1803
61079 1297
54762 1624
87878 1850
58858 1562
53056 1207
90800 1502
59962 1451
54704 1932
92605 1488
82696 1148
63432 1219
88063 1961
80772 1579
83835 1263
97939 1079
62420 1188
66897 1705
86693 1568
74483 1083
71874 1680
51994 1763
56720 1022
66124 1450
82045 1883
66254 1864
93908 1142
84686 1071
58596 1690
82300 1766
50393 1256
84484 1756
69778 1875
78683 1560
93017 1077
53338 1050
77409 1946
55399 1689
61340 1402
63730 1337
53649 1865
68668 1330
92361 1126
52934 1827
57587 1206
62806 1174
91523 1584
66451 1114
65696 1372
83522 1789
74339 1818
88209 1166
68213 1638
81055 1694
54931 1231
59235 1427
53856 1612
67572 1420
55395 1492
63584 1202
80359 1388
76239 1819
67639 1061
89450 1216
62321 1824
60697 1760
60420 1145
67463 1475
98992 1819
90538 1718
96193 1982
95713 1785
61535 1614
78796 1930
83400 1636
74650 1407
92422 1899
71531 1289
90498 1207
98634 1017
67935 1598
51292 1560
56512 1834
93819 1569
52139 1355
65647 1640
91549 1727
81701 1191
80739 1823
56331 1804
98974 1258
69405 1707
72200 1612
80609 1670
64526 1011
80111 1109
90258 1483
55698 1699
98550 1278
70477 1539
74819 1409
58646 1549
58235 1662
74302 1701
69439 1329
67005 1768
55272 1756
56655 1182
89790 1750
70553 1731
62300 1128
71755 1763
82847 1847
78755 1942
96437 1313
77949 1288
75011 1946
98058 1481
68191 1440
53516 1205
85176 1015
92705 1695
79447 1212
81888 1853
96737 1696
95450 1648
55182 1302
70329 1175
71428 1916
74512 1688
92939 1727
89942 1802
89968 1597
93538 1408
99743 1657
71448 1463
71142 1689
60758 1406
59782 1765
93967 1476
92436 1182
96013 1112
52076 1647
88401 1049
77219 1035
84188 1686
72325 1332
91852 1537
72507 1533
86157 1668
93739 1717
63093 1478
55416 1220
81931 1308
88755 1456
50246 1558
56437 1664
81352 1170
71066 1734
57864 1463
94133 1541
98969 1378
77982 1520
58999 1631
80284 1327
75003 1776
89833 1415
98316 1176
87817 1379
99650 1397
72036 1822
94642 1764
77904 1387
55885 1318
95068 1638
62370 1014
69772 1646
97870 1848
94974 1938
65535 1810
74789 1830
93787 1182
72388 1577
87621 1739
82126 1743
92648 1887
98221 1828
65468 1508
70823 1776
99120 1112
53379 1407
81591 1959
77219 1028
60978 1559
63752 1696
61633 1870
69251 1568
71154 1311
80034 1957
74212 1286
57617 1455
55911 1675
95985 1498
74432 1002
56014 1670
56858 1616
72058 1034
67472 1253
91482 1876
66948 1854
79242 1369
93211 1843
81682 1945
83881 1625
58387 1660
50887 1082
95362 1359
56675 1704
62462 1673
66023 1490
63994 1099
78611 1331
90106 1965
76067 1626
61772 1571
78680 1695
79948 1239
84081 1927
92314 1045
65224 1410
54547 1854
63157 1569
76437 1544
81559 1207
85591 1227
85447 1338
87246 1805
71673 1647
55992 1165
52743 1190
96847 1202
65719 1543
97460 1780
81470 1339
70018 1371
86911 1602
75384 1793
91140 1613
88736 1920
68152 1057
93119 1014
58836 1601
77112 1651
96189 1062
64266 1389
96152 1895
58954 1228
84645 1398
84365 1294
85050 1871
93501 1558
76634 1036
94341 1999
83956 1328
78815 1370
87964 1424
92970 1178
63506 1907
97246 1970
68775 1494
61332 1265
89306 1380
89244 1986
84654 1588
83281 1372
94799 1661
59857 1074
66217 1158
50494 1963
88126 1562
64713 1632
82724 1175
64894 1271
82334 1892
63651 1881
99063 1773
93480 1513
69033 1985
75075 1040
82046 1441
75123 1402
83513 1729
90512 1507
99057 1714
62076 1869
61465 1017
63137 1821
79815 1605
67071 1636
85449 1946
72653 1196
85112 1267
56411 1773
88268 1822
56558 1373
82616 1492
84205 1041
78294 1140
93231 1054
76911 1654
66986 1848
59396 1576
75927 1220
81656 1240
87173 1901
98757 1954
97920 1498
87754 1168
60476 1299
77260 1162
73253 1681
97054 1997
67289 1763
89158 1838
66103 1200
68320 1704
93763 1195
98574 1323
88483 1179
78087 1733
68441 1317
72825 1527
61231 1421
80208 1759
76385 1158
82011 1246
88614 1103
58875 1471
92968 1581
81750 1615
95743 1489
65398 1279
91958 1172
95212 1866
94725 1872
57572 1501
90628 1656
83530 1462
83482 1078
78243 1396
74052 1333
98686 1109
68433 1263
97778 1985
79022 1080
85104 1631
95081 1839
62701 1445
82316 1890
63385 1848
89156 1497
75509 1057
86877 1333
94191 1670
75890 1917
70888 1985
77633 1988
72244 1965
72870 1006
76566 1342
60582 1785
52767 1279
71992 1109
81471 1475
61818 1628
79219 1337
56193 1483
88926 1590
97450 1226
76314 1007
87531 1616
88246 1155
92443 1266
83199 1553
98117 1025
63677 1484
76837 1149
99288 1552
68491 1967
70301 1950
51195 1474
69906 1901
88980 1091
61958 1144
0 0 0 378 109 306 306 306 306 0 114 114 389 0 0 0 0 0 0 0 0 0 0 0 135 135 0 0 0 0 0 0 359 359 359 0 0 0 0 0 0 211 211 0 0 0 0 0 0 0
0 378 378 378 109 109 109 0 0 0 114 114 389 0 239 239 0 0 0 0 0 0 145 145 135 135 0 0 0 0 0 0 359 359 0 0 0 0 0 373 373 211 211 0 0 0 0 0 0 0
0 0 0 0 8 8 109 75 75 75 75 389 389 0 239 239 0 42 42 0 0 0 0 145 145 0 0 0 0 0 0 0 390 390 164 21 21 21 21 373 213 213 213 370 370 370 0 0 0 0
311 311 0 0 8 8 19 75 75 78 78 0 0 0 52 52 52 42 42 0 0 0 0 0 210 0 0 0 257 257 257 390 390 390 164 164 21 21 48 373 213 213 213 370 0 0 0 0 0 0
311 0 0 0 0 8 19 19 75 78 78 26 0 0 52 52 52 42 0 0 0 0 210 210 210 0 0 0 257 257 257 390 390 0 0 164 48 48 48 373 41 41 321 370 0 0 0 0 0 0
311 311 0 0 0 8 8 19 272 272 272 26 76 76 76 201 52 42 0 0 0 192 192 332 332 106 0 0 0 0 0 0 0 0 0 180 384 56 56 56 56 41 321 372 372 372 0 0 0 0
311 311 152 163 0 160 160 272 272 329 26 26 76 76 76 201 201 201 201 0 0 192 192 332 332 106 106 0 0 0 0 0 0 0 0 180 384 191 191 172 56 41 321 372 372 0 0 0 0 0
152 152 152 163 163 160 160 122 122 329 329 144 144 144 144 144 201 201 0 0 46 115 115 115 115 13 106 0 0 293 293 126 126 126 126 180 384 384 191 172 172 172 321 372 372 0 0 0 0 0
0 152 152 163 163 324 324 122 122 329 105 105 144 282 369 369 369 369 218 218 46 46 115 72 72 13 13 290 0 293 293 253 253 253 312 180 36 191 191 95 95 32 377 377 267 0 0 0 0 0
0 395 395 395 324 324 324 357 357 329 105 105 282 282 35 35 35 35 218 218 46 46 72 72 72 13 13 290 0 293 293 77 77 253 312 36 36 36 191 95 95 32 377 377 267 0 0 0 0 0
0 0 0 395 324 324 324 357 23 23 185 185 282 217 217 277 277 277 277 277 277 46 72 314 314 314 314 290 0 293 293 77 77 77 312 141 36 36 191 209 95 32 32 377 267 267 0 0 0 0
0 0 0 243 243 243 341 357 23 23 185 217 217 217 217 217 217 170 170 277 277 46 72 168 314 314 314 290 0 68 200 200 312 312 312 141 141 215 215 209 209 209 209 119 119 119 228 0 0 0
0 0 0 243 243 341 341 357 0 198 185 185 268 268 262 262 262 170 170 170 170 233 168 168 314 207 207 207 207 68 68 200 200 317 317 317 141 215 215 215 209 209 209 119 119 119 228 228 228 0
0 0 43 43 43 43 341 357 0 198 198 198 268 268 262 262 262 262 261 170 170 233 168 233 124 124 207 207 207 388 68 102 102 317 317 317 215 215 4 4 4 4 0 0 119 331 331 0 0 0
0 0 136 136 136 43 341 357 0 231 231 231 268 350 260 260 260 261 261 261 276 233 233 233 124 225 225 225 388 388 102 102 102 317 317 381 131 131 250 250 79 0 0 0 0 0 331 0 0 0
0 0 136 136 43 43 341 0 0 231 231 231 350 350 260 260 270 270 261 261 276 276 356 6 124 225 225 225 388 388 102 252 51 51 51 381 131 131 250 250 79 234 234 234 234 0 331 0 0 0
0 0 0 0 0 0 341 0 158 158 158 158 158 350 342 342 270 270 96 34 34 276 356 6 6 6 310 310 310 310 102 252 288 288 51 381 193 193 104 204 79 79 234 67 67 0 0 0 0 0
0 0 0 0 0 0 0 0 0 362 362 350 350 350 342 342 188 96 96 96 34 276 356 118 118 237 237 310 310 334 252 252 288 288 51 381 193 193 104 204 66 79 178 67 67 328 328 328 37 37
0 0 0 0 0 0 343 343 362 362 83 83 83 286 286 286 188 96 96 96 34 356 356 118 118 118 237 334 334 334 288 288 288 244 364 104 104 104 104 204 66 178 178 67 67 161 328 328 37 37
0 0 0 0 387 343 343 343 65 83 83 83 83 286 286 286 188 188 139 139 34 34 356 356 118 399 237 94 175 175 354 354 244 244 364 104 235 235 204 204 66 178 178 353 353 161 161 161 224 137
0 143 143 71 387 387 343 343 65 65 65 101 101 394 394 392 81 139 139 139 34 34 146 146 399 399 94 94 175 175 354 284 244 284 364 364 235 235 204 66 66 151 151 353 69 69 224 224 224 137
0 143 143 71 387 387 271 28 28 28 28 101 101 394 394 392 81 81 287 287 179 179 146 146 399 94 94 175 175 354 354 284 284 284 10 10 10 169 204 398 151 151 151 353 69 69 224 224 224 137
143 143 71 71 182 271 271 87 87 242 242 251 251 251 394 392 81 81 287 287 179 179 179 298 298 27 123 175 175 354 354 284 222 222 222 222 10 169 398 398 151 129 151 57 57 258 258 249 249 137
0 0 0 182 182 271 271 271 87 238 242 242 242 251 394 392 81 3 3 3 7 7 7 298 298 27 123 123 245 245 354 92 212 212 212 212 10 169 398 129 129 129 148 57 57 258 258 249 137 137
0 0 0 182 366 385 157 157 87 238 127 127 299 120 120 392 81 3 3 7 7 7 7 298 298 27 316 123 245 245 92 92 291 291 291 212 10 169 169 279 279 279 148 148 148 258 249 249 137 137
0 0 0 330 366 385 157 157 238 238 127 127 299 120 120 80 80 18 18 340 340 7 47 47 47 27 316 123 123 245 92 92 291 291 291 263 10 266 285 285 279 55 55 55 166 166 249 142 348 348
0 330 330 330 366 385 385 385 385 385 127 299 299 120 120 120 80 18 18 340 340 202 202 47 47 307 316 316 386 386 70 147 147 263 263 263 266 266 285 285 279 55 55 166 166 355 249 142 348 348
0 33 33 33 366 320 320 320 320 365 127 156 156 156 156 86 80 280 280 280 202 202 313 313 313 307 386 386 386 70 70 116 147 147 283 283 266 266 285 285 279 62 62 355 355 355 249 142 203 335
0 0 33 33 366 97 320 320 320 365 365 336 336 336 156 86 86 338 280 280 280 230 230 230 313 307 307 70 70 70 70 116 147 147 283 283 266 266 236 285 285 62 62 397 397 9 9 142 203 335
0 0 33 33 162 97 97 315 315 315 365 226 336 336 336 86 86 338 338 345 280 85 85 230 230 230 49 159 159 159 159 116 147 147 283 236 236 236 236 90 90 397 397 397 397 9 9 203 203 335
0 0 162 162 162 315 315 315 347 347 347 226 44 297 336 86 86 338 338 345 345 345 85 117 49 49 49 159 159 177 159 116 327 327 327 327 327 206 206 206 90 371 397 397 103 103 103 203 5 335
0 0 184 162 304 304 304 308 181 181 347 226 44 297 297 297 174 174 167 167 11 85 85 117 117 255 91 91 303 177 159 113 113 113 113 246 246 98 98 206 90 371 375 375 103 103 103 5 5 335
0 184 184 304 304 308 308 308 181 181 181 226 44 44 297 174 174 167 167 11 11 400 73 61 117 255 255 91 303 177 138 138 138 138 240 246 246 246 98 206 371 371 375 375 103 254 254 5 5 335
0 184 0 196 196 296 296 107 107 107 107 273 248 248 391 391 391 391 391 11 11 400 73 61 61 61 255 91 303 177 177 177 138 240 240 246 269 269 98 206 281 281 289 289 103 254 254 84 84 335
0 0 0 196 196 296 60 60 60 54 54 273 248 248 248 391 40 40 64 64 64 400 73 73 73 73 111 303 303 177 1 138 138 240 24 24 269 269 374 374 281 281 289 289 254 254 84 84 84 108
0 2 2 63 63 296 60 216 54 54 273 273 121 121 383 40 40 40 64 64 64 400 400 259 259 111 111 20 221 221 1 1 176 176 24 368 269 269 374 374 281 281 289 89 197 197 108 108 108 108
0 2 2 63 63 296 296 216 216 216 216 216 121 121 383 40 40 380 264 396 396 396 259 259 134 111 111 20 221 221 1 1 176 176 24 368 265 265 265 294 294 89 89 89 89 197 197 108 108 194
0 2 2 63 0 195 195 216 216 110 110 110 121 121 383 380 380 380 264 264 396 396 305 134 134 111 111 20 20 221 221 132 132 74 368 368 39 265 265 294 326 326 89 89 89 339 29 29 29 194
0 0 0 0 0 195 195 346 346 110 110 110 121 121 383 380 325 205 264 264 264 382 305 134 134 111 183 183 183 221 221 132 132 74 74 74 39 278 278 294 326 326 339 339 339 339 29 38 38 194
0 0 0 0 0 0 346 346 346 346 186 186 344 383 383 325 325 205 205 382 382 382 305 305 305 305 183 183 183 393 31 31 31 155 155 39 39 278 278 337 337 326 93 93 339 339 38 38 194 194
0 15 15 15 220 173 173 229 229 229 186 186 344 344 344 325 247 247 205 382 382 382 227 227 59 219 219 393 393 393 31 358 155 155 155 39 39 278 278 337 326 326 93 93 93 214 214 88 88 88
22 22 22 15 220 173 173 17 360 229 229 344 344 344 58 58 247 247 140 140 100 100 227 227 59 219 219 393 393 133 133 358 358 358 367 367 39 319 319 337 232 130 130 130 214 214 214 214 214 88
22 22 220 220 220 275 275 17 360 360 360 302 50 58 58 58 189 140 140 140 12 100 227 376 59 45 45 351 351 351 133 133 223 223 367 367 39 319 319 337 232 130 130 130 130 25 25 25 25 300
0 0 0 0 0 275 275 17 17 17 302 302 50 50 50 189 189 190 190 12 12 100 227 376 59 323 45 45 45 351 379 379 223 223 367 367 367 319 125 232 232 232 232 0 0 0 16 16 300 300
0 0 0 0 309 208 208 208 150 150 302 302 256 256 256 189 190 190 82 82 12 12 376 376 323 323 45 45 199 379 379 379 223 223 352 333 125 125 125 171 171 232 232 0 0 0 0 16 300 300
0 0 0 0 309 208 53 53 150 30 302 302 30 30 256 0 0 0 292 82 82 99 99 99 323 323 241 241 199 199 322 322 295 352 352 333 333 333 125 125 171 0 0 0 0 0 363 16 16 16
0 0 309 0 309 208 53 53 150 30 30 30 30 30 256 0 0 0 292 292 0 99 0 0 318 318 241 241 14 199 322 322 295 352 352 0 0 0 125 125 171 0 0 0 0 363 363 0 0 0
0 0 309 309 309 153 153 150 150 149 149 154 154 154 154 0 0 0 292 292 0 0 0 0 318 318 241 241 14 199 0 295 295 0 0 0 0 0 301 0 0 0 274 274 274 363 112 112 112 0
0 0 187 187 187 153 153 165 165 149 128 128 154 154 0 0 0 0 0 0 0 0 0 0 0 349 349 241 14 14 0 295 0 0 0 0 0 301 301 0 0 274 274 274 274 0 0 0 112 112
0 0 187 187 187 187 165 165 165 149 128 128 361 361 361 361 0 0 0 0 0 0 0 0 0 349 349 349 349 0 0 0 0 0 0 0 0 301 301 0 0 0 0 0 0 0 0 0 0 0
