50 400 20
56435 1011
75122 1406
68487 1317
60463 1854
56182 1500
62811 1135
85171 1996
85340 1599
86278 1421
52826 1659
73567 1661
94932 1546
51217 1389
60329 1316
91104 1099
78559 1513
86834 1304
82379 1510
53786 1779
95519 1765
73794 1094
83027 1973
69421 1209
99305 1380
55450 1452
96983 1786
79322 1070
58989 1908
93415 1833
87682 1185
64003 1961
70465 1504
98294 1029
91234 1871
75026 1307
81909 1604
98538 1151
90408 1108
98478 1166
50727 1514
94171 1844
77487 1317
79838 1797
69194 1658
79339 1383
58221 1262
81981 1686
94613 1748
82703 1756
79047 1204
72832 1676
92431 1946
80489 1520
69639 1159
84786 1990
75409 1558
88643 1921
92697 1570
85576 1236
78648 1387
66798 1944
76801 1021
69597 1933
66975 1537
58409 1154
90751 1456
88780 1671
82495 1028
56497 1393
75090 1241
52323 1445
54404 1172
87470 1531
92815 1913
62150 1030
70679 1373
59096 1514
69292 1582
82266 1293
80792 1401
79636 1685
96212 1907
87888 1081
92323 1205
96199 1623
99167 1226
81013 1909
88012 1938
67829 1249
55734 1154
57150 1231
51583 1514
57471 1566
74304 1633
85706 1040
77005 1693
97487 1931
70787 1375
86054 1050
92546 1948
81599 1781
81144 1592
66426 1516
67975 1221
53229 1028
84747 1881
53918 1446
78423 1014
80455 1629
63522 1556
57598 1554
67754 1725
88198 1345
68549 1394
86241 1503
57245 1231
60591 1029
80295 1271
83428 1870
81447 1587
87979 1452
86171 1039
69821 1157
99178 1135
88552 1900
53337 1863
89110 1893
77035 1988
75757 1814
63154 1311
67208 1083
67490 1808
58462 1014
60210 1401
76220 1639
58851 1020
93802 1351
94654 1538
56983 1387
60168 1105
58968 1938
64032 1501
79344 1119
80112 1366
77822 1343
64567 1662
74352 1472
57128 1766
90233 1497
96189 1184
53792 1507
55884 1961
57431 1159
58895 1424
54979 1210
71742 1185
65796 1982
58443 1680
85617 1233
67795 1261
97178 1904
66004 1327
90332 1738
71458 1166
92923 1432
61231 1335
63528 1439
66488 1671
53964 1604
73340 1516
51389 1957
81844 1688
52433 1069
55708 1451
97697 1839
59279 1638
84401 1037
76005 1397
76999 1465
59433 1791
55056 1540
55109 1881
92192 1510
54323 1128
87934 1048
53189 1811
79728 1101
68767 1224
84666 1601
61086 1924
73445 1730
59854 1206
83657 1099
52275 1798
67449 1281
87016 1558
81603 1492
61733 1233
68726 1426
54821 1960
66914 1977
72313 1762
90619 1195
78491 1231
73232 1537
85592 1928
89867 1336
65316 1527
85459 1042
91559 1929
89003 1693
67881 1383
55737 1030
93671 1559
98366 1207
73838 1706
82072 1804
59637 1084
82053 1883
69983 1360
62890 1018
54477 1794
85920 1426
81572 1492
77238 1840
76196 1956
78804 1794
55222 1557
74073 1847
82439 1527
79056 1349
76045 1591
79947 1816
63761 1521
68167 1651
85281 1533
54526 1671
89834 1666
68459 1386
66570 1667
55710 1685
94481 1131
74718 1557
61261 1218
88674 1453
99611 1781
77650 1811
72197 1191
95864 1646
77087 1013
85503 1347
67844 1810
89657 1154
70225 1893
79730 1392
85199 1919
67714 1566
57581 1654
96160 1766
59693 1683
75518 1353
50132 1840
59332 1177
61674 1692
92834 1052
72669 1806
54262 1587
86709 1662
92598 1130
52586 1178
92553 1686
87299 1313
97243 1197
57223 1554
56773 1030
53897 1181
93422 1733
70378 1406
60825 1595
74914 1681
73606 1696
61372 1243
72716 1260
71305 1793
82271 1499
57141 1840
66149 1634
96829 1115
82673 1831
78338 1496
63012 1275
82706 1720
70177 1083
79126 1370
76660 1513
63001 1390
78086 1130
83823 1216
88749 1599
56301 1437
92839 1908
79057 1730
89076 1737
95307 1747
90448 1267
83413 1836
64176 1051
54102 1991
60556 1719
79946 1532
85210 1750
82963 1145
78722 1130
74365 1403
82807 1832
71499 1922
91020 1280
98560 1347
76294 1389
74222 1187
56002 1895
95841 1863
94616 1221
76393 1107
76915 1072
87864 1360
94639 1647
50546 1513
73697 1808
59183 1214
72320 1493
95307 1090
90987 1674
61250 1072
65859 1260
84328 1776
97877 1519
53193 1489
69161 1483
98930 1137
78353 1473
75095 1342
84790 1673
96140 1763
78080 1083
99900 1988
58035 1970
72139 1785
99236 1661
67978 1052
67919 1540
79782 1131
57843 1140
71984 1154
60337 1179
52674 1967
78772 1175
55486 1951
92319 1192
63974 1244
54848 1370
76852 1977
50863 1920
91503 1575
73775 1984
67551 1467
65692 1895
81866 1909
62990 1698
56485 1192
85825 1511
56522 1136
72743 1131
73642 1311
61222 1300
53358 1027
60959 1015
62691 1670
90177 1415
50878 1278
53853 1330
56644 1700
67295 1139
97399 1711
96008 1138
97714 1895
97342 1795
68665 1832
89095 2000
75996 1474
87794 1021
83601 1251
71730 1537
89468 1221
52101 1175
56672 1096
62046 1153
59053 1476
82643 1744
77854 1702
0 0 0 0 0 0 0 243 243 0 0 0 0 256 256 256 256 0 0 142 142 0 0 0 51 51 15 15 0 153 153 153 153 153 210 210 210 188 0 0 254 45 45 133 133 133 133 133 225 225
0 0 0 0 221 221 221 243 243 0 0 0 0 0 0 0 256 0 0 0 142 0 0 0 51 51 15 15 0 0 0 293 153 153 210 188 188 188 0 0 254 45 45 133 46 46 46 225 225 0
0 0 0 0 0 221 221 243 0 0 0 21 21 0 54 54 54 0 0 0 142 142 29 29 29 324 324 324 118 0 313 293 293 329 329 329 188 188 254 254 254 65 65 65 65 46 309 309 0 0
0 0 0 385 385 123 0 0 0 274 274 21 21 0 0 54 54 0 0 0 0 0 29 29 29 324 118 118 118 313 313 55 293 220 220 329 188 188 254 254 332 332 332 332 332 46 309 309 0 0
0 58 385 385 58 123 123 123 274 274 274 17 17 0 0 54 54 0 0 0 383 0 0 0 0 324 282 282 282 313 55 55 338 338 220 220 365 365 365 204 204 215 215 37 37 0 0 0 0 249
0 58 58 58 58 123 123 123 274 274 274 17 17 363 363 363 363 363 383 383 383 3 0 0 0 0 0 282 282 55 55 338 338 222 9 9 365 365 204 204 116 116 215 215 37 267 267 267 267 249
0 0 0 0 0 223 223 223 285 285 79 79 17 287 287 159 159 159 383 383 383 3 0 0 239 239 0 282 40 40 186 222 222 222 9 9 76 76 76 76 116 68 68 132 37 37 331 267 331 249
0 0 0 0 0 223 223 0 22 285 79 251 251 287 287 159 159 159 144 139 139 3 3 0 239 239 340 340 40 40 186 222 1 1 193 193 343 76 328 328 116 116 68 132 132 132 331 331 331 249
0 0 257 0 0 0 0 0 22 285 79 79 251 251 39 39 144 144 144 139 139 139 139 0 353 353 340 266 266 40 186 1 1 1 193 193 343 343 328 328 155 155 68 132 132 395 395 331 331 249
0 0 257 257 247 250 250 250 22 303 251 251 251 39 39 59 59 59 59 139 139 60 0 0 353 353 340 236 266 266 186 186 299 299 138 138 138 343 343 328 155 155 164 172 172 395 395 361 248 248
63 70 257 257 247 250 250 136 22 303 303 303 251 269 39 265 265 265 59 60 60 60 0 84 353 353 236 236 284 284 186 186 299 101 101 138 138 138 343 343 164 164 164 172 172 395 361 361 248 248
63 70 70 70 247 136 136 136 90 90 19 19 269 269 39 64 64 265 120 120 120 84 84 84 353 236 236 326 326 284 186 299 299 101 101 53 53 53 167 167 164 235 235 165 165 165 361 361 0 0
63 63 63 70 247 247 105 105 90 90 90 19 269 269 269 64 64 265 120 272 272 375 375 375 375 375 236 326 224 284 299 299 110 110 101 53 53 53 167 167 164 235 235 165 165 165 0 0 0 0
231 231 70 70 247 247 105 105 90 90 90 19 378 49 49 49 86 86 304 272 272 92 92 92 92 390 390 326 224 376 299 110 110 298 298 298 298 351 4 4 156 156 156 0 0 0 0 0 0 0
231 231 0 129 129 129 105 187 187 187 47 378 378 49 49 49 86 86 304 369 369 91 91 390 390 390 390 224 224 376 376 376 69 69 104 104 104 351 351 4 156 156 156 0 106 106 0 0 0 400
0 0 0 129 129 129 297 187 47 47 47 378 130 49 49 95 304 304 304 369 369 91 91 91 67 289 289 348 348 376 376 398 69 69 104 104 104 280 351 4 156 156 30 30 106 106 106 400 400 400
0 0 0 129 297 297 297 336 336 130 130 130 130 7 95 95 95 302 302 302 302 91 91 91 67 67 289 348 348 398 398 398 80 80 80 312 280 280 389 388 388 388 388 30 382 382 382 400 400 141
0 0 259 259 259 259 108 336 336 16 130 7 7 7 95 95 95 36 355 352 352 198 198 198 198 67 289 268 318 318 184 305 305 305 80 312 280 258 389 389 388 388 360 30 382 382 400 400 141 141
0 0 0 259 259 108 108 336 336 16 16 7 7 276 36 36 36 36 355 352 352 198 206 198 226 226 268 268 318 318 184 305 305 305 312 312 258 258 389 389 176 176 360 360 178 178 212 212 212 141
341 152 152 259 259 108 108 24 24 16 16 7 7 276 36 36 97 355 355 325 325 190 206 206 226 226 268 268 184 184 184 184 312 312 312 312 258 258 389 230 230 176 176 360 178 178 212 35 141 141
341 152 192 192 192 108 108 24 24 174 174 276 276 276 97 97 97 325 325 325 325 190 190 206 206 345 201 201 201 201 201 11 11 11 73 73 73 73 389 230 230 176 176 127 127 35 35 35 0 0
341 152 192 66 216 216 320 320 145 145 174 135 135 135 135 97 97 386 386 238 325 190 190 345 345 345 157 157 157 201 201 11 11 11 48 48 393 393 393 393 393 347 347 127 127 35 253 253 0 0
341 310 66 66 216 320 320 145 145 145 174 128 128 128 57 57 386 386 386 238 238 190 182 182 182 182 163 163 157 157 244 11 11 244 48 48 48 368 393 393 18 13 347 347 35 35 253 253 0 0
310 310 66 66 216 217 217 217 217 168 168 168 168 128 57 57 57 28 238 238 238 238 238 240 240 240 163 121 147 147 244 244 244 244 48 213 213 368 368 393 18 13 381 381 381 74 75 75 75 0
310 310 66 66 252 217 217 217 217 319 319 319 168 43 117 117 117 28 28 28 28 5 5 240 240 240 163 121 147 147 202 244 244 26 26 213 213 368 368 18 18 13 381 381 381 74 75 52 52 52
310 310 252 252 252 334 143 143 185 185 319 43 43 43 117 117 359 359 359 327 327 5 5 275 275 240 121 121 179 202 202 202 26 26 333 119 119 111 368 18 18 13 234 126 126 74 75 75 0 52
0 0 0 252 252 334 143 143 185 185 319 125 125 125 131 131 359 149 149 327 327 327 5 275 275 317 317 121 179 202 333 333 333 333 333 119 119 111 2 2 234 234 234 126 126 74 75 0 0 158
0 114 114 114 334 334 399 399 185 185 185 214 214 125 131 131 387 149 149 137 137 137 137 275 317 317 219 219 179 179 148 277 277 277 277 98 98 111 111 2 2 229 229 0 0 0 0 0 0 158
0 114 0 391 391 228 228 399 399 399 185 214 214 371 371 387 387 115 161 62 62 62 154 154 154 154 219 219 94 94 148 150 20 20 277 277 98 245 245 350 229 229 229 0 342 181 181 0 0 158
0 0 0 391 391 228 228 399 399 399 214 214 371 371 387 387 115 115 161 62 166 166 154 154 154 219 219 94 94 148 148 150 150 20 20 277 98 245 245 350 350 229 229 0 342 181 181 0 0 158
0 0 294 294 294 294 228 72 72 72 72 72 233 233 233 233 115 161 161 62 166 166 88 281 281 281 281 208 208 150 150 150 150 32 315 315 33 33 14 14 350 171 171 344 342 181 181 0 0 158
0 0 0 78 78 294 194 194 194 72 72 195 270 270 270 233 115 161 161 62 88 88 88 88 88 175 173 173 208 362 362 362 162 32 32 315 315 33 14 14 124 171 171 344 342 0 0 0 158 158
0 0 0 78 107 107 194 194 194 290 290 195 195 270 270 233 115 115 50 50 88 88 296 296 175 175 173 358 208 362 362 362 162 162 32 291 291 33 218 218 124 171 171 344 344 0 0 0 0 0
0 0 0 78 107 107 194 205 205 290 290 100 195 270 335 335 392 392 50 50 199 199 296 296 175 175 173 358 208 362 362 316 162 162 32 291 291 33 218 218 124 171 344 344 337 0 0 0 0 0
0 0 0 78 107 71 71 205 205 100 290 100 195 270 237 335 392 392 392 199 199 273 273 273 134 358 358 358 246 246 316 316 374 162 262 262 262 112 112 112 124 124 344 344 337 337 337 0 0 0
0 0 0 78 107 71 71 205 205 100 100 100 237 237 237 335 335 392 392 199 279 279 279 273 134 134 134 260 246 246 316 316 374 380 380 197 262 262 112 112 96 96 96 27 27 27 183 183 183 183
0 354 339 339 107 323 323 205 205 278 278 278 373 237 237 286 177 177 263 364 279 279 279 273 273 260 260 260 85 246 246 246 374 380 380 197 197 262 262 262 96 271 27 27 366 366 169 169 183 183
0 354 354 339 339 339 323 170 170 278 373 373 373 237 237 286 177 177 263 364 364 279 279 377 77 260 260 211 85 85 85 85 374 380 380 197 197 103 103 41 96 271 271 27 366 366 169 169 183 183
0 31 354 339 339 323 323 170 170 278 278 373 286 286 286 286 160 83 263 364 364 87 87 377 77 77 260 211 8 8 8 321 321 308 308 197 103 103 41 41 96 0 271 271 271 366 0 0 0 0
31 31 31 31 339 323 323 323 200 278 278 23 23 286 286 160 160 83 263 364 364 227 87 377 377 77 211 211 99 8 8 321 321 308 308 189 189 189 41 42 96 0 0 0 0 0 0 0 0 0
306 306 241 241 241 379 384 384 200 200 200 23 23 160 160 160 83 83 209 209 227 227 87 191 191 311 311 99 99 99 203 203 203 203 34 264 189 189 41 42 261 261 0 0 0 0 0 0 0 0
306 306 397 397 241 379 384 200 200 38 38 38 300 300 300 300 346 209 209 227 227 196 196 191 191 311 311 99 99 99 203 203 34 34 34 264 189 189 189 42 261 261 0 314 314 44 44 0 0 82
0 397 397 397 379 379 384 200 200 38 0 0 295 295 322 322 346 346 346 367 367 196 196 191 191 0 207 207 207 207 349 349 349 349 264 264 61 61 42 42 370 370 370 314 314 44 44 122 122 82
0 0 0 0 0 0 384 356 356 0 0 0 295 295 295 322 322 322 346 367 367 367 0 0 0 0 207 207 207 207 12 81 81 81 264 264 264 61 372 372 372 370 370 56 56 140 140 122 82 82
0 0 301 301 0 0 356 356 0 0 0 0 0 0 0 0 322 292 292 367 367 0 0 0 0 113 113 93 0 0 12 81 0 0 0 0 0 61 372 372 372 394 370 56 56 140 140 122 82 82
0 0 301 301 0 283 283 283 0 0 0 0 0 0 0 0 10 10 292 292 0 0 0 0 0 113 113 93 0 0 12 12 0 0 0 0 0 255 255 394 394 394 232 0 0 122 122 122 82 82
242 242 330 330 330 330 283 0 0 0 0 0 0 0 0 0 10 10 0 0 0 25 0 0 0 0 93 93 0 0 151 151 0 0 0 0 0 255 255 6 394 394 232 0 0 0 0 0 0 146
242 242 330 0 330 0 283 283 307 0 0 0 0 0 0 0 180 180 109 109 25 25 0 0 0 0 396 396 0 151 151 288 0 0 0 0 0 6 6 6 0 232 232 0 0 0 0 0 146 146
242 0 0 0 0 0 307 307 307 89 89 0 0 0 0 0 180 180 180 109 25 25 102 102 0 0 396 396 0 0 288 288 288 288 0 0 0 0 0 0 0 0 0 0 0 0 357 357 146 146
0 0 0 0 0 0 0 0 0 89 89 0 0 0 0 0 0 109 109 109 25 25 102 102 0 0 0 0 0 0 0 288 288 0 0 0 0 0 0 0 0 0 0 0 0 0 357 357 146 146
