50 400 20
69714 1881
60517 1757
84667 1408
57032 1215
51033 1414
88547 1908
63065 1726
65635 1506
77521 1863
65578 1509
59482 1756
65111 1448
97933 1367
96604 1095
66718 1740
75115 1224
84115 1356
92938 1862
65944 1390
87861 1506
61009 1094
53289 1232
74614 1341
82264 1700
96457 1370
84689 1936
93371 1887
87548 1660
86053 1633
55347 1855
56494 1845
51084 1110
59466 1316
60882 1645
57938 1038
57841 1510
69787 1693
62901 1911
69612 1365
72234 1580
79732 1174
50540 1186
87511 1545
71263 1721
51681 1155
55121 1104
58558 1370
85564 1276
85928 1775
78040 1595
52237 1843
74444 1481
86709 1684
86679 1509
72236 1256
60474 1698
91388 1464
91613 1967
67685 1016
61995 1812
57245 1224
60544 1461
76722 1218
91278 1418
64259 1095
69258 1353
94212 1679
88322 1621
51593 1685
55577 1026
67669 1733
54103 1543
80990 1795
96987 1519
51400 1398
64143 1028
81838 1479
53511 1758
88009 1839
95022 1394
88489 1069
53988 1566
99656 1687
93671 1337
90538 1543
69470 1176
96855 1083
63685 1352
55298 1480
57186 1916
62742 1284
69232 1001
92256 1689
53332 1809
90005 1593
57951 1850
78798 1692
90762 1193
90354 1120
59809 1718
50716 1714
85991 1979
76509 1408
53425 1559
92185 1708
66901 1918
60401 1455
82706 1930
51694 1083
64482 1875
75476 1843
63740 1012
83335 1425
63563 1720
95301 1322
99733 1396
53824 1882
88875 1323
88690 1914
68557 1466
61783 1573
65106 1329
63802 1475
81446 1571
97584 1528
60315 1038
51952 1025
52696 1313
68755 1960
79605 1399
61587 1172
96949 1823
57883 1417
57837 1147
59927 1945
55663 1075
90067 1774
76675 1278
96082 1166
69219 1477
50286 1066
75901 1729
64045 1415
69465 1677
76763 1791
68687 1076
54307 1821
75021 1204
63608 1340
98119 1897
93924 1097
71366 1191
56838 1701
87604 1249
73619 1301
95104 1543
62671 1403
88922 1952
80694 1262
91129 1737
64590 1117
80380 1892
56974 1039
53248 1772
79394 1271
71906 1403
56840 1312
62320 1974
66592 1608
98853 1891
67134 1322
87811 1269
66217 1861
75927 1257
55265 1852
74555 1492
87848 1754
72491 1459
96825 1773
68708 1794
83550 1521
96658 1468
91223 1383
72529 1937
72896 1983
65778 1989
99979 1965
79188 1943
88055 1198
91838 1756
91923 1107
74489 1366
78447 1410
61629 1277
89157 1624
87080 1296
58156 1079
93629 1585
95173 1024
92879 1680
50485 1201
59533 1552
87235 1100
79677 1603
89824 1531
66547 1141
68479 1106
95827 1982
81028 1087
77569 1077
99001 1427
69039 1654
92676 1401
74564 1696
64362 1467
92517 1319
51215 1037
50394 1410
84171 1332
76971 1869
54652 1245
64555 1261
52372 1828
74546 1112
66703 1746
66952 1177
52442 1024
96724 1562
53330 1070
55434 1870
76045 1906
66808 1634
96886 1907
86252 1440
70582 1997
57362 1451
59373 1871
80029 1713
54008 1016
52918 1619
89709 1311
87325 1303
99898 1857
96943 1461
78688 1797
57096 1666
72116 1528
84959 1746
55240 1655
53027 1414
91924 1872
54754 1118
68678 1161
89564 1854
93235 1647
62645 1794
78208 1567
88713 1705
86568 1621
98697 1750
51409 1419
54639 1167
92922 1409
54322 1381
83329 1774
79892 1843
88067 1077
97217 1924
50835 1808
71150 1509
77092 1732
62184 1982
91162 1942
97741 1892
77499 1906
64570 1801
69216 1825
81465 1324
51735 1318
96991 1703
65668 1072
72133 1349
64347 1160
54537 1728
76572 1709
56444 1447
76781 1372
64141 1141
58604 1262
66005 1965
52292 1816
81045 1522
78681 1204
67340 1308
84979 1212
65156 1786
77777 1767
97670 1628
56656 1604
71879 1640
98864 1247
76052 1038
59608 1212
93554 1301
73689 1420
92323 1234
58878 1801
61378 1605
57688 1221
61766 1717
69369 1124
91753 1840
67506 1071
68303 1565
96495 1343
99136 1543
70460 1720
79729 1899
75738 1059
53017 1868
90036 1396
56531 1324
80592 1440
73867 1455
55803 1799
53268 1198
77144 1952
52535 1686
67368 1539
76027 1095
67377 1349
56440 1410
55364 1819
75407 1436
62825 1315
76527 1813
91595 1526
73903 1457
64055 1712
94510 1276
98473 1539
75577 1158
95356 1066
59492 1663
88987 1508
51899 1210
71834 1204
61975 1096
52953 1636
60093 1187
68218 1430
59030 1448
55566 1776
82581 1230
73782 1172
72450 1734
74280 1758
81157 1795
87724 1864
61186 1104
98865 1043
76980 1813
61069 1118
82781 1423
88099 1152
99265 1767
63977 1624
92219 1353
84903 1540
96328 1423
62704 1447
63035 1864
60242 1634
90172 1579
56147 1184
96611 1035
63546 1936
57557 1144
53888 1635
77052 1438
66699 1502
91213 1850
77401 1532
79048 1738
62381 1162
64611 1376
74857 1967
88270 1616
89127 1793
59582 1520
60287 1003
75171 1526
68966 1760
69957 1965
62490 1585
68397 1784
71158 1349
78054 1407
50048 1606
50350 1863
0 0 0 0 0 0 0 0 0 0 0 0 149 149 149 400 400 76 76 76 76 0 0 0 0 0 0 0 0 0 0 0 0 0 0 0 219 295 295 295 0 0 190 190 190 0 0 0 0 0
0 0 123 123 0 0 0 328 0 0 0 149 149 322 400 400 400 76 130 119 76 0 0 0 0 0 8 8 8 8 0 0 0 0 0 0 219 295 295 295 0 26 26 190 190 0 0 0 0 0
0 0 123 123 32 32 328 328 0 0 0 322 322 322 47 400 400 76 130 119 119 119 0 0 0 0 8 8 8 0 0 101 101 0 0 0 219 0 0 0 0 26 26 360 133 0 0 0 0 0
0 0 0 0 32 3 328 296 0 0 0 322 322 322 47 47 145 145 130 130 130 119 399 0 0 0 180 180 180 0 0 101 0 0 0 0 219 219 219 219 0 360 360 360 133 133 133 90 90 90
0 0 0 0 32 3 31 296 0 0 377 72 72 47 47 47 145 145 145 130 48 48 399 399 399 399 180 180 225 225 0 101 0 0 231 231 231 336 336 336 0 360 360 360 360 388 388 90 90 90
0 0 0 0 0 3 31 296 296 0 377 72 72 72 47 47 145 145 344 344 48 48 399 399 0 180 180 180 225 225 213 213 0 264 264 231 231 336 336 336 0 18 332 332 332 388 388 175 175 97
0 0 0 0 3 3 31 31 31 193 377 377 323 323 323 298 298 145 344 307 307 307 256 256 0 0 0 0 0 0 213 213 0 264 264 264 199 336 336 0 0 18 332 289 289 289 388 175 175 97
0 0 140 140 140 12 204 204 139 193 193 323 323 114 114 298 298 344 344 307 51 386 386 256 196 0 0 39 39 0 0 0 0 0 199 199 199 120 120 120 285 18 18 59 289 289 155 155 97 97
300 300 300 300 140 12 135 204 139 193 193 114 114 114 87 87 87 87 307 307 51 386 386 256 196 196 39 39 0 0 0 0 0 0 0 0 0 0 120 120 285 285 59 59 289 289 160 155 155 0
300 210 210 210 210 12 135 204 139 193 193 114 114 150 150 150 150 150 57 57 51 60 158 334 334 196 113 113 0 0 0 14 14 0 0 0 0 0 0 79 391 285 59 160 160 160 160 155 155 0
300 210 304 304 304 12 135 135 139 173 173 385 358 358 358 358 358 366 57 51 51 60 158 334 334 196 113 113 222 0 0 14 14 0 0 0 0 0 0 79 391 391 203 203 25 160 160 160 0 0
70 210 210 0 304 304 220 220 173 173 178 385 385 358 197 197 153 366 57 46 60 60 158 158 158 196 40 40 222 222 222 222 206 206 206 0 0 0 79 79 391 391 203 203 25 25 0 0 0 0
70 70 0 0 390 390 220 220 173 173 178 178 385 385 197 153 153 366 46 46 41 279 279 258 258 258 258 40 174 222 222 222 206 206 206 224 224 224 224 224 391 240 240 240 25 25 0 0 0 0
70 70 0 216 390 390 220 220 173 173 178 277 277 211 197 153 366 366 46 41 41 252 279 258 258 258 356 40 174 174 174 20 206 395 395 395 306 306 224 94 94 94 240 240 0 25 25 0 0 0
0 0 0 216 216 216 216 212 212 178 178 277 277 211 197 286 286 286 286 41 252 252 279 279 349 356 356 356 356 63 63 20 20 20 395 395 306 306 45 45 45 94 50 50 0 0 0 0 0 227
0 0 0 0 0 216 352 212 212 178 64 64 277 211 197 311 176 85 41 41 252 121 121 349 349 357 357 356 189 189 63 63 154 154 147 147 306 306 45 45 45 94 396 50 0 0 0 0 227 227
0 0 11 0 0 0 352 201 201 201 201 64 64 211 197 311 176 85 348 348 100 121 121 349 387 387 357 357 189 189 63 63 154 154 337 147 320 223 223 223 45 239 396 50 0 0 0 0 227 227
0 11 11 0 0 0 352 111 118 118 118 64 64 191 311 311 176 85 348 348 100 359 144 144 387 387 179 238 238 189 93 63 337 337 337 147 320 320 320 223 223 239 396 396 0 0 0 0 227 227
0 11 11 0 0 0 352 111 111 118 118 181 64 191 191 191 176 85 348 100 100 359 359 144 144 144 179 179 238 93 93 63 337 337 82 82 166 166 305 116 239 239 171 396 0 0 0 0 230 230
0 276 383 383 0 0 0 0 111 118 118 181 181 191 234 362 362 85 1 1 359 359 359 268 144 179 179 179 238 93 93 324 35 35 82 82 166 305 305 116 116 171 171 127 0 0 127 230 230 230
0 276 276 383 0 0 0 0 27 233 233 136 181 234 234 362 362 362 1 1 262 262 359 268 268 179 179 324 324 324 324 324 35 35 35 35 166 305 177 102 116 171 171 127 127 127 127 371 30 30
37 276 276 383 0 309 309 309 27 233 136 136 181 234 312 229 229 9 9 1 262 262 359 268 268 338 194 194 194 194 324 273 301 301 301 35 361 361 177 102 102 102 171 316 316 316 316 371 30 30
37 37 37 37 183 309 309 309 27 136 136 181 181 312 312 229 229 9 132 262 262 262 167 167 159 338 338 261 261 261 261 273 301 131 131 131 361 361 177 293 293 293 316 316 316 316 371 371 326 326
221 327 327 37 183 183 309 309 27 136 350 350 84 312 312 69 69 9 132 132 374 374 167 167 159 137 338 338 338 250 250 273 301 301 131 131 86 86 177 177 177 293 321 68 49 49 371 371 326 326
221 327 327 183 183 198 28 28 27 350 350 350 84 84 367 244 69 69 132 132 170 374 374 374 159 137 137 137 338 250 250 273 273 125 125 86 86 86 86 340 340 340 321 68 49 49 77 326 326 326
221 221 0 0 0 198 28 28 44 44 350 350 84 84 367 244 69 299 299 170 170 374 374 284 159 137 308 308 338 250 250 342 342 125 125 125 107 107 86 340 340 186 321 68 68 49 77 77 74 74
221 0 0 0 198 198 28 44 44 44 350 265 246 367 367 244 244 299 299 170 170 355 374 284 284 137 308 308 251 251 16 342 342 38 38 125 107 107 86 186 186 186 321 24 24 24 77 77 74 117
0 0 0 0 43 65 65 44 44 44 106 265 246 205 205 205 192 192 192 184 184 355 355 376 284 363 363 251 251 16 16 342 342 342 38 38 310 310 378 186 186 321 321 7 7 24 24 242 74 117
0 53 92 92 43 65 65 106 106 106 106 265 246 246 205 351 192 81 81 184 184 355 355 376 376 363 363 251 251 16 16 61 61 55 55 75 75 310 378 378 88 88 88 7 242 242 242 242 117 117
0 53 92 92 43 43 43 106 269 269 265 265 134 246 205 351 156 156 81 184 184 281 281 281 376 255 255 255 375 375 375 61 61 55 55 75 75 310 310 378 88 88 88 7 242 83 83 83 117 117
0 53 53 53 53 43 278 278 269 269 275 275 134 246 246 351 351 156 81 184 318 318 318 281 141 67 67 255 255 375 375 61 126 126 126 17 75 310 310 88 88 208 379 379 379 13 13 83 0 0
0 0 0 331 331 331 278 278 269 269 275 275 134 134 263 263 156 156 318 318 318 318 141 141 141 67 67 382 382 375 375 330 126 126 126 17 17 380 380 208 208 208 379 354 13 13 0 0 0 0
0 0 0 0 368 331 331 389 297 297 297 297 270 270 270 263 263 156 398 398 398 318 182 182 182 36 36 382 5 330 330 330 33 33 126 17 17 380 291 291 208 208 379 354 354 354 0 0 0 0
0 0 0 0 368 368 368 389 389 297 282 270 270 270 254 254 254 398 398 398 6 6 182 182 182 36 36 382 5 5 330 330 33 33 126 17 17 380 291 291 291 315 315 354 354 0 0 0 0 329
0 0 0 0 343 54 54 54 389 297 282 282 282 270 254 254 254 398 373 373 280 6 290 290 228 228 228 382 62 5 165 165 165 4 168 236 236 236 236 291 291 315 315 315 195 195 0 0 0 329
0 0 0 343 343 78 78 54 138 138 365 365 365 365 254 162 162 162 373 373 280 6 290 290 228 228 62 62 62 165 165 165 165 4 168 168 168 236 73 152 152 152 315 148 195 195 0 266 266 329
0 0 0 0 343 78 172 172 138 138 138 138 365 365 185 162 162 288 288 280 280 280 104 104 122 62 62 253 253 165 369 369 200 4 4 110 108 108 73 73 73 152 315 148 195 195 266 266 329 329
115 0 0 0 343 78 172 172 248 248 138 89 89 91 185 185 288 288 58 280 287 104 104 104 122 253 253 253 369 369 369 200 200 163 4 110 108 108 394 394 73 73 148 148 195 95 95 209 209 329
115 0 0 0 0 0 0 172 248 248 89 89 89 91 185 185 185 58 58 280 287 142 142 122 122 392 392 253 369 392 392 200 163 163 163 110 21 21 21 394 394 394 157 157 95 95 341 209 209 329
115 146 146 271 283 283 0 172 71 71 0 0 257 91 91 91 339 58 287 287 287 99 142 142 313 313 392 392 392 392 128 128 128 163 163 110 232 232 21 346 346 346 325 157 95 341 341 372 372 372
115 146 271 271 283 283 283 71 71 0 0 0 257 257 317 91 339 339 339 124 99 99 313 313 313 217 217 42 42 15 15 128 128 128 105 232 232 267 267 346 325 325 325 157 272 341 341 372 0 0
115 146 271 0 0 0 187 187 187 0 0 215 215 257 317 317 317 202 202 124 99 99 313 313 313 217 217 42 42 15 15 393 393 393 105 384 232 267 267 346 381 207 207 207 272 23 23 372 0 0
0 0 0 0 0 0 187 187 187 0 0 215 215 257 317 317 202 202 124 124 124 274 274 274 274 274 10 10 10 15 15 393 56 105 105 384 384 294 381 381 381 207 218 272 272 23 23 372 372 0
109 109 0 0 0 259 259 187 0 0 0 0 215 257 317 302 302 335 335 124 124 161 161 161 161 274 245 10 10 56 56 56 56 105 314 314 384 294 98 98 218 218 218 333 333 23 23 353 353 0
109 109 0 0 0 259 259 259 19 0 0 0 0 257 129 302 302 335 335 260 214 214 214 214 245 245 245 243 10 10 319 319 319 247 314 314 294 294 98 98 98 226 333 333 333 23 23 353 353 0
109 52 0 0 0 259 259 259 19 0 0 0 0 0 129 129 143 143 143 260 260 260 347 0 0 245 243 243 80 80 247 247 319 247 22 22 22 22 22 22 370 226 112 112 96 96 96 151 151 0
52 52 52 345 345 188 0 0 19 0 0 0 0 0 129 129 143 143 143 260 347 347 347 0 0 243 243 243 80 164 241 247 247 247 66 66 292 364 364 370 370 226 226 112 112 96 96 151 151 0
0 0 52 52 345 188 0 0 19 0 0 0 0 0 0 129 143 29 29 34 34 34 0 0 0 2 2 2 80 164 241 241 397 397 66 66 292 364 364 370 370 226 226 0 0 96 0 0 303 303
0 0 169 169 345 188 0 0 19 0 0 0 0 0 0 0 0 29 29 34 34 34 0 0 0 2 237 2 164 164 241 103 397 397 292 292 292 0 0 0 370 226 0 0 0 0 0 0 303 303
0 0 169 169 188 188 0 0 0 0 0 0 0 0 0 0 0 235 235 235 235 0 0 0 0 0 237 237 237 241 241 103 103 103 249 249 249 249 249 0 0 0 0 0 0 0 0 0 303 303
