50 400 20
73418 1300
80812 1045
59867 1246
98701 1150
91284 1409
84490 1738
64796 1375
95744 1017
56792 1307
54863 1069
78932 1021
90419 1198
69401 1964
88356 1194
66434 1494
70506 1287
73898 1883
90907 1659
73923 1889
87289 1211
56165 1720
78371 1826
91317 1016
69897 1048
90790 1620
73001 1008
91960 1663
66201 1787
91923 1363
51910 1393
70065 1991
92153 1535
93042 1335
87754 1899
65366 1006
54443 1131
72003 1300
72620 1914
73939 1309
87400 1464
54197 1124
91659 1870
52828 1030
90468 1354
96429 1304
73136 1233
72835 1662
99348 1027
72579 1084
67994 1264
50849 1009
91816 1395
80763 1432
56990 1123
77116 1207
77913 1535
91935 1415
96124 1721
91487 1052
88737 1464
80153 1019
70846 1591
97880 1012
84890 1363
62120 1879
65961 1659
80279 1517
89611 1511
53499 1308
88883 1607
50449 1417
51624 1379
60255 1037
66491 1096
72591 1040
63606 1598
80614 1467
96176 1894
76214 1633
89442 1732
73210 1351
64848 1791
59540 1023
97524 1857
75409 1783
79987 1221
83539 1845
69288 1486
81809 1833
63226 1135
67943 1780
77363 1934
84043 1175
54554 1901
94920 1512
88516 1511
53880 1742
51929 1772
78882 1957
71351 1948
88780 1647
73200 1776
56905 1309
85984 1470
66944 1354
71732 1734
63641 1961
55012 1385
91569 1103
59578 1665
94642 1951
91576 1015
84378 1960
90352 1894
96198 1850
54294 1515
65690 1338
63377 1029
84192 1248
95464 1945
59912 1884
75633 1770
88479 1996
82805 1441
85138 1901
85732 1868
73089 1380
91577 1239
95919 1425
52378 1550
92052 1877
93208 1427
74589 1320
76313 1387
85431 1906
78162 1747
64831 1038
89272 1797
68439 1866
85519 1563
85784 1296
79777 1402
74957 1847
92989 1772
88874 1499
84936 1554
54183 1504
51471 1585
87811 1154
87553 1390
69490 1680
89018 1913
79123 1799
89844 1706
86855 1981
84180 1073
64299 1100
90985 1272
86009 1190
70123 1200
95049 1159
77857 1719
98901 1018
80876 1596
80256 1841
60978 1363
60510 1598
64713 1773
90596 1765
63376 1627
88750 1959
74221 1692
56405 1976
75532 1737
89872 1650
72130 1081
86659 1235
61129 1698
57832 1129
50363 1932
87899 1800
54046 1016
85884 1558
62357 1449
54041 1657
51037 1117
71001 1077
87778 1694
51582 1614
50782 1643
95798 1144
59837 1715
69219 1189
66067 1582
93402 1655
95551 1353
85335 1801
90126 1173
83616 1913
96040 1444
98886 1227
80290 1640
88323 1589
54152 1574
92384 1190
66182 1882
57831 1792
75648 1807
94656 1593
63392 1547
65394 1927
77188 1720
61509 1099
95750 1612
64408 1968
81740 1902
96283 1745
82359 1057
56181 1042
78917 1999
90394 1969
87007 1777
53635 1259
62593 1094
83479 1641
82328 1137
51475 1569
50146 1645
87333 1268
97706 1442
71278 1304
88624 1912
60904 1998
95649 1905
61864 1824
88371 1481
95733 1008
66649 1679
95743 1839
51942 1950
52743 1888
90483 1477
64570 1720
97376 1377
97425 1371
76960 1851
77004 1890
94240 1908
56290 1159
94431 1277
88587 1936
82053 1143
74613 1741
69299 1952
68824 1445
79400 1005
52194 1869
98443 1496
66939 1794
51332 1495
75184 1634
78126 1586
85891 1604
76850 1544
82671 1612
92414 1851
75794 1901
58957 1005
86700 1060
76196 1503
82806 1202
55293 1118
91108 1502
67513 1578
94674 1524
52154 1406
58848 1855
95333 1184
85351 1919
93999 1140
68763 1578
98433 1473
57899 1202
61833 1348
57900 1548
93781 1221
59265 1904
67949 1624
54285 1076
56764 1086
73974 1846
82368 1737
93931 1336
98549 1016
72990 1229
50851 1405
86493 1329
94306 1645
85036 1119
89072 1765
70401 1559
73022 1792
97479 1300
90098 1032
50442 1530
75548 1885
92801 1040
76805 1235
85425 1083
89069 1745
60363 1922
84213 1752
56853 1130
91067 1931
86202 1385
60551 1125
69704 1622
65022 1069
80738 1060
97434 1138
89016 1140
79573 1771
94366 1664
80789 1918
71682 1591
50166 1519
88664 1757
58945 1930
83470 1116
82986 1060
92279 1392
65165 1691
95922 1066
86130 1577
95095 1920
59311 1421
95934 1769
79889 1546
95376 1039
67908 1013
59872 1070
69276 1288
51887 1370
82275 1190
74996 1870
94682 1278
65156 1183
55816 1848
85891 1383
81944 1357
98306 1837
64535 1093
50874 1350
83961 1292
73696 1026
98024 1304
75640 1282
63099 1380
63929 1557
88956 1868
96660 1667
62322 1968
68298 1684
97922 1660
52248 1422
62929 1637
53538 1449
57775 1276
92930 1921
70539 1154
82811 1849
51626 1477
59073 1462
56877 1154
88620 1173
94828 1064
83738 1642
91225 1583
92633 1001
52571 1777
92033 1700
64722 1134
88431 1831
80855 1060
58490 1928
73390 1924
53215 1752
51063 1716
51115 1026
96523 1483
54415 1761
77103 1970
65398 1874
63255 1750
62885 1775
50109 1329
57677 1267
67153 1441
59978 1359
53944 1957
0 0 0 0 0 0 0 131 131 131 58 0 0 0 0 0 0 190 190 376 376 0 0 0 0 0 0 0 0 0 0 151 151 151 151 150 0 0 0 0 0 0 0 0 0 0 129 129 129 129
0 0 0 0 0 0 0 131 131 131 58 0 0 0 0 0 0 190 190 376 376 0 0 0 0 0 0 0 0 0 0 0 151 59 151 150 0 0 0 0 0 268 285 285 0 0 129 0 0 0
0 0 0 188 188 188 145 145 131 131 58 58 389 389 389 389 389 190 190 18 68 0 0 0 0 0 0 0 0 14 14 0 93 59 59 150 150 0 0 0 0 268 285 285 0 0 197 0 0 0
0 0 188 188 188 188 145 145 220 58 58 58 26 136 136 136 389 18 18 18 68 68 68 387 387 387 0 0 0 14 14 79 93 93 59 150 150 0 268 268 268 268 231 340 340 340 197 0 0 0
0 0 138 138 148 148 148 27 220 220 26 26 26 136 156 156 354 354 249 249 295 295 295 295 387 31 0 0 0 14 14 79 79 93 86 308 308 308 308 395 395 231 231 10 340 340 197 197 223 223
0 0 138 138 138 148 148 27 27 220 26 50 50 156 156 156 354 354 249 249 249 295 295 295 387 31 0 0 0 261 14 79 124 86 86 263 263 263 263 395 395 231 10 10 340 162 162 162 100 223
0 0 0 195 195 174 126 126 27 26 26 50 50 244 244 353 353 364 13 13 249 320 320 320 387 31 0 290 290 261 69 79 124 124 86 170 170 263 263 395 395 395 254 10 10 162 100 100 100 223
276 276 0 195 174 174 126 126 27 210 210 210 210 244 353 353 364 364 13 13 249 320 320 35 35 31 31 290 290 261 69 79 124 124 86 86 170 170 170 395 254 254 254 105 161 161 161 161 100 223
276 276 195 195 174 174 126 126 383 383 147 147 244 244 226 364 364 364 363 363 363 363 97 35 35 132 132 132 261 261 69 69 133 133 265 265 250 377 377 377 377 254 254 105 105 105 96 0 0 223
0 0 62 174 174 174 259 259 383 147 147 147 244 226 226 144 144 144 144 363 363 363 97 280 280 280 132 42 42 69 69 69 133 133 265 265 250 377 377 377 240 240 254 96 96 96 96 0 0 223
0 0 62 62 62 0 259 259 383 49 283 283 283 283 226 2 2 2 2 310 305 305 97 391 391 280 132 42 42 82 82 82 25 25 25 25 250 250 240 240 240 127 127 96 329 329 329 0 0 0
0 0 0 291 291 0 257 257 49 49 283 283 44 154 226 226 226 310 310 310 305 305 97 391 258 258 368 202 209 155 1 82 78 78 78 25 374 374 240 114 114 127 127 329 329 329 329 0 0 0
0 0 0 291 0 0 257 257 49 49 185 185 44 154 154 356 356 310 310 310 289 289 391 391 258 258 368 202 209 155 1 82 9 9 78 25 25 374 240 114 114 127 367 367 367 367 0 0 0 0
0 0 291 291 0 0 0 0 0 185 185 44 44 154 154 356 356 120 289 289 289 203 179 179 302 368 368 202 209 155 1 82 9 287 287 287 287 374 374 28 28 28 367 367 367 367 0 0 0 0
0 0 0 291 0 0 0 347 347 347 44 44 44 44 336 336 120 120 120 120 203 203 179 179 302 302 202 202 209 155 1 341 9 19 19 115 115 115 334 28 28 28 251 251 0 0 0 0 0 0
0 0 0 0 0 345 345 345 345 347 347 347 336 336 336 336 396 396 157 157 203 157 166 166 302 307 307 202 209 209 209 341 341 19 19 288 115 115 334 334 28 28 251 251 0 0 0 0 0 0
0 0 0 0 0 0 0 99 99 347 262 262 336 336 396 396 396 396 157 157 157 157 166 166 302 307 307 202 400 400 318 341 247 288 288 288 333 333 334 334 334 30 30 232 0 0 0 0 0 0
0 0 0 0 0 0 0 99 381 319 72 262 262 95 95 379 266 266 157 218 218 218 218 67 67 67 67 221 400 400 318 341 247 247 247 312 312 333 207 207 207 30 30 232 384 384 0 0 0 0
0 0 0 0 0 198 198 99 381 319 72 262 52 95 95 379 266 266 359 359 359 359 218 67 67 67 67 221 400 318 318 205 247 247 241 312 312 333 292 292 207 232 232 232 384 384 0 0 0 0
0 0 0 0 0 198 198 99 381 319 72 72 52 52 52 379 379 212 212 73 73 56 84 84 84 221 221 221 370 370 205 205 327 327 241 241 292 292 292 292 123 123 108 384 384 0 0 0 0 0
140 140 140 140 102 102 282 294 381 319 319 319 319 323 399 399 379 212 212 73 73 56 84 339 84 221 117 221 370 370 205 205 327 241 241 241 392 392 143 143 123 123 108 384 0 0 0 0 0 0
140 140 102 102 102 282 282 294 294 346 208 208 319 323 323 399 212 212 51 51 60 56 56 339 339 117 117 117 118 186 186 186 327 241 241 386 392 392 143 143 271 271 108 108 315 315 315 315 199 89
284 284 102 102 102 282 128 128 294 346 346 208 219 219 323 399 212 212 51 51 60 60 60 83 339 117 118 118 118 118 186 229 229 236 236 386 110 110 239 239 271 271 271 108 108 0 0 0 199 89
284 284 284 3 3 3 128 128 366 366 346 208 219 219 219 98 17 17 343 60 60 83 83 83 163 163 118 118 66 66 186 229 229 236 236 386 324 110 239 239 37 335 335 108 228 0 0 0 199 89
284 284 284 104 104 3 211 366 366 48 48 48 11 11 11 98 17 17 343 60 83 83 137 137 137 163 163 382 66 66 46 229 229 236 236 386 324 110 37 37 37 335 335 228 228 0 0 0 199 89
158 380 380 104 281 281 211 317 317 48 48 48 11 11 11 98 17 343 343 225 83 83 137 137 137 237 237 382 382 382 46 229 229 176 176 324 324 324 338 338 335 335 335 32 228 298 0 0 0 0
158 380 380 104 281 281 211 317 317 48 121 121 121 121 217 98 17 245 225 225 111 111 296 12 137 237 237 237 350 350 46 46 46 176 176 309 338 338 338 338 191 5 5 32 228 298 0 0 0 0
158 158 158 348 348 348 211 106 106 106 362 362 311 311 217 245 245 245 225 279 279 111 296 12 12 12 237 350 350 173 173 6 6 6 141 309 309 242 242 338 191 5 5 32 32 298 112 0 0 0
139 139 139 139 348 348 106 106 106 106 362 362 311 311 217 217 245 245 279 279 279 111 296 296 296 296 286 125 125 173 173 6 141 141 141 309 309 39 242 242 191 5 5 5 200 298 112 0 0 0
34 34 34 272 272 272 183 183 388 388 388 311 311 311 344 61 61 184 184 184 394 394 394 182 182 177 286 286 125 173 173 6 141 141 264 309 309 39 113 113 191 191 328 5 200 112 112 171 171 0
34 29 29 272 272 183 183 351 351 388 388 388 172 172 344 344 61 61 184 184 373 373 394 182 182 177 177 286 125 125 125 141 141 365 264 264 264 39 113 113 328 328 328 200 200 63 63 63 171 171
355 29 29 29 43 43 372 351 351 388 101 101 172 172 172 344 222 165 165 165 373 373 394 394 24 24 177 64 64 299 299 365 365 365 393 393 39 39 39 113 113 113 253 253 200 63 63 63 160 171
355 355 74 74 43 43 372 372 372 372 101 101 260 260 325 344 222 222 222 165 373 378 378 378 24 24 177 64 64 80 299 393 393 393 393 393 71 71 71 71 357 357 357 253 47 47 63 63 160 160
355 355 74 74 43 43 330 330 372 372 297 297 260 260 325 344 222 222 256 256 278 278 278 378 168 168 168 122 80 80 299 55 167 167 167 107 107 107 90 357 357 357 357 253 47 47 47 57 57 160
355 355 74 74 152 43 330 330 330 297 297 297 297 325 325 344 222 222 256 256 256 278 278 369 206 206 168 122 80 269 269 55 55 167 167 107 107 107 90 90 90 326 146 146 47 47 47 57 196 196
0 0 152 152 152 43 330 385 385 297 248 301 301 301 301 301 321 45 267 238 238 278 369 369 206 206 122 122 269 269 153 153 55 187 187 87 107 20 20 178 178 326 146 146 4 4 57 57 196 196
0 0 0 152 152 119 119 385 385 385 248 248 23 23 321 321 321 45 267 267 238 238 369 369 369 38 38 331 331 331 153 153 187 187 7 87 235 20 20 178 230 326 326 146 146 4 390 390 94 94
0 0 0 0 0 0 119 119 303 303 303 248 23 23 274 45 45 45 267 267 267 267 192 192 369 38 243 243 331 331 169 169 169 169 7 87 235 20 20 178 230 375 375 146 146 4 4 390 390 94
0 0 0 0 0 0 75 75 303 303 248 248 274 274 274 300 300 358 204 204 204 192 192 192 369 38 243 243 398 398 169 169 169 169 7 87 235 235 304 304 230 375 375 375 375 314 54 54 0 94
0 0 0 0 189 189 75 75 213 213 213 21 21 164 164 164 300 358 358 204 204 40 255 255 255 342 342 342 398 398 33 33 7 7 7 135 135 235 304 304 230 375 53 53 314 314 54 0 0 94
0 0 0 0 189 75 75 75 213 16 277 21 21 21 164 164 300 358 175 371 371 40 255 130 342 342 342 342 214 193 193 33 306 306 135 135 270 270 85 85 85 215 53 53 314 314 54 54 0 0
8 293 293 293 189 273 273 16 16 16 277 277 277 277 164 164 358 358 175 175 371 40 130 130 181 181 252 252 214 193 193 33 33 306 306 135 135 270 270 85 85 215 194 194 134 134 134 54 0 0
8 293 293 189 189 273 337 337 337 337 360 360 277 316 233 233 233 233 175 175 371 40 130 181 181 181 0 252 214 214 332 332 109 109 109 109 92 92 92 149 149 215 194 194 134 134 134 0 0 103
8 8 293 189 189 273 0 337 337 337 360 360 277 316 316 316 77 77 70 70 275 275 130 181 181 0 0 252 252 214 349 332 332 15 15 109 92 92 92 149 149 215 215 76 76 134 361 361 103 103
36 8 0 0 0 273 0 337 216 216 216 216 216 41 41 41 77 91 91 70 70 275 0 142 142 0 252 252 252 322 349 349 349 15 15 0 0 92 116 116 116 116 76 76 76 22 361 361 103 103
36 8 0 0 0 0 0 352 352 216 0 0 216 234 41 41 77 91 91 70 70 275 0 142 142 0 322 322 322 322 246 246 349 15 15 0 0 0 227 88 88 88 81 81 81 22 22 22 22 103
36 8 0 0 0 0 397 352 352 216 0 0 0 234 41 0 0 0 0 0 0 0 0 0 0 0 313 313 313 313 246 246 201 201 201 0 0 0 227 227 227 88 0 81 81 81 0 0 103 103
36 0 0 0 397 397 397 65 65 65 65 0 0 234 234 0 0 0 0 0 0 0 0 0 0 0 313 313 313 313 0 0 201 201 201 0 0 0 227 227 0 0 0 0 0 159 0 0 0 0
0 0 0 397 397 397 397 0 0 0 0 0 0 0 0 0 0 0 0 0 0 0 0 0 0 0 224 224 224 0 0 0 0 180 180 0 0 0 0 227 0 0 0 0 0 159 159 0 0 0
0 0 0 0 0 0 0 0 0 0 0 0 0 0 0 0 0 0 0 0 0 0 0 0 0 0 224 224 224 0 0 0 0 180 180 0 0 0 0 0 0 0 0 0 0 159 159 0 0 0
