50 400 20
75558 1739
88289 1352
89600 1368
70776 1761
88817 1521
52150 1903
64989 1975
84402 1244
66428 1277
80982 1223
65370 1687
57639 1386
96810 1508
50036 1783
91988 1209
68671 1900
88633 1671
79303 1159
72865 1810
84133 1750
99673 1003
60940 1658
72571 1237
97457 1309
60523 1430
78088 1364
56007 1683
52462 1334
95268 1065
69541 1226
91256 1982
89243 1400
72161 1514
60690 1293
80869 1028
89404 1537
64826 1576
74894 1950
56865 1289
54356 1241
77442 1463
93563 1074
91529 1500
59506 1566
56036 1623
82143 1044
74800 1154
92062 1113
58189 1822
68630 1397
84948 1018
51780 1225
91532 1486
68802 1437
58902 1572
73098 1169
82372 1194
87460 1911
82243 1905
88957 1339
96193 1361
67828 1765
72277 1268
63707 1612
94049 1157
91982 1916
85766 1514
85964 1857
52299 1688
74084 1242
66042 1597
96979 1403
69801 1278
73301 1124
70095 1144
62325 1155
72056 1798
61104 1308
65426 1126
82748 1089
96477 1343
56036 1557
70523 1526
96646 1345
54734 1621
92786 1292
88099 1916
97994 1155
63427 1747
86238 1850
50212 1174
81848 1018
88461 1277
59675 1814
55555 1032
61240 1748
91521 1303
50752 1563
55015 1411
80201 1349
67146 1348
69161 1214
76821 1437
51556 1538
55828 1103
86827 1913
59627 1839
76780 1770
65879 1089
65573 1894
58656 1977
53917 1957
61899 1830
64924 1325
73074 1361
82599 1515
71293 1120
52504 1658
67790 1425
87362 1466
62722 1340
57705 1721
90521 1343
71014 1621
74120 1365
72335 1798
65467 1809
82142 1972
55724 1701
88949 1544
66584 1660
55172 1972
89265 1356
71749 1018
58311 1899
83905 1001
73774 1838
70485 1322
93082 1665
75913 1831
60389 1286
63664 1772
93460 1172
97993 1192
72020 1180
66768 1452
68111 1577
86156 1777
82677 1539
69026 1429
62521 1346
67954 1800
53479 1024
50464 1281
52367 1590
64025 1076
64926 1552
79176 1101
91488 1130
88950 1995
87801 1469
82953 1751
86219 2000
74403 1992
73610 1476
84989 1515
87007 1201
77362 1175
64292 1318
90764 1246
93148 1332
73299 1214
68096 1706
72636 1989
67105 1370
72690 1514
64234 1618
50995 1324
90639 1715
58658 1895
86733 1660
85187 1744
60595 1641
62331 1608
83760 1047
66854 1284
58713 1762
93905 1416
63523 1226
68603 1036
70006 1443
52636 1960
89705 1001
71125 1087
76614 1005
53287 1872
65992 1800
85544 1252
95325 1123
90955 1845
89710 1523
77442 1300
89656 1748
61445 1424
51520 1852
80327 1733
55035 1395
63839 1866
65355 1981
66717 1882
52128 1699
62280 1279
76501 1511
96913 1151
78577 1625
82442 1955
94842 1965
81964 1235
86234 1290
59203 1269
64470 1147
74638 1839
51963 1893
87291 1100
93296 1895
98895 1760
65521 1331
60545 1573
55190 1659
67402 1012
65042 1819
66741 1274
54644 1241
92875 1485
77625 1053
64113 1515
83431 1296
68170 1111
58749 1288
64726 1930
74022 1100
60703 1546
50083 1216
72747 1954
51229 1243
51748 1765
84848 1604
74097 1791
90769 1589
57525 1879
70977 1590
61397 1549
81828 1473
80366 1408
86375 1119
89092 1455
64991 1961
54788 1564
59479 1745
68240 1731
81411 1078
74688 1359
54891 1557
74456 1581
71057 1212
70474 1071
86515 1385
61875 1272
58526 1942
50970 1908
50801 1229
56843 1074
74637 1999
64996 1523
88037 1576
87354 1695
84309 1853
85932 1535
51729 1048
50918 1262
80100 1752
89621 1945
80743 1654
69362 1530
97597 1745
89574 1409
95389 1215
97056 1858
67982 1282
83774 1950
86702 1692
68209 1685
71356 1353
87475 1195
78524 1652
99372 1468
52588 1432
51952 1515
89578 1465
88345 1754
83836 1922
62613 1140
99894 1316
79574 1041
53946 1913
70287 1387
72769 1010
56783 1540
98538 1485
55412 1452
70734 1106
69182 1238
73658 1398
84836 1897
94615 1306
78032 1546
76816 1461
57775 1754
99913 1610
98684 1341
81791 1561
76334 1816
66287 1084
75238 1272
95535 1680
65360 1341
62311 1257
70973 1419
73389 1818
84866 1410
65720 1125
52238 1280
97078 1588
72033 1364
55251 1731
77665 1370
95941 1825
80576 1653
74082 1875
70302 1987
78247 1031
78548 1468
52084 1425
52809 1112
76513 1901
98894 1984
69681 1057
75064 1406
87728 1768
50568 1129
66963 1174
96653 1811
74573 1948
73000 1680
78282 1124
67463 1754
65368 1885
84094 1447
93659 1910
99776 1963
53849 1751
79016 1240
88531 1135
61055 1374
75846 1557
98780 1006
68746 1140
99268 1240
94132 1978
54569 1676
75845 1666
56595 1487
55611 1475
84143 1723
98926 1831
81584 1769
55050 1578
78891 1327
60039 1791
80232 1997
70063 1007
87649 1336
50573 1166
89536 1546
86953 1418
88938 1649
73399 1429
71398 1036
97304 1530
76328 1214
88413 1784
51707 1019
55413 1738
55080 1651
78325 1598
82071 1371
80473 1376
72902 1033
83245 1643
65956 1513
0 0 204 204 204 204 206 206 0 0 0 0 0 22 22 0 0 0 0 0 0 0 182 182 182 289 289 180 180 180 180 180 0 0 0 327 327 0 0 0 0 0 0 135 0 89 0 0 173 173
0 0 367 204 204 204 206 206 0 0 0 0 0 22 22 22 174 174 0 0 0 0 0 0 182 289 289 180 371 371 371 0 0 0 327 327 124 124 124 0 0 0 0 135 0 89 0 0 173 173
0 0 367 367 330 330 206 206 241 0 0 0 0 22 22 22 174 174 174 174 0 0 0 0 0 0 0 349 349 349 371 0 0 0 0 0 124 124 124 0 372 372 135 135 0 89 89 27 27 173
0 0 0 367 219 330 134 241 241 0 0 0 0 0 57 375 174 174 319 319 0 0 0 0 0 345 0 349 349 349 71 71 0 0 0 0 0 193 193 372 372 47 47 135 0 0 89 27 27 173
0 0 0 0 219 330 134 134 241 0 242 242 0 0 57 375 375 375 319 319 319 358 358 358 358 345 345 345 349 145 71 71 71 71 0 0 193 193 193 193 193 47 47 0 0 159 159 159 27 173
0 0 0 0 219 219 219 134 241 241 242 242 0 0 57 57 181 181 181 181 319 358 358 368 368 345 345 342 342 145 145 346 315 315 0 0 193 48 128 128 128 128 340 340 159 159 159 395 395 395
0 0 115 115 115 115 115 115 370 370 125 125 0 0 337 337 37 37 37 390 390 358 305 368 368 345 164 342 342 145 145 346 315 315 0 32 32 48 128 128 48 128 340 340 159 0 395 395 395 395
0 0 0 115 191 8 8 8 370 370 125 125 0 332 332 337 37 150 37 37 390 112 305 305 368 345 164 164 164 164 145 346 188 188 188 32 32 48 48 48 48 177 177 177 177 0 0 0 0 0
0 194 194 115 191 191 191 8 8 1 125 332 332 332 332 337 150 150 175 37 390 112 305 162 162 162 127 68 231 164 164 346 188 184 32 32 32 316 316 307 307 177 177 177 235 72 72 360 0 0
0 263 194 194 213 213 1 1 1 1 31 31 31 264 264 264 150 64 175 37 112 112 305 162 127 127 127 68 231 231 231 231 184 184 32 271 271 316 316 307 307 307 270 177 235 72 72 360 0 0
0 263 263 362 362 213 1 1 157 31 31 41 41 109 109 264 150 64 175 112 112 112 39 303 303 127 127 68 68 231 231 268 184 184 82 229 271 271 341 62 62 307 270 270 235 335 335 360 143 143
0 263 263 362 362 213 213 157 157 31 31 41 41 109 109 109 64 64 175 175 39 39 39 303 303 127 127 291 68 68 268 268 184 82 82 229 271 356 341 62 62 270 270 270 235 335 335 360 143 143
0 263 263 260 260 260 207 207 157 157 157 230 274 274 77 77 77 77 77 149 149 158 281 281 281 281 281 291 291 291 291 268 268 82 229 229 317 356 341 341 341 341 205 205 335 335 0 0 143 143
347 347 347 347 260 260 207 207 230 230 230 230 274 274 77 77 243 243 149 149 158 158 29 29 227 227 291 291 51 51 224 224 317 317 317 317 317 356 356 205 205 205 205 354 354 0 0 0 0 0
394 394 0 347 87 87 87 75 75 222 222 222 222 359 359 359 318 243 225 225 158 158 29 29 227 227 313 313 51 51 267 224 399 399 317 398 398 398 398 131 36 36 354 354 59 59 0 0 0 0
394 394 0 347 87 351 87 75 75 222 222 160 160 359 359 359 318 243 225 225 158 29 29 121 121 227 223 313 313 267 267 224 176 399 399 233 233 233 131 131 117 36 59 59 59 59 0 0 0 0
394 0 0 347 347 351 351 351 351 351 195 195 160 160 45 318 318 70 70 70 158 29 121 121 223 223 223 46 313 267 267 202 176 176 176 43 43 233 131 131 117 36 59 320 320 320 44 44 44 323
0 0 0 293 353 353 353 353 351 351 331 195 195 45 45 45 285 285 285 70 70 40 40 95 199 199 46 46 202 202 202 202 326 9 9 43 43 253 253 117 117 36 250 320 374 374 374 44 44 323
148 0 0 293 293 293 293 331 331 331 331 195 195 45 45 45 285 237 237 70 70 40 40 95 199 46 46 254 254 254 344 344 326 9 9 43 43 253 253 117 261 261 250 250 374 363 363 44 323 323
148 0 0 0 0 0 0 0 0 0 0 0 195 7 7 79 285 285 237 237 290 290 290 95 199 46 34 34 254 254 344 344 326 326 212 288 288 253 253 261 261 65 65 250 363 363 363 323 323 323
148 0 0 0 108 325 325 0 0 0 0 69 69 50 7 79 79 79 79 52 290 220 220 95 199 46 46 34 34 373 373 373 212 212 212 208 288 288 55 55 55 65 211 211 363 363 363 323 126 126
148 0 0 0 108 325 325 325 0 0 299 69 69 50 7 79 52 52 52 52 220 220 220 17 17 17 17 201 34 201 201 373 373 373 373 208 208 208 55 55 65 65 211 211 183 183 183 183 126 126
249 0 0 108 108 325 156 156 156 299 299 105 105 50 138 132 132 118 255 255 166 166 220 17 17 17 17 201 201 201 201 246 151 151 198 198 198 208 10 10 65 65 65 211 24 24 396 396 126 126
249 249 249 287 287 325 156 156 156 299 299 105 355 50 138 132 132 118 255 255 166 166 166 210 210 350 350 350 350 15 246 246 151 151 198 257 257 10 10 10 179 179 12 12 24 396 396 215 215 215
309 309 287 287 86 156 156 221 221 299 299 105 355 50 138 138 138 118 255 255 166 166 166 94 210 350 163 163 163 15 246 246 387 387 387 387 257 10 10 252 179 179 12 12 24 24 24 88 88 215
309 86 86 86 86 136 136 103 221 355 355 355 355 336 397 397 138 118 295 314 314 284 284 94 210 96 96 163 163 15 15 246 387 387 116 116 257 252 252 252 244 217 348 348 234 234 234 88 88 215
309 0 0 86 86 136 103 103 221 277 277 336 336 336 397 397 171 171 295 314 314 284 94 94 96 96 163 163 15 15 35 35 35 35 116 116 116 232 18 244 244 217 348 348 234 234 234 234 88 215
309 0 265 265 80 136 103 103 97 277 277 192 192 192 357 19 19 171 295 295 295 284 273 273 273 96 96 96 15 15 81 203 203 203 99 99 116 232 18 244 216 217 165 165 110 110 13 234 197 197
0 0 265 265 80 136 328 97 97 277 277 192 192 192 357 19 19 171 295 295 295 382 273 273 273 63 63 96 63 81 81 203 99 99 99 99 85 232 18 244 216 217 165 165 110 110 13 197 197 0
361 361 80 80 80 80 328 97 292 277 277 102 102 357 357 3 3 3 286 382 382 382 366 21 21 21 63 63 63 81 81 99 99 334 84 84 85 232 18 18 216 217 165 165 110 13 13 0 0 0
0 361 0 0 0 328 328 16 292 292 292 102 102 357 357 3 3 286 286 286 384 384 366 21 329 329 63 380 380 380 91 91 334 334 84 84 85 200 200 18 216 217 165 11 0 0 0 0 0 0
0 361 0 0 0 141 141 16 279 279 292 292 189 189 189 189 196 196 286 286 384 384 366 366 329 329 218 380 258 258 91 91 334 334 304 304 85 85 200 200 200 400 400 11 0 0 0 0 0 0
0 0 0 0 0 141 141 16 279 279 292 83 83 83 83 196 196 196 297 266 266 384 366 366 218 218 218 155 155 258 91 91 240 240 304 304 304 85 200 200 200 400 11 11 0 0 338 56 56 0
0 0 0 0 0 0 0 16 279 2 2 83 76 324 324 297 297 297 297 266 266 266 366 339 262 262 155 155 258 258 140 140 240 240 294 294 304 85 308 308 400 400 296 296 0 0 338 56 56 0
0 298 298 298 298 16 16 16 2 2 74 74 76 324 324 324 324 324 266 266 275 275 339 339 283 262 389 389 139 139 140 140 140 140 381 294 308 308 308 272 144 6 296 296 338 338 338 0 0 0
0 298 25 90 90 16 248 248 248 74 74 74 76 311 311 93 187 187 266 275 275 106 339 106 283 262 389 389 139 139 239 239 381 381 381 294 161 161 161 272 144 6 6 238 376 376 376 0 0 0
269 269 25 25 90 90 248 248 248 60 60 60 76 311 311 93 187 187 187 275 275 106 106 106 283 38 38 38 385 385 239 239 310 310 5 5 278 278 161 272 144 144 6 238 238 376 376 376 0 0
269 25 25 90 90 248 248 60 60 60 60 185 76 93 93 93 322 322 275 275 256 106 256 283 283 301 301 38 38 385 385 239 310 310 5 5 278 278 278 272 272 379 238 238 238 238 0 0 0 0
269 0 0 90 90 0 0 0 386 386 185 185 114 114 114 114 33 322 322 383 256 256 256 73 73 301 301 378 378 98 98 302 302 302 280 280 147 147 278 178 178 379 379 142 142 238 226 226 226 226
0 0 0 0 0 0 0 0 386 386 185 185 114 104 104 33 33 33 33 383 383 383 256 73 73 49 49 378 98 98 170 170 302 302 280 280 147 147 147 178 178 178 379 186 142 226 226 245 245 245
0 0 0 0 0 0 168 168 236 236 388 388 388 104 104 33 33 33 0 0 0 0 256 129 282 49 49 378 378 0 0 170 170 190 209 209 209 209 0 178 178 111 186 186 142 392 392 23 377 245
276 276 276 276 0 0 0 168 168 236 236 388 388 58 172 306 306 306 306 0 0 67 129 129 282 49 49 78 78 0 0 130 130 190 190 209 209 209 0 111 111 111 186 186 392 392 23 23 377 0
276 276 276 101 101 0 168 168 0 236 236 58 58 58 172 214 214 214 0 0 67 67 129 282 282 78 78 78 0 0 61 130 130 190 190 137 137 137 0 0 120 120 120 186 122 23 23 377 377 0
0 0 276 101 0 0 0 0 0 133 247 247 247 172 172 214 0 0 0 0 67 146 146 146 146 66 78 78 0 53 61 61 61 190 190 137 42 137 0 0 0 120 120 122 122 153 153 377 0 0
0 0 54 101 0 365 365 352 352 133 133 247 247 172 259 259 0 0 0 0 0 0 0 0 0 66 66 66 0 53 61 61 61 61 42 42 42 369 119 119 0 312 312 122 0 153 153 377 0 0
20 20 54 54 54 365 365 352 352 300 133 247 247 4 259 259 0 14 14 0 0 0 92 92 0 66 391 113 0 53 53 107 107 0 0 369 369 369 119 119 0 312 312 0 0 30 30 377 377 0
20 20 364 365 365 365 365 352 352 300 152 152 152 4 167 167 14 14 0 0 0 0 92 92 92 228 391 113 0 107 107 107 0 0 0 333 333 333 333 333 0 0 0 0 0 30 30 0 0 0
0 0 364 123 123 169 169 169 300 300 152 0 0 4 4 167 167 0 0 0 0 0 0 228 228 228 391 113 0 0 0 100 100 0 0 0 0 28 28 0 0 0 0 0 0 0 0 0 0 0
0 0 364 364 123 169 169 251 251 251 154 154 0 0 0 0 321 321 0 0 0 0 0 0 0 0 391 113 0 0 0 100 100 0 0 0 393 28 28 393 393 26 26 0 0 0 0 0 0 0
343 343 343 343 123 123 169 169 169 251 154 154 0 0 0 0 0 321 321 321 0 0 0 0 0 0 113 113 0 0 100 100 100 0 0 0 393 393 393 393 393 26 26 0 0 0 0 0 0 0
