50 400 20
91386 1662
84573 1399
97187 1700
73781 1558
53281 1300
95482 1123
83685 1584
51479 1807
56270 1140
98942 1307
99147 1869
54734 1779
55995 1556
86325 1763
92131 1855
59371 1233
55357 1850
85111 1524
88101 1488
58822 1757
92441 1166
93898 1920
79893 1926
56372 1026
74384 1365
92340 1628
67903 1315
74259 1771
62068 1726
85456 1062
64095 1824
76022 1616
88572 1207
96406 1029
92100 1944
60736 1582
91864 1679
73453 1386
85133 1114
75333 1996
66803 1079
79525 1342
60068 1188
85015 1468
78239 1563
83980 1980
77755 1788
89161 1990
96291 1826
99020 1415
81257 1670
94034 1661
50354 1004
85462 1840
59243 1819
53815 1855
70819 1227
57314 1528
72616 1832
93721 1938
89540 1593
51614 1095
89188 1256
61784 1925
55748 1667
93462 1029
59468 1979
68152 1250
97069 1352
71301 1193
98659 1292
90658 1454
84433 1991
78634 1107
50500 1303
88539 1050
64868 1729
54710 1071
59203 1961
79179 1876
65465 1309
71736 1821
71089 1912
66738 1944
66271 1860
77876 1272
96830 1102
94705 1767
54151 1498
65106 1094
68978 1751
72403 1712
62196 1251
74277 1888
78109 1330
94551 1075
88162 1187
81596 1651
52689 1346
62520 1288
54493 1431
98009 1599
96078 1416
84870 1034
59420 1293
88128 1585
93709 1047
78478 1313
51392 1663
62021 1994
56861 1053
65733 1980
89593 1997
53369 1376
79431 1947
86929 1400
64254 1898
70185 1223
71907 1579
79078 1909
93946 1567
58160 1583
74602 1443
98837 1774
67073 1234
81585 1807
93328 1078
99577 1743
78301 1052
76015 1969
66394 1755
52347 1445
72507 1720
62753 1476
90900 1944
50966 1103
58397 1557
71500 1615
91020 1174
85652 1477
69244 1183
77971 1454
68148 1630
70675 1876
99673 1916
58204 1653
90910 1321
90082 1235
57823 1898
86139 1557
79159 1623
51000 1285
68722 1572
87549 1438
95162 1969
99115 1927
90299 1407
72525 1945
98708 1120
77444 1605
53639 1815
61293 1193
52543 1410
58392 1372
77448 1411
57188 1844
78096 1954
55081 1346
74049 1020
63889 1398
54419 1037
97840 1051
80232 1672
75424 1058
82401 1679
69204 1726
53152 1308
75842 1261
75306 1732
95907 1150
78008 1158
70865 1184
91103 1594
73299 1584
75285 1147
59195 1048
98891 1285
80364 1405
66338 1771
89145 1001
74378 1082
57447 1051
56330 1741
52732 1049
79581 1388
68383 1193
81730 1394
69723 1029
94140 1913
67875 1373
50021 1246
97321 1142
71624 1088
77455 1938
98351 1814
70619 1858
52419 1620
58995 1430
50818 1506
78574 1749
72905 1120
68691 1927
66753 1797
84512 1493
59293 1390
61670 2000
78290 1511
67466 1156
56125 1000
98349 1011
66578 1459
56556 1285
98532 1765
52064 1770
73116 1338
72551 1534
57823 1362
80606 1600
75285 1279
61577 1392
78340 1519
94054 1542
77847 1637
60131 1719
71704 1020
90106 1616
77355 1431
54380 1054
99732 1082
98819 1099
81875 1420
94868 1921
65064 1570
76714 1634
61713 1477
72946 1119
57396 1018
78792 1603
57386 1003
78854 1756
89912 1732
62522 1934
81565 1721
67201 1826
89478 1178
57036 1731
78604 1074
70523 1686
53315 1182
98275 1792
77877 1215
68832 1194
55578 1602
53764 1308
51151 1859
63573 1059
69974 1400
74087 1726
87683 1290
87672 1483
51260 1134
60862 1234
57043 1031
51443 1509
60252 1395
74780 1579
59813 1808
65213 1375
69869 1310
89432 1591
90558 1329
82662 1770
83400 1500
62418 1274
74670 1707
74404 1157
76537 1252
83772 1524
68063 1600
64310 1782
77058 1133
61223 1595
91066 1427
93266 1810
54790 1421
98341 1577
64224 1367
59623 1090
63323 1663
97091 1559
65871 1164
62013 1740
58686 1808
50647 1558
50411 1371
97749 1417
84687 1044
98042 1558
75095 1334
74062 1570
83995 1160
75419 1019
65560 1680
59094 1907
93214 1158
56621 1788
51299 1145
96233 1009
93420 1561
63157 1607
63257 1994
96467 1308
75644 1200
83285 1699
90805 1947
66066 1422
83862 1926
58968 1560
59683 1181
65195 1535
86982 1748
93784 1081
90911 1784
89759 1257
82520 1798
82444 1822
80310 1444
80661 1017
85890 1181
82644 1591
79828 1155
77139 1075
58393 1271
91738 1987
69587 1791
50318 1363
74080 1898
64807 1346
84583 1707
97020 1447
67614 1773
85822 1986
72131 1009
83464 1236
71279 1425
74330 1903
82979 1780
61180 1661
90079 1283
85027 1043
90914 1384
93947 1284
76668 1676
93808 1745
77651 1008
72580 1878
62069 1456
70929 1517
62412 1946
62478 1545
65442 1471
59555 1970
95824 1825
87857 1790
71871 1604
68713 1176
57633 1897
73651 1972
59052 1575
84114 1735
74483 1501
65821 1597
91119 1448
71729 1638
51211 1914
67903 1732
83363 1712
67743 1146
69010 1051
50499 1272
66624 1317
53604 1153
59281 1620
73622 1650
77675 1544
84429 1675
87916 1652
55013 1189
64472 1871
76609 1697
0 0 0 0 0 0 0 9 9 9 0 0 0 351 351 0 0 0 174 1 1 1 1 354 354 354 354 0 0 0 0 0 0 0 0 0 256 256 256 256 256 267 0 0 0 0 0 0 0 0
0 0 0 0 0 3 3 9 9 0 0 284 284 351 351 0 0 0 174 174 380 1 1 354 354 354 0 0 0 341 341 166 166 166 0 0 256 352 352 352 267 267 0 0 0 0 0 0 0 0
0 0 0 0 0 3 3 297 297 297 0 284 284 351 149 149 0 0 174 174 380 380 380 199 199 199 199 0 0 341 341 0 0 166 0 144 144 352 267 267 267 0 0 212 212 212 104 104 0 0
0 0 0 0 0 0 0 0 297 297 0 260 260 290 149 149 290 138 138 235 235 235 235 199 199 0 0 0 0 100 100 0 0 166 0 144 144 218 218 44 44 44 44 151 151 212 212 104 0 0
0 0 0 0 0 273 273 0 35 123 70 70 260 290 290 290 290 138 138 138 33 33 71 71 199 334 334 0 100 100 100 0 0 166 0 0 113 113 218 218 302 117 44 151 151 163 163 104 0 0
0 0 0 0 0 273 273 0 35 123 70 70 260 260 260 222 158 138 138 138 33 33 71 71 334 334 0 0 100 0 0 0 0 0 0 113 113 113 291 302 302 117 44 163 163 163 79 79 0 0
0 0 364 364 364 364 0 0 35 123 123 123 286 222 222 222 158 165 147 147 373 373 71 71 71 233 74 74 228 228 0 0 0 0 0 243 291 291 291 302 117 117 44 44 79 79 79 79 79 0
0 0 0 0 364 364 280 280 35 35 286 286 286 101 101 158 158 165 147 147 373 373 71 233 233 233 74 74 228 228 0 308 308 243 243 243 291 291 291 302 14 0 0 0 0 0 79 0 0 0
0 0 0 0 0 0 280 280 8 8 8 8 101 101 101 82 165 165 147 147 378 373 373 233 233 233 288 288 288 308 308 308 67 243 221 221 221 221 221 14 14 0 0 0 0 0 0 0 0 0
0 0 0 18 60 60 178 178 8 322 322 322 322 322 182 82 82 82 147 147 378 378 373 233 389 389 288 288 288 258 188 188 67 67 226 226 221 221 221 14 370 370 377 377 0 390 0 0 0 0
0 109 109 18 60 60 131 178 198 198 198 22 322 322 182 82 82 19 19 19 378 378 373 389 389 389 389 362 362 258 188 188 188 67 226 226 230 230 81 81 370 370 370 377 0 390 390 0 0 0
0 109 109 18 398 0 131 178 178 178 198 22 22 22 182 182 19 19 19 19 223 223 223 223 223 223 389 331 362 258 258 258 72 72 336 230 230 230 81 81 81 342 342 377 0 0 390 0 0 0
0 0 0 18 398 0 131 131 52 52 52 52 52 399 399 399 399 206 206 206 252 252 252 118 118 331 331 331 362 258 258 258 72 72 336 336 336 268 81 347 347 342 342 342 179 179 179 0 0 0
0 0 0 0 398 0 130 130 130 130 52 52 319 145 145 145 399 206 285 285 252 252 252 118 246 246 331 397 57 57 57 84 294 294 294 294 268 268 81 347 347 342 342 342 179 179 179 0 0 0
0 0 0 0 398 0 130 126 126 126 394 394 319 145 145 145 237 237 285 285 285 252 252 118 246 83 83 397 397 57 57 84 294 294 294 294 268 268 81 347 335 234 234 234 234 349 349 171 171 171
0 0 242 0 0 0 236 236 126 126 394 394 319 319 10 10 237 237 76 396 396 396 325 325 246 83 83 83 397 311 84 84 84 187 85 85 85 335 335 335 335 103 103 234 159 349 349 171 171 171
0 0 242 0 0 0 217 236 236 236 319 319 319 36 10 10 114 76 76 391 391 396 325 128 128 128 115 115 115 311 42 42 42 187 366 366 85 85 153 153 335 103 103 159 159 349 11 171 53 53
0 0 242 95 217 217 217 236 236 236 296 36 36 36 114 114 114 76 76 391 120 396 325 128 88 88 88 115 115 311 42 62 42 187 187 366 366 153 153 153 289 289 289 159 11 11 11 192 53 53
0 0 242 95 95 95 95 326 326 296 296 80 80 80 374 374 374 137 137 391 120 120 120 261 261 88 88 88 115 311 62 62 42 42 366 366 366 366 153 153 289 289 289 110 110 274 192 192 0 53
0 0 242 242 242 0 0 326 326 296 80 80 43 43 141 141 374 200 137 137 112 112 112 261 134 324 324 324 324 13 62 62 63 63 164 164 164 330 330 330 358 358 110 110 274 274 192 0 0 0
0 0 0 0 242 0 0 186 186 186 6 6 43 43 141 34 34 200 200 112 112 112 112 261 134 196 196 196 196 13 62 62 63 63 164 259 259 330 330 91 358 358 358 110 274 274 192 0 0 0
0 0 229 0 0 0 305 305 381 186 6 6 55 224 141 34 34 200 200 48 261 261 261 261 134 196 196 196 196 13 13 365 365 365 164 259 259 54 54 91 91 91 358 358 274 274 148 0 0 0
279 279 229 229 229 305 305 305 381 186 55 55 55 224 141 184 184 48 48 48 48 41 41 134 134 4 4 332 332 340 340 365 58 121 121 121 121 54 54 37 37 37 37 358 148 148 148 0 0 0
279 279 229 383 305 305 254 254 381 275 275 55 30 224 184 184 48 48 28 28 41 41 154 135 4 4 332 332 332 340 340 58 58 338 241 121 121 121 94 94 94 37 37 59 309 309 148 24 24 0
0 0 0 383 383 383 254 254 381 275 15 30 30 224 245 245 245 28 28 213 213 213 154 135 135 150 219 332 332 139 58 58 58 338 241 241 56 56 17 17 94 37 59 59 309 309 148 24 24 0
0 0 0 0 383 383 383 20 20 275 15 30 224 224 245 245 181 28 28 213 213 213 154 154 135 150 219 332 139 139 139 139 139 338 241 241 56 56 17 357 357 59 59 59 309 309 148 24 24 0
0 0 0 0 383 143 143 281 20 275 15 15 224 245 245 359 181 181 152 152 213 213 154 154 154 150 219 102 102 102 102 239 139 338 241 97 97 97 17 357 357 323 323 162 162 162 148 211 211 0
0 0 69 0 143 143 143 281 20 15 15 15 232 232 232 359 359 181 152 152 248 248 93 93 154 150 219 102 102 102 102 239 129 129 241 96 97 97 264 125 125 125 323 162 162 162 211 211 0 0
0 0 69 69 98 208 208 281 281 47 47 47 99 99 232 344 359 359 248 248 248 193 93 93 216 350 321 321 321 239 239 239 129 129 241 96 249 249 264 125 125 125 323 231 231 231 271 271 0 0
0 0 69 69 98 208 208 283 283 283 283 47 99 99 99 344 344 344 248 193 193 193 93 216 216 350 321 65 321 251 251 167 96 96 96 96 249 249 264 264 64 64 282 282 231 231 271 271 0 191
78 78 78 98 98 316 316 283 160 160 160 146 140 140 140 140 51 51 248 193 193 93 93 216 350 350 202 65 65 251 251 167 167 96 369 29 29 116 38 38 38 64 339 282 385 385 271 191 0 191
0 0 78 98 98 316 316 77 77 77 160 146 146 146 250 250 51 51 248 193 45 45 45 45 350 350 202 66 65 7 7 167 167 96 369 29 29 116 116 116 38 64 339 282 385 12 271 191 191 191
0 0 86 86 98 98 303 77 77 77 108 161 161 146 250 250 51 317 317 26 26 247 247 169 61 61 202 66 66 388 7 7 167 167 369 29 328 328 116 116 384 64 339 339 385 12 215 215 263 263
0 0 86 86 300 300 303 77 77 333 108 108 161 161 92 92 92 92 317 26 26 247 247 169 61 61 202 202 66 388 388 7 176 369 369 328 328 328 384 384 384 64 384 339 12 12 215 215 263 263
0 0 86 301 300 300 303 111 111 333 333 108 360 360 360 92 92 92 317 318 190 190 190 169 169 169 202 202 87 87 388 7 176 176 176 176 176 328 89 89 384 384 384 376 49 204 204 215 215 263
0 0 0 301 301 301 303 111 111 333 333 348 360 360 360 379 379 379 318 318 190 353 353 353 169 169 172 172 367 87 87 87 176 32 32 32 32 328 89 89 89 89 89 376 49 49 204 215 225 225
0 0 0 301 301 307 307 257 122 122 314 348 368 272 272 379 379 379 318 355 355 355 353 353 169 107 172 172 367 312 312 312 157 16 16 16 32 32 89 287 287 376 376 376 49 49 204 0 0 225
0 0 0 304 304 307 307 257 257 122 314 348 368 272 272 379 379 210 210 355 168 168 353 320 320 107 107 386 367 312 312 312 157 157 157 16 16 16 2 313 287 25 25 49 49 0 0 0 0 225
0 0 0 304 304 304 238 238 257 122 314 348 368 368 368 368 205 124 210 355 168 168 353 320 31 31 107 386 367 298 298 312 312 157 157 2 2 2 2 313 287 25 0 0 0 0 0 0 0 0
0 0 177 304 304 304 238 238 314 314 314 119 119 327 205 205 205 124 210 73 194 194 220 320 31 31 386 386 386 298 298 173 173 173 173 313 313 313 313 313 287 25 0 0 0 0 0 0 0 0
177 177 177 39 39 39 39 277 277 277 277 119 119 327 327 327 327 124 124 73 194 194 220 220 220 209 209 127 127 298 298 180 180 173 173 313 136 136 346 0 287 142 142 0 46 46 46 46 0 0
177 177 177 337 337 337 277 277 277 23 27 27 27 27 244 244 244 244 244 73 73 265 295 203 220 209 209 127 127 75 75 180 395 395 395 395 136 136 346 0 0 142 142 0 0 46 46 0 0 0
0 0 177 382 337 337 277 23 23 23 23 262 315 315 315 315 255 255 244 105 73 265 295 203 195 195 393 393 393 75 75 180 395 183 183 183 183 270 346 346 0 240 240 240 240 400 46 0 0 0
0 0 0 382 382 382 21 21 23 262 262 262 315 315 315 315 255 255 105 105 265 265 295 203 195 195 393 393 329 329 329 306 372 372 183 183 270 270 346 346 0 299 299 299 240 400 400 0 0 0
292 292 0 0 0 0 21 21 40 40 156 156 156 0 0 0 255 255 105 5 5 295 295 203 269 269 393 207 329 90 90 306 372 372 183 183 270 270 346 346 0 299 189 189 240 240 400 0 0 0
292 292 0 0 0 0 214 214 40 371 156 156 156 0 0 0 0 0 50 5 5 295 132 203 203 269 207 207 329 90 90 306 306 276 276 387 387 387 387 0 0 189 189 189 293 293 0 0 0 0
375 375 375 375 0 0 214 214 40 371 371 371 345 345 345 345 0 0 50 50 50 132 132 310 203 269 207 266 329 155 155 155 392 392 276 387 387 0 0 0 197 189 189 189 293 293 201 0 0 0
356 356 375 375 133 68 68 68 253 253 175 175 278 278 0 0 0 0 50 50 50 132 363 310 310 310 266 266 266 266 266 155 392 392 276 387 0 0 0 0 197 0 0 0 343 201 201 0 0 0
170 356 356 133 133 68 68 68 253 253 175 175 278 278 0 0 0 0 227 227 363 363 363 310 310 310 0 0 0 0 106 106 0 0 0 387 0 0 0 0 197 0 0 0 343 343 201 201 0 0
170 170 356 133 185 185 185 185 185 185 175 278 278 278 0 227 227 227 227 227 363 363 363 310 0 0 0 0 106 106 106 106 0 0 0 0 0 0 0 0 197 0 0 343 343 343 361 361 361 361
