50 400 20
62441 1440
85795 1436
53315 1755
88407 1005
86444 1016
94995 1872
85049 1474
91444 1161
89413 1523
92876 1242
75193 1977
95735 1330
52092 1886
74196 1720
67910 1484
78975 1102
52442 1193
51487 1314
80406 1121
73236 1535
72633 1226
67408 1284
76584 1717
55513 1228
85227 1459
51097 1716
62271 1228
83034 1074
61629 1085
87300 1126
63413 1666
92238 1495
96277 1236
94642 1768
84349 1982
88530 1587
86686 1738
55836 1200
77217 1770
81618 1051
65201 1111
79649 1782
92095 1431
66375 1656
53358 1498
93036 1977
64005 1986
83704 1190
84256 1655
55301 1209
81335 1040
86397 1898
63617 1335
98631 1598
77256 1016
96595 1130
54014 1562
55329 1303
85471 1823
77658 1747
58474 1524
61164 1275
98405 1568
89779 1326
67218 1011
84024 1005
69870 1960
85828 1669
73317 1658
60643 1809
82967 1360
66678 1568
66796 1056
66429 1694
71860 1748
70666 1965
67095 1503
84461 1825
70224 1268
83690 1106
87304 1423
74922 1609
58806 1127
99072 1165
57103 1500
76413 1236
82146 1476
56637 1957
74774 1198
96021 1473
58786 1062
80081 1121
68433 1818
67412 1063
77458 1136
72864 1703
83074 1723
89621 1560
68444 1674
96142 1679
76678 1184
62580 1825
50548 1784
64267 1256
90537 1794
99553 1664
50764 1820
97732 1707
76691 1389
74364 1679
52524 1794
89220 1847
89408 1955
78434 1247
82923 1373
98513 1227
65423 1224
80496 1139
62232 1407
59889 1503
50842 1455
90322 1109
58192 1925
73770 1383
91972 1783
51258 1075
74198 1515
83281 1675
58308 1736
63463 1436
96940 1249
69715 1125
95544 1188
90785 1842
75845 1859
93504 1021
82508 1070
55710 1648
56603 1964
57767 1136
60884 1847
86392 1062
68499 1547
50345 1505
75385 1159
77681 1458
72452 1364
60216 1956
85619 1442
53492 1237
50444 1177
86369 1833
94495 1215
70606 1050
97081 1709
56151 1099
95428 1475
68576 1824
75844 1267
68335 1142
83560 1449
57961 1016
87260 1932
64918 1723
63729 1184
97668 1489
60099 1423
71370 1956
68196 1422
68684 1517
73180 1426
66195 1488
85221 1642
90223 1376
80893 1779
92679 1188
93640 1479
66160 1567
61968 1022
83910 1389
51689 1164
78277 1040
66615 1448
80042 1977
55008 1460
55206 1469
70917 1200
87797 1994
84765 1015
73503 1102
51289 1414
74204 1628
59507 1229
55464 1363
74706 1404
76679 1165
52233 1616
77325 1221
67367 1107
58384 1584
74182 1892
92796 1615
74268 1471
82174 1999
53889 1385
80493 1215
67993 1993
50883 1097
50148 1565
72429 1787
77272 1679
85761 1670
88422 1013
95936 1335
85559 1837
75303 1311
95486 1647
98139 1212
88504 1534
78669 1204
78939 1778
54263 1145
69935 1410
89640 1836
53482 1086
97045 1868
88339 1108
80876 1763
87492 1034
54251 1763
87574 1453
84373 1652
52774 1398
57262 1299
53093 1571
54587 1546
76635 1977
99114 1654
88107 1839
61479 1364
94018 1347
57657 1180
53135 1445
56190 1927
64422 1835
89712 1364
90425 1102
74862 1662
57401 1019
97645 1665
60716 1536
88858 1484
86778 1967
82987 1406
85696 1277
71907 1810
85857 1471
93570 1852
53622 1906
63317 1236
54965 1623
50979 1923
85636 1372
53078 1017
74140 1637
69079 1180
83369 1841
88977 1737
95790 1824
81619 1377
93587 1171
69889 1714
60913 1785
86501 1882
66995 1540
81931 1930
98821 1138
55673 1125
89606 1171
69647 1818
96647 1575
61175 1806
62776 1096
77337 1870
73306 1585
95704 1248
50848 1774
80918 1609
67996 1740
84520 1628
63204 1706
71083 1333
79507 1500
64466 1124
99413 1786
60213 1050
93134 1781
51505 1291
52748 1122
86204 1782
72888 1019
82125 1457
63955 1693
96225 1698
62876 1221
79602 1128
70916 1627
82055 1179
77401 1565
81328 1924
52643 1580
97739 1242
82025 1961
58784 1323
57953 1859
64008 1736
52188 1132
97124 1787
59625 1471
96314 1031
50776 1731
99402 1817
99335 1090
63469 1874
65739 1544
98252 1782
79689 1509
94838 1296
58742 1822
80580 1345
69219 1256
72613 1061
94708 1096
96762 1639
65042 1946
55262 1407
89080 1639
53768 1581
98044 1879
79784 1744
97891 1968
50556 1617
84776 1411
91542 1311
55149 1454
82775 1124
78828 1896
59340 1681
64500 1350
53581 1704
88188 1036
72668 1047
84696 1924
52110 1228
92823 1157
72211 1014
52228 1160
82631 1646
60643 1813
95861 1454
63036 1044
83364 1639
54155 1006
79124 1454
88814 1303
63482 1637
68730 1328
62680 1076
69550 1996
89722 1590
91164 1689
66898 1027
80182 1779
76815 1687
58016 1677
51775 1729
70592 1990
86634 1967
56216 1083
69335 1806
59519 1130
85621 1445
72900 1123
61988 1661
79456 1574
68599 1018
94288 1562
65757 1841
86090 1102
55629 1079
92502 1861
94536 1234
71316 1920
74807 1548
67350 1092
52356 1543
68441 1417
80189 1301
84753 1615
82409 1731
328 328 328 328 391 391 0 0 0 0 57 57 57 0 0 0 0 0 0 0 0 0 0 396 396 396 82 82 82 180 180 0 0 0 0 0 0 307 307 307 39 39 39 0 0 0 0 0 0 0
0 0 0 391 391 0 0 0 0 0 0 57 0 0 0 0 0 0 0 0 0 0 0 396 396 396 264 207 82 180 180 281 281 281 281 0 0 307 307 307 39 0 0 0 358 0 0 0 172 0
0 0 87 87 0 0 126 0 0 0 0 57 0 0 0 0 0 0 124 124 124 12 12 12 12 396 264 207 207 121 121 281 397 397 397 0 171 171 261 261 340 0 0 358 358 0 0 0 172 172
174 174 87 87 0 0 126 293 293 293 293 293 0 0 0 399 0 0 370 370 124 12 12 12 12 264 264 207 207 121 121 320 265 279 397 154 171 171 261 261 340 0 0 358 308 308 17 17 172 172
174 174 87 4 4 4 126 126 293 293 0 0 0 0 399 399 92 92 370 370 124 74 74 74 345 345 345 250 250 121 320 320 265 279 397 154 154 154 40 340 340 0 0 0 308 308 17 17 172 172
174 174 87 182 4 4 26 26 26 344 0 0 0 0 399 0 0 92 92 92 92 74 290 91 91 91 345 250 250 121 320 136 265 279 397 397 154 154 40 40 0 0 0 0 312 312 312 17 0 0
10 10 238 182 182 26 26 344 26 344 254 0 0 0 0 0 0 92 270 270 270 290 290 91 91 120 345 250 209 209 209 136 265 279 279 279 154 154 40 40 0 0 0 0 167 312 312 17 17 0
10 105 238 77 182 77 26 344 344 344 254 1 1 1 0 0 0 339 270 290 290 290 288 91 120 120 291 250 209 28 28 136 136 36 279 95 95 15 15 15 15 15 245 0 167 167 167 0 0 0
10 105 238 77 77 77 275 186 186 254 254 1 1 1 0 0 0 339 270 270 270 31 288 91 133 120 291 291 291 28 28 36 36 36 130 95 95 15 61 15 15 367 245 245 245 0 0 0 0 0
0 105 238 275 275 275 275 186 186 254 254 190 190 190 65 65 339 339 33 31 31 31 288 288 133 120 360 360 347 347 28 36 130 130 130 301 61 61 61 367 367 367 352 352 0 0 0 0 0 0
0 105 105 275 275 310 310 299 299 254 254 165 165 190 65 65 339 339 33 31 31 31 288 108 133 133 360 360 347 347 7 93 93 301 301 301 383 383 302 302 125 352 352 352 11 11 0 20 20 0
0 338 310 310 310 310 299 299 253 165 165 165 165 165 80 65 353 33 33 31 240 240 163 108 157 157 157 113 113 113 7 93 93 93 301 301 383 383 302 302 125 352 352 352 11 11 11 20 20 0
0 338 338 338 198 198 198 371 253 253 253 295 355 355 80 353 353 381 381 156 240 240 163 108 108 157 157 113 113 113 7 7 385 385 385 383 383 125 125 125 125 348 348 348 348 257 257 257 257 257
0 338 338 338 198 198 198 371 19 215 215 295 295 355 80 353 353 381 381 156 156 156 163 163 146 9 138 138 113 113 234 234 385 385 385 385 335 342 342 342 342 241 241 348 348 348 53 53 53 263
325 325 325 334 200 200 371 371 19 215 215 206 295 355 80 305 305 305 305 269 156 156 384 384 146 9 9 138 138 234 234 234 282 319 319 335 335 346 346 346 241 241 241 139 139 394 394 53 53 263
0 0 325 334 334 200 200 247 19 19 206 206 206 355 350 350 305 305 305 269 269 384 384 384 146 216 9 216 138 205 234 282 282 319 18 18 335 335 375 346 346 346 241 55 139 394 394 329 0 263
0 0 0 0 334 334 34 247 247 247 206 206 81 81 35 350 350 318 269 269 379 379 379 384 146 216 216 216 138 205 205 282 282 319 18 18 359 359 375 375 375 55 55 55 139 189 329 329 0 263
0 0 196 196 196 334 34 247 247 79 79 149 149 81 35 204 204 318 318 16 379 84 84 248 248 248 248 216 64 64 205 205 292 292 292 359 359 359 251 251 251 304 304 280 280 189 232 329 0 0
0 0 0 30 196 34 34 247 79 79 49 149 149 81 35 35 204 318 318 16 379 84 84 6 248 248 248 101 64 64 193 193 193 292 292 390 390 390 251 251 251 304 304 280 280 189 232 329 286 0
0 30 30 30 30 373 128 128 188 188 49 21 21 21 21 204 204 318 318 16 16 16 16 6 86 86 86 101 101 193 193 58 58 292 292 148 390 390 390 62 62 62 62 62 189 189 232 232 286 0
0 30 30 373 373 373 128 128 188 188 49 49 21 22 22 22 233 233 32 32 242 242 242 6 6 6 86 101 101 43 193 58 58 148 148 148 218 218 309 309 244 244 283 283 283 283 286 286 286 0
0 0 0 0 97 97 97 97 314 314 202 202 311 311 387 22 233 233 32 32 242 242 123 123 123 134 134 134 43 43 43 43 58 323 323 323 159 218 309 309 244 244 283 283 283 283 336 336 41 41
0 0 0 0 185 185 185 183 183 314 314 202 311 311 387 387 233 233 32 32 123 123 123 123 123 134 153 153 43 43 43 85 323 323 323 361 159 218 176 176 176 42 42 42 60 60 336 336 41 41
0 0 185 185 185 52 185 183 183 314 314 202 311 311 311 387 357 357 132 132 50 210 210 213 134 134 153 153 386 386 386 85 349 349 252 361 159 159 112 176 176 214 214 42 60 60 60 0 0 0
0 0 0 389 389 52 155 155 155 314 314 202 289 289 289 289 357 357 132 132 50 210 213 213 134 134 98 98 363 386 85 85 349 349 252 361 361 159 112 112 112 214 214 42 60 60 60 0 0 0
0 0 0 389 389 52 52 155 155 155 300 202 289 289 289 289 357 29 29 29 50 210 213 276 276 276 276 98 363 386 249 252 252 252 252 400 117 117 228 228 221 221 208 208 208 260 47 47 0 0
0 0 0 0 306 306 306 306 300 300 300 45 45 90 90 90 29 29 29 324 50 50 27 297 297 377 98 98 363 386 249 249 249 249 252 400 117 117 228 228 221 221 208 260 260 260 47 47 0 0
229 229 0 0 0 0 306 306 145 145 145 45 45 90 94 94 294 324 324 324 50 50 27 297 297 377 377 377 363 199 362 76 76 76 400 400 170 117 117 393 393 150 150 150 150 0 0 0 0 0
229 100 100 0 51 51 51 306 306 287 145 145 145 90 94 94 294 294 294 337 147 147 27 297 297 372 372 199 199 199 362 76 106 76 88 88 170 236 236 152 393 393 226 277 277 187 187 0 0 0
229 100 100 100 51 51 118 118 118 287 287 287 25 25 255 255 255 255 337 337 147 147 27 297 70 372 372 372 199 199 362 106 106 76 88 88 170 236 236 152 152 152 226 277 277 187 187 223 223 223
229 100 100 100 51 51 178 178 118 127 127 127 25 175 255 255 255 255 337 337 315 315 369 369 70 70 70 372 199 199 362 106 106 106 88 66 170 351 351 351 366 366 226 226 226 223 223 223 223 0
0 0 0 0 0 0 0 178 178 127 127 127 25 175 354 354 321 321 46 315 315 315 369 369 369 227 227 227 227 362 362 83 106 106 66 66 170 351 351 351 351 366 366 366 225 225 68 0 0 0
143 0 0 0 0 0 0 0 178 48 48 48 175 175 354 354 321 46 46 63 63 63 369 369 222 222 222 222 220 220 220 83 83 83 66 230 141 141 141 109 109 109 366 366 225 68 68 0 262 0
143 212 271 271 271 271 0 0 0 48 48 217 217 217 274 321 321 46 46 63 63 63 115 115 115 115 222 181 181 220 102 102 83 83 230 230 141 141 141 109 109 109 109 268 225 68 262 262 262 0
143 212 212 271 271 271 0 194 194 48 48 217 274 274 274 274 392 392 46 63 129 129 129 129 322 211 211 181 181 220 102 102 83 376 230 230 141 141 14 14 14 14 109 268 225 262 262 0 0 0
0 0 212 271 89 89 151 151 194 48 38 135 135 164 164 164 164 392 46 46 129 129 129 129 322 211 211 181 5 296 296 296 376 376 343 343 235 298 298 298 298 168 168 268 225 262 0 0 0 0
0 0 212 89 89 89 151 151 194 38 38 135 135 164 164 164 164 392 392 392 96 96 96 322 322 322 224 224 5 331 331 296 376 343 343 235 235 298 298 56 56 168 380 268 0 0 0 0 0 2
0 195 195 0 0 0 0 332 38 38 38 259 259 259 259 259 259 75 203 203 203 96 96 161 161 161 224 224 5 331 331 331 374 374 374 235 235 201 201 56 56 168 380 380 380 380 266 2 2 2
0 195 0 0 388 177 332 332 137 104 104 104 104 259 259 75 75 75 327 327 203 96 96 161 24 24 224 224 5 71 71 71 374 374 59 13 67 67 201 201 258 258 258 365 365 365 266 266 382 382
0 195 0 388 388 177 332 332 137 137 104 44 44 285 285 285 75 75 75 327 99 99 273 24 24 224 224 116 116 71 237 71 374 59 59 13 13 67 67 0 0 0 258 258 317 365 266 266 382 382
0 0 0 388 177 177 110 239 239 137 104 44 44 285 356 285 327 327 327 327 99 99 273 273 273 246 246 116 116 0 237 237 237 59 59 59 13 158 158 158 0 0 0 0 317 317 317 103 72 0
0 0 0 0 110 110 110 239 239 54 54 278 278 356 356 119 119 119 119 99 99 0 0 0 0 246 246 0 0 0 237 237 237 140 140 140 140 158 364 364 364 364 0 0 333 333 317 103 72 0
0 0 0 0 110 110 110 0 272 54 54 278 278 356 142 142 173 119 119 119 99 99 0 0 114 114 246 0 0 0 0 0 0 0 219 378 378 378 69 69 0 0 0 0 333 333 317 103 72 0
0 0 0 0 110 0 0 0 272 272 73 73 278 142 142 142 173 256 256 0 0 0 0 114 114 114 114 0 0 0 0 0 0 0 219 219 219 378 69 69 191 0 0 0 0 398 398 103 72 0
0 0 0 0 0 0 0 0 272 272 73 73 73 73 73 142 173 173 256 0 0 0 0 0 0 0 0 0 0 0 122 122 0 0 219 219 219 166 69 69 191 0 191 0 0 398 398 72 72 0
0 0 0 0 0 0 0 0 169 169 341 341 341 160 179 179 173 173 256 0 368 368 0 0 0 0 0 192 0 0 122 122 162 162 8 8 166 166 69 69 191 191 191 0 0 398 398 0 0 0
0 0 231 231 231 0 0 0 169 169 341 330 160 160 179 179 179 368 368 368 368 368 0 0 0 0 192 192 0 122 122 122 243 162 8 8 166 166 166 0 0 0 191 191 0 326 398 3 3 3
313 231 231 231 0 0 395 78 78 330 330 330 160 160 131 131 179 179 179 368 197 0 0 0 0 0 0 192 192 192 284 284 243 162 8 111 111 0 0 0 0 0 0 0 0 326 326 3 3 3
313 313 313 303 0 0 395 395 78 316 316 160 160 160 131 131 107 144 197 197 197 0 0 0 0 0 0 23 23 284 284 243 243 267 267 111 111 0 0 0 0 0 0 0 37 37 326 3 184 184
313 313 313 303 303 303 303 395 78 316 316 107 107 107 107 107 107 144 144 144 0 0 0 0 0 0 0 23 23 23 284 284 284 267 267 0 0 0 0 0 0 0 0 0 37 37 326 184 184 184
