50 400 20
93910 1522
50467 1260
78959 1976
57179 1570
76768 1260
99146 1829
50654 1267
75584 1206
71080 1894
63096 1338
76932 1998
74649 1065
79012 1415
67824 1570
79346 1239
94298 1964
86359 1963
57624 1638
71456 1009
53798 1338
64047 1883
67819 1230
57545 1676
84809 1602
97953 1457
56315 1819
90751 1683
56070 1673
98061 1771
98288 1855
80851 1593
72335 1524
57262 1214
64651 1553
78129 1034
98164 1253
59530 1020
79072 1588
80628 1903
60041 1716
71120 1193
92885 1271
95833 1490
91728 1032
99487 1616
79087 1842
98449 1279
59329 1903
88175 1063
82205 1924
69820 1241
67911 1524
78163 1356
62883 1832
62400 1550
59254 1281
99076 1730
91650 1139
96679 1049
64520 1822
59122 1889
95549 1934
88576 1300
88100 1162
92397 1993
78343 1591
79747 1637
70502 1437
75627 1126
94633 1130
59428 1670
79581 1777
67309 1717
94547 1146
97208 1024
99314 1684
98842 1076
54522 1458
85600 1851
54846 1177
59874 1725
77823 1249
82416 1531
61873 1211
54219 1335
93137 1463
58180 1567
97779 1131
91564 1090
62983 1559
71839 1656
74001 1391
82295 1970
91606 1448
80208 1491
64961 1158
61427 1573
83295 1682
98666 1367
72072 1443
69633 1969
69900 1656
96422 1573
55335 1121
71258 1139
93747 1221
96851 1890
51117 1842
77156 1887
65773 1528
79747 1183
64469 1875
52467 1322
99099 1194
87425 1220
61405 1975
87736 1800
87230 1285
88812 1399
57751 1471
74752 1770
72170 1838
71010 1344
70366 1964
76345 1430
97134 1229
86330 1378
55649 1314
97450 1811
56921 1912
81220 1386
53632 1655
76132 1058
58159 1931
79495 1227
65905 1438
64961 1536
85181 1029
71808 1163
58948 1140
63201 1855
77721 1877
72438 1468
94520 1420
68944 1431
88958 1913
70885 1973
85252 1496
64187 1321
98910 1400
65296 1430
77451 1706
82263 1792
82380 1323
69909 1914
78037 1592
71405 1232
52443 1018
84423 1649
90390 1581
75376 1843
86678 1220
87762 1605
82342 1915
66277 1211
82551 1444
72629 1473
93138 1816
53120 1377
94933 1418
88587 1214
63522 1895
52877 1786
64119 1744
60113 1932
62920 1673
56580 1294
59324 1453
80646 1074
79187 1487
88638 1087
82727 1567
97077 1843
64440 1205
85383 1803
67823 1431
66214 1269
95570 1182
97733 1499
76586 1956
86812 1819
77531 1104
97372 1605
71835 1972
92542 1283
73854 1385
78616 1073
62259 1008
86941 1046
65459 1648
67661 1273
59033 1143
89172 1036
87958 1117
94548 1777
67471 1565
76853 1492
96653 1057
60147 1633
71337 1327
94057 1947
95210 1418
61186 1590
99588 1212
67413 1497
75110 1270
52681 1686
65679 1201
86052 1149
73769 1876
92581 1109
81273 1491
70982 1509
64502 1468
50097 1006
99816 1410
91048 1283
72588 1414
85377 1088
52052 1683
80168 1943
65258 1636
96331 1619
56520 1748
58114 1536
70754 1463
87123 1545
50462 1679
77619 1164
64228 1653
88939 1283
70696 1063
70376 1294
55160 1527
75146 1451
99497 1683
80642 1289
57093 1518
68911 1429
97332 1167
68831 1830
71767 1698
98858 1429
99322 1839
54867 1564
50370 1663
79899 1318
79131 1445
68970 1600
91587 1456
95625 1335
94637 1424
78809 1717
82878 1753
99708 1997
76389 1927
93455 1222
51146 1152
55274 1180
84128 1572
60639 1528
78986 1746
59969 1751
69101 1829
71168 1981
99226 1146
62401 1564
98452 1756
52392 1408
69164 1363
75183 1239
75338 1752
93886 1539
52387 1838
70004 1194
57197 1560
91156 1841
99379 1601
65126 1061
85869 1684
91388 1203
58032 1187
90467 1161
63789 1604
96126 1905
75825 1345
91636 1356
85720 1671
67907 1900
73066 1197
84436 1638
66288 1932
58032 1531
86975 1722
100000 1143
56100 1728
70058 1270
50801 1840
87214 1412
54654 1814
60750 1979
67797 1396
86087 1363
53731 1806
58702 1435
56633 1631
60749 1253
62531 1688
72860 1910
97861 1018
61053 1432
67063 1021
67087 1964
74512 1640
70614 1191
74949 1936
69930 1280
98131 1043
73067 1216
54870 1356
51838 1319
72458 1035
68462 1633
89729 1911
67128 1204
77693 1094
72287 1047
85450 1440
58954 1992
65406 1313
52165 1263
66775 1920
66881 1946
58198 1839
79064 1272
95442 1823
96872 1861
93288 1525
94768 1487
87961 1352
92613 1699
72379 1282
67518 1203
83639 1375
85584 1329
76309 1453
99596 1620
56564 1067
71780 1743
96020 1810
55323 1830
74968 1529
55252 1837
67299 1618
77228 1226
86983 1893
92959 1864
51570 1498
58201 1041
71723 1642
85516 1452
61487 1147
56316 1065
59782 1696
61176 1841
72360 1351
63321 1304
55878 1950
58161 1379
88641 1407
94499 1049
69583 1526
56742 1011
81021 1233
57844 1116
56356 1693
88575 1552
55858 1669
86399 1148
84789 1542
88891 1120
59844 1143
92236 1649
96497 1202
66079 1562
60198 1757
99362 1688
74315 1786
72209 1512
95329 1445
195 195 0 0 0 0 0 0 0 0 0 0 0 0 0 0 0 0 0 0 0 0 0 0 0 0 0 0 0 242 242 242 146 146 364 364 0 0 0 74 74 59 59 59 59 0 0 0 0 0
195 195 0 60 60 294 0 0 0 0 0 0 0 0 0 0 0 0 0 0 0 0 0 0 0 0 0 0 0 0 242 242 146 146 364 364 0 0 0 74 74 59 59 59 367 0 0 285 285 272
217 217 217 60 60 294 0 365 0 0 0 0 94 1 1 1 0 0 0 0 0 0 0 0 0 0 0 0 0 66 66 242 0 0 0 0 0 0 0 0 0 0 0 98 367 367 367 285 285 272
0 0 217 217 294 294 365 365 0 0 235 0 94 1 1 1 0 207 207 207 0 0 105 105 105 105 0 0 0 0 66 101 101 0 0 0 0 360 360 360 360 0 0 98 98 98 90 90 272 272
0 0 0 0 0 202 365 75 75 0 235 94 94 1 124 124 378 378 207 337 337 337 105 105 105 395 395 0 138 288 66 66 101 0 69 69 69 196 201 360 360 0 0 117 117 0 90 0 0 0
0 155 252 252 252 202 365 75 75 0 235 235 94 124 124 124 378 378 207 337 11 113 113 100 100 395 395 0 138 288 288 288 101 178 178 196 69 196 201 120 120 334 104 117 117 0 90 0 0 0
155 155 252 345 345 202 359 261 261 261 261 261 33 33 33 33 280 280 337 337 11 113 113 100 100 395 395 138 138 338 157 157 157 178 178 196 196 196 201 120 120 334 104 104 89 0 0 0 0 0
155 155 345 345 345 202 359 359 359 261 261 261 382 382 280 280 280 280 231 231 11 307 307 100 121 274 274 171 171 338 338 338 157 54 54 147 147 196 201 58 334 334 104 104 89 89 89 89 0 0
155 155 345 345 202 202 256 359 359 359 206 382 382 380 380 181 181 280 231 231 11 307 307 219 121 121 274 274 171 338 183 183 159 54 54 147 147 201 201 58 58 58 104 89 89 89 0 0 0 0
45 45 256 256 256 256 256 308 308 206 206 106 380 380 380 181 181 127 127 393 219 219 219 219 219 121 385 385 171 171 183 183 159 159 249 249 249 249 25 25 84 84 104 357 357 357 357 0 0 0
45 45 87 87 256 256 258 308 308 206 206 106 209 380 380 7 7 127 127 393 393 393 262 262 385 385 385 326 326 326 34 263 263 159 377 377 377 25 25 62 84 84 104 357 284 284 386 386 386 0
45 45 87 87 258 258 258 308 308 308 106 106 209 209 209 209 7 7 244 244 244 393 393 262 385 385 344 344 344 326 34 263 263 112 112 377 377 377 62 62 84 41 41 0 284 284 386 386 386 386
45 45 259 259 259 229 238 238 238 308 255 247 247 49 49 49 49 7 264 244 244 393 262 262 169 169 344 344 344 326 34 34 34 270 112 112 282 282 62 62 62 41 0 0 0 284 333 333 0 0
0 0 0 259 259 229 229 229 238 255 255 247 247 49 114 114 114 264 264 244 244 393 2 169 169 169 92 92 92 92 270 270 270 270 190 190 282 282 63 63 63 41 0 0 0 333 333 0 0 0
0 0 0 259 259 259 213 182 182 255 318 318 318 49 49 114 114 264 64 362 362 362 2 2 2 2 67 67 221 221 154 270 293 293 190 190 128 128 63 63 63 63 304 0 0 0 0 0 0 0
0 0 172 172 213 213 213 182 182 255 255 318 318 216 216 110 64 64 64 245 362 362 37 37 37 67 67 188 221 221 154 293 293 340 340 128 128 73 73 63 304 304 304 0 0 0 0 0 0 0
0 0 172 143 95 16 16 16 16 255 255 318 318 216 216 110 64 245 245 245 129 129 37 37 67 67 67 188 188 221 154 271 14 14 340 340 73 73 73 248 0 304 304 0 0 0 0 0 0 0
0 0 172 143 95 95 95 16 16 325 325 325 325 216 110 110 64 158 158 119 129 129 136 32 277 277 188 188 188 221 154 271 14 14 340 340 343 343 248 248 0 0 0 0 0 0 239 239 251 0
0 384 143 143 260 260 95 16 48 48 48 215 215 215 215 204 204 158 158 119 136 136 136 32 277 277 15 188 188 221 154 271 271 297 297 297 343 343 248 186 186 186 186 269 0 0 239 251 251 0
384 384 384 260 260 260 290 290 290 48 48 335 363 215 215 215 204 204 119 119 180 180 180 32 86 86 15 15 15 27 27 27 237 237 297 297 297 248 248 70 70 70 70 269 0 0 239 251 0 0
384 384 384 260 260 260 290 290 335 335 335 335 363 363 363 296 296 119 119 80 180 180 115 32 32 86 86 15 185 27 237 237 237 348 348 198 198 198 160 70 70 381 381 269 269 152 152 152 0 0
0 0 0 234 234 234 234 290 335 335 233 233 363 363 200 296 296 296 80 80 115 115 115 148 148 331 331 214 185 185 185 237 237 348 348 198 134 134 160 160 160 381 381 314 314 314 152 152 152 0
0 5 5 5 234 234 234 324 324 9 9 233 363 363 200 200 200 175 80 175 312 312 312 148 148 331 331 214 214 214 185 351 351 351 351 4 134 134 93 374 374 381 141 314 122 122 0 0 0 0
161 161 5 165 165 324 324 324 9 9 9 233 311 311 352 200 200 175 175 175 312 312 312 135 135 331 331 214 214 214 99 99 99 99 351 4 4 4 93 93 374 381 141 122 122 122 0 0 0 0
161 161 5 165 225 324 324 392 392 392 392 233 311 311 352 352 352 137 175 175 156 306 306 135 135 135 354 354 370 370 370 46 99 99 351 223 223 93 93 374 374 381 141 141 122 122 0 0 19 19
161 305 305 165 225 225 126 392 126 392 392 199 311 42 132 132 137 137 56 56 156 306 306 306 218 218 354 354 298 370 370 46 99 223 223 223 276 93 301 267 267 29 29 109 109 109 0 167 167 19
161 305 305 305 225 300 126 126 126 77 77 199 42 42 132 132 137 56 56 56 156 125 125 91 91 218 218 354 298 370 302 46 349 349 349 349 276 301 301 267 267 29 29 20 109 109 109 167 167 19
161 358 305 305 225 300 254 254 254 77 77 199 42 42 132 168 168 56 56 56 156 125 125 91 91 241 218 218 298 298 302 46 111 111 85 85 276 276 301 301 97 97 29 20 20 20 81 0 0 0
358 358 305 309 300 300 254 254 192 192 77 199 50 50 243 168 168 52 52 52 30 163 163 91 91 241 218 279 302 302 302 46 111 111 111 85 85 368 13 301 97 97 97 341 341 341 81 0 0 0
358 358 309 309 250 250 38 38 192 192 372 372 50 50 243 168 319 319 52 52 30 163 387 387 241 241 218 279 279 302 302 193 193 111 111 368 368 368 13 13 97 97 203 203 341 341 81 81 0 0
358 358 309 187 250 250 38 227 227 227 227 372 372 226 243 243 243 319 319 319 30 163 170 387 31 31 31 31 279 279 193 193 193 328 191 191 191 191 13 13 13 97 203 203 391 341 0 0 0 0
187 187 187 187 133 133 38 227 174 227 227 372 372 226 226 36 36 319 319 319 30 30 170 387 31 57 31 236 236 279 164 164 328 328 328 328 61 61 61 342 342 177 203 203 391 0 0 0 0 0
187 389 389 389 133 133 174 174 174 227 83 24 372 226 226 36 36 36 36 51 51 51 170 387 387 57 236 236 279 279 164 164 328 108 273 273 355 355 61 342 177 177 203 203 391 0 0 0 0 0
389 389 0 0 0 133 133 316 83 83 83 24 372 22 317 317 317 323 323 51 51 51 170 57 57 57 107 107 396 153 383 383 328 108 273 273 355 355 376 342 177 295 295 295 391 390 0 166 166 0
0 0 0 0 0 0 133 316 316 347 347 24 24 22 317 162 162 162 323 323 179 179 179 373 17 17 107 107 396 153 383 383 328 108 72 10 10 291 376 376 376 295 295 295 390 390 390 166 166 0
55 0 0 0 0 0 53 316 316 347 88 88 88 22 329 329 162 162 151 179 179 373 373 373 17 17 107 107 396 153 153 153 108 108 72 10 291 291 82 82 283 283 283 283 398 398 390 0 0 0
55 55 55 0 327 327 53 53 53 347 88 22 22 22 329 329 162 162 151 373 373 373 322 322 322 322 23 23 396 396 292 153 292 292 72 10 291 291 82 82 0 283 283 283 398 398 390 0 0 0
123 123 0 0 0 327 43 53 53 347 347 130 130 130 130 12 12 212 151 44 44 44 44 78 145 145 23 23 96 96 292 292 292 292 72 72 26 26 71 71 0 0 0 0 398 398 0 0 0 0
123 123 0 0 0 327 43 43 43 43 281 281 281 281 281 12 12 212 151 44 379 379 78 78 145 145 303 96 96 369 369 265 265 265 265 26 26 71 71 71 0 0 0 0 0 0 0 0 0 0
388 388 0 0 0 330 330 43 43 43 142 142 142 142 361 12 212 212 212 400 379 379 78 78 303 303 303 208 208 369 369 369 197 197 197 286 71 71 0 0 0 366 366 0 131 131 399 399 0 0
388 388 0 0 0 330 330 330 173 173 173 139 40 40 361 361 28 28 212 400 321 321 321 321 303 303 356 208 208 369 299 299 197 21 21 286 210 210 39 39 39 366 366 131 131 131 399 399 149 0
79 79 3 3 0 330 330 330 266 266 173 139 139 40 361 28 28 28 212 400 400 268 268 220 356 356 356 102 102 299 299 299 76 21 21 286 210 210 39 228 228 103 310 310 224 131 131 131 149 149
79 79 3 3 3 3 289 289 266 266 173 266 139 40 361 28 28 28 212 315 205 268 268 220 356 356 356 102 102 102 102 76 76 21 286 286 246 246 246 228 228 103 103 310 224 240 0 0 0 149
79 79 176 176 176 176 289 287 287 266 266 266 139 232 65 65 253 253 315 315 205 205 205 220 220 278 356 278 194 194 102 76 339 21 286 286 353 246 246 140 0 103 103 310 224 240 240 240 0 149
0 0 35 35 176 176 289 287 287 118 118 139 139 232 65 65 65 253 315 0 205 205 205 397 397 278 278 278 194 194 394 339 339 339 346 346 353 353 313 140 0 0 0 0 224 240 240 240 0 149
0 0 35 35 230 230 230 222 287 118 118 118 232 232 116 116 65 253 253 0 0 0 0 397 397 350 278 278 194 194 394 339 339 339 346 346 189 353 313 140 0 0 0 0 6 6 6 6 0 149
0 0 0 0 230 230 230 222 222 222 257 257 0 0 116 116 68 68 68 0 0 0 0 397 397 350 350 350 350 394 394 320 320 320 189 189 189 313 313 140 0 0 0 0 0 371 371 0 0 0
0 0 0 0 0 336 0 0 222 222 257 257 0 211 211 68 68 68 68 0 0 0 0 0 397 0 0 0 0 150 150 320 184 184 184 184 332 332 144 140 0 0 0 0 0 371 371 47 375 0
0 0 0 0 336 336 0 0 0 0 0 0 0 211 211 18 18 8 8 0 0 0 0 0 397 0 0 0 0 150 150 275 275 184 184 184 332 332 144 140 0 0 0 0 0 0 371 47 375 375
0 0 0 0 336 336 336 336 336 0 0 0 0 0 0 18 18 8 8 0 0 0 0 0 0 0 0 0 0 150 150 275 275 184 144 144 144 144 144 140 0 0 0 0 0 0 47 47 47 375
