50 400 20
71038 1289
82467 1332
91148 1874
96877 1072
66217 1196
59278 1269
83838 1179
84355 1805
54590 1382
84410 1663
73154 1686
79489 1692
65237 1217
72919 1939
62158 1705
80442 1654
81589 1018
61243 1586
50060 1163
96540 1582
92758 1739
99272 1641
59094 1499
77255 1648
83263 1562
83204 1519
99693 1744
84959 1670
73289 1347
99562 1161
51249 1673
70662 1467
66873 1920
54067 1936
94146 1164
79745 1967
89347 1899
84433 1250
63100 1507
85278 1641
97364 1858
94405 1753
64712 1358
65095 1866
51484 1882
54796 1418
63029 1775
74417 1732
88030 1774
76361 1365
87161 1386
59583 1323
89769 1985
76661 1896
75048 1202
75756 1088
94996 1369
70930 1280
63063 1308
82518 1018
78981 1025
68759 1826
76671 1239
83892 1332
95456 1561
63026 1945
66754 1269
64187 1783
53308 1794
94546 1802
62306 1798
93330 1590
63929 1661
81740 1611
73890 1798
61831 1174
60007 1171
81132 1245
96327 1913
80397 1769
65029 1154
88412 1346
61688 1649
61744 1646
95439 1530
58541 1434
79499 1346
94521 1147
78167 1115
54968 1084
76663 1342
91424 1382
84594 1042
96717 1968
94947 1817
65885 1343
64929 1669
86870 1597
51334 1534
57967 1437
75361 1361
84969 1840
57384 1467
73891 1537
83567 1875
57345 1332
90045 1819
81463 1572
64227 1994
58896 1419
52906 1739
90338 1926
93733 1334
51344 1054
83744 1686
89904 1484
52080 1588
68535 1822
60286 1888
89850 1984
97253 1353
51759 1162
96884 1695
91476 1771
90351 1603
57598 1495
64212 1111
64612 1637
83599 1260
85615 1971
57938 1013
59750 1405
86067 1409
93816 1610
81468 1996
68555 1198
69222 1239
75664 1279
77552 1841
59677 1267
83410 1322
53091 1934
51601 1625
88682 1835
68003 1025
90144 1798
83707 1150
57952 1715
66532 1990
79769 1843
65381 1323
61866 1575
61089 1671
79982 1664
71560 1141
99095 1739
84461 1799
95364 1037
54131 1981
95445 1065
90087 1443
94937 1019
59329 1352
76254 1684
59302 1723
57768 1304
75491 1206
69614 1943
61209 1290
68340 1469
94703 1650
88105 1340
93439 1834
98435 1039
87676 1139
73443 1012
77178 1450
92478 1246
57411 1120
98941 1565
61591 1411
63797 1484
52753 1599
95542 1337
77443 1039
60712 1285
53808 1445
60099 1356
57674 1748
65545 1091
78161 1242
65780 1091
90516 1862
50307 1232
90186 1241
59023 1611
65619 1599
61732 1011
66917 1432
82638 1366
80863 1486
75071 1115
73255 1557
81797 1587
88964 1147
84300 1959
88968 1577
74455 1861
80576 1830
85268 1709
83862 1156
68693 1835
66046 1175
74672 1415
84304 1592
52835 1627
57461 1428
53211 1601
73128 1488
89443 1850
65250 1291
90474 1118
53372 1623
89287 1744
84315 1105
83550 1778
61871 1841
54311 1807
86549 1836
59914 1206
61602 1878
67086 1839
80782 1521
50926 1109
82135 1923
80717 1743
88572 1461
65673 1040
99909 1674
85391 1381
87480 1813
92951 1509
76291 1084
69218 1370
99569 1372
97923 1300
82263 1938
80046 1489
84303 1752
70099 1765
70917 1875
67465 1801
87118 1671
55415 1651
60175 1297
61465 1357
51042 1415
56172 1494
58998 1329
83530 1362
52186 1106
86990 1504
86702 1312
67586 1781
53286 1018
51507 1162
98806 1345
66414 1213
98589 1029
89182 1770
82360 1625
85523 1190
63646 1677
99825 1650
70403 1234
79442 1603
89247 1162
64981 1013
68196 1507
79227 1822
61638 1175
73422 1155
59173 1745
70264 1754
81353 1552
73506 1279
69763 1069
80334 1112
70708 1333
59237 1290
75217 1070
53470 1066
68336 1821
95229 1755
51942 1763
95747 1493
77388 1422
53507 1715
76322 1194
84055 1627
53238 1600
56408 1460
78923 1842
72243 1426
99203 1159
65644 1838
64385 1430
62449 1407
90872 1787
87634 1641
68992 1758
80694 1852
81425 1970
87443 1065
55711 1208
78373 1657
72838 1721
69957 1584
67826 1247
82084 1969
98581 1632
79923 1273
94762 1899
50133 1294
59718 1526
80786 1745
55087 1434
94857 1664
52568 1374
79745 1600
74367 1877
80509 1801
60434 1713
88040 1322
83930 1109
91994 1128
87614 1749
80541 1670
68993 1912
97196 1249
99624 1646
99810 1128
72014 1426
98666 1581
57057 1499
92367 1122
51386 1421
63580 1045
62277 1890
95700 1670
70885 1535
53265 1402
82403 1704
95051 1772
98225 1111
60887 1254
89915 1312
62215 1488
92728 1948
68647 1295
70483 1274
67928 1904
70475 1618
59884 1148
81993 1224
99270 1764
62300 1987
61141 1820
67000 1949
70097 1690
78368 1284
75737 1844
81251 1504
54248 1992
71122 1224
96620 1144
52851 1023
85284 1932
56179 1455
55581 1234
81467 1959
51887 1766
77071 1661
88896 1112
56851 1872
62359 1365
50028 1046
83683 1781
83298 1919
92127 1317
79420 1822
88146 1560
57166 1616
99476 1580
99976 1491
81761 1049
77487 1678
86155 1980
89721 1491
95833 1141
29 29 29 29 43 43 67 67 67 0 0 0 0 0 0 0 0 0 0 0 0 14 14 0 0 0 145 145 145 11 0 0 0 0 0 0 0 0 0 0 0 0 0 0 0 0 0 0 0 0
0 0 0 0 0 43 43 153 67 0 0 0 63 63 0 0 0 0 0 0 0 14 14 231 231 0 145 138 145 11 286 286 286 0 160 160 160 160 160 0 0 0 0 0 0 0 0 0 0 0
0 0 0 0 97 97 97 153 67 98 98 0 63 63 62 62 62 234 234 234 348 348 231 231 231 138 138 138 145 11 11 286 286 139 139 139 139 169 169 0 0 0 0 0 0 0 400 400 0 0
0 0 0 0 0 97 97 153 153 98 98 0 0 0 62 182 182 234 234 348 348 287 231 289 289 138 232 232 300 300 11 141 141 337 337 337 139 169 202 202 115 115 115 0 378 378 400 110 0 110
0 327 327 0 0 100 100 153 153 306 101 101 89 89 89 89 182 182 269 269 326 287 287 289 266 266 232 232 300 300 141 141 337 337 337 337 139 398 202 202 96 96 115 0 378 378 400 110 110 110
0 327 327 0 0 100 100 223 153 306 306 101 89 304 89 89 182 182 269 326 326 287 287 289 266 266 266 307 307 300 227 152 152 152 152 398 398 398 202 56 56 96 0 0 378 378 0 0 0 0
0 0 285 0 0 223 223 223 153 306 306 101 89 304 304 204 269 269 269 326 326 133 37 37 266 237 237 237 307 307 227 227 65 65 398 398 398 13 13 56 56 96 0 0 378 30 0 0 0 0
0 0 285 0 0 0 0 6 6 306 306 207 207 235 304 204 204 269 269 133 133 133 37 37 120 120 237 237 344 344 151 227 65 65 339 339 13 13 196 196 44 44 0 0 230 30 245 245 0 0
355 355 285 0 0 0 6 6 6 6 207 207 207 235 229 229 204 146 133 133 133 133 37 200 120 349 349 349 344 344 151 65 65 65 339 339 178 178 196 44 44 44 230 230 230 30 245 245 0 0
355 355 285 278 278 278 6 6 124 124 124 207 207 235 229 204 204 146 146 146 150 150 150 200 120 356 356 349 344 344 151 151 228 88 88 339 178 178 196 394 394 44 230 230 30 30 0 0 0 0
0 0 0 278 103 103 167 167 167 167 124 124 124 235 229 334 334 146 146 146 146 52 150 200 356 356 356 82 82 82 228 228 228 88 88 368 335 335 196 394 394 0 0 0 0 0 0 0 0 0
0 0 0 0 103 103 93 93 167 167 167 179 179 229 229 334 334 190 190 190 190 52 52 200 356 78 78 82 164 164 147 368 368 368 368 368 318 335 335 108 108 0 263 263 361 3 3 350 350 0
0 0 0 0 0 0 93 93 93 233 233 179 179 61 61 334 279 190 190 45 52 52 52 85 78 78 78 78 164 164 147 147 368 318 318 318 318 108 108 108 108 263 263 263 361 3 3 350 350 0
0 0 0 0 0 33 33 33 80 233 233 179 179 61 61 61 279 190 190 45 52 206 206 85 85 242 242 242 219 219 147 147 368 2 2 2 2 87 87 87 87 25 25 361 361 3 350 350 0 0
0 0 0 390 390 33 282 282 80 80 80 179 70 70 70 61 279 279 279 45 45 206 206 85 85 85 242 242 219 219 57 57 57 57 2 283 283 95 95 25 25 25 25 117 117 117 350 350 280 280
0 0 177 390 390 282 282 282 328 328 31 31 70 70 20 61 303 303 303 303 45 45 206 203 203 203 242 242 219 226 226 343 272 272 272 283 283 95 95 95 12 12 257 257 117 117 187 187 280 280
0 0 177 177 177 274 274 274 328 328 31 31 224 70 20 20 20 49 303 303 45 299 203 203 195 195 121 121 333 226 226 343 343 343 272 283 283 95 210 210 12 12 22 257 117 117 187 187 280 280
0 0 162 162 177 274 184 184 38 38 38 17 224 224 224 49 49 49 303 303 299 299 323 203 195 121 121 333 333 333 333 391 391 364 364 364 296 296 210 210 22 22 22 257 362 362 362 362 280 280
0 0 162 162 24 24 184 184 38 38 38 17 17 224 109 109 49 49 180 180 299 299 323 323 195 84 84 333 333 333 32 391 391 364 396 396 296 296 296 210 210 22 341 341 362 0 0 0 0 0
0 131 297 297 24 24 24 143 143 5 5 5 17 109 109 250 49 49 180 15 15 323 323 323 248 154 84 84 84 172 32 32 198 198 396 359 359 359 210 210 320 320 341 341 362 0 0 0 0 0
0 131 131 297 336 336 336 336 143 143 5 5 316 264 264 250 250 180 180 15 15 323 346 346 248 154 154 172 172 172 32 32 267 198 396 359 359 144 144 320 320 320 320 341 341 357 357 0 0 0
0 131 131 297 399 375 375 375 375 375 5 316 316 264 264 250 369 369 165 165 165 165 346 346 248 248 154 154 34 34 34 267 267 198 198 359 83 144 265 320 128 128 128 341 357 357 357 71 71 0
0 365 365 399 399 375 375 10 10 375 7 316 316 316 316 250 369 369 165 66 66 16 16 64 64 248 154 154 175 175 34 267 218 218 208 208 83 144 265 265 265 28 128 341 385 385 385 9 71 0
0 0 365 399 50 50 50 10 10 7 7 393 393 236 76 76 135 135 135 135 66 66 16 130 64 64 183 183 175 247 247 267 218 218 208 208 83 171 171 171 171 28 28 28 28 28 385 9 71 0
0 0 365 53 53 50 50 363 10 7 393 393 236 236 76 76 360 360 360 360 284 284 16 130 64 64 183 183 175 247 247 267 397 397 208 208 83 241 1 1 171 171 171 28 28 385 385 9 9 0
40 40 365 53 53 50 50 363 176 176 176 185 236 236 371 371 371 366 366 366 284 284 284 130 130 271 183 183 183 247 81 81 397 397 374 374 241 241 1 345 345 345 345 345 345 322 322 322 9 0
40 40 365 387 387 387 363 363 176 176 176 185 48 48 371 371 371 381 366 366 284 284 284 354 354 271 271 271 81 81 81 81 397 156 374 374 241 241 1 239 239 345 119 119 345 322 382 382 0 0
40 40 365 387 387 387 363 363 363 176 176 185 48 48 48 381 381 381 312 312 301 301 161 161 354 271 271 271 271 81 81 156 156 156 36 36 241 260 260 239 239 119 119 119 209 209 209 382 382 0
0 0 0 0 387 155 155 193 193 193 193 185 48 48 48 310 381 381 262 312 301 301 161 161 354 114 114 4 4 4 291 291 291 298 36 373 373 373 260 260 132 132 119 119 261 261 209 252 252 0
0 0 0 0 155 155 155 0 193 193 193 253 253 254 254 310 381 381 262 312 188 188 161 330 330 114 114 4 4 4 291 291 298 298 36 373 137 137 137 137 132 132 159 159 261 209 209 252 252 0
125 275 275 0 0 0 0 0 253 253 253 253 254 254 254 310 310 310 262 262 188 188 330 330 330 114 114 311 311 353 353 122 298 122 36 36 137 137 140 140 140 158 159 159 261 105 105 0 0 0
125 275 275 68 51 0 0 0 295 295 142 142 142 142 273 273 302 310 309 262 188 188 330 330 330 114 114 311 311 353 353 122 122 122 112 216 137 18 18 140 251 158 159 159 159 105 105 0 0 0
125 125 275 68 51 380 380 380 380 295 295 295 142 142 273 302 302 41 309 262 262 377 377 377 377 181 181 181 8 8 353 122 112 112 112 216 137 18 18 140 251 158 158 123 123 388 388 168 0 0
321 321 347 68 51 51 352 352 352 352 59 59 142 142 273 302 41 41 309 163 163 377 377 377 377 181 201 8 8 199 46 46 46 225 225 216 216 251 251 251 251 174 174 123 123 388 388 168 0 0
321 321 347 68 60 60 72 72 72 352 59 59 90 90 173 173 41 102 309 163 163 281 281 281 194 194 201 201 199 199 46 47 47 47 225 225 217 251 251 221 221 174 174 123 123 338 338 168 0 0
321 347 347 68 60 60 215 215 72 340 90 90 90 173 173 42 42 102 102 102 102 281 194 194 194 149 149 201 199 99 99 47 47 214 255 255 217 217 290 221 221 221 221 91 338 338 338 168 0 0
0 0 0 0 0 0 215 215 215 340 340 340 340 340 340 42 42 102 102 258 258 258 194 324 324 324 149 201 199 99 99 372 214 214 255 293 293 217 290 290 290 221 221 91 91 91 0 0 0 0
0 392 392 0 0 0 118 118 166 270 270 270 270 292 340 42 42 134 134 258 376 376 331 324 23 23 149 199 199 113 113 372 372 214 255 255 293 293 315 290 290 259 259 136 136 136 136 305 305 305
0 392 392 118 118 118 118 118 166 243 243 243 243 292 292 104 104 134 134 376 376 376 331 23 23 23 54 54 54 113 113 113 372 214 129 129 129 315 315 313 290 259 259 259 136 136 136 305 0 0
0 392 392 0 0 0 0 0 166 166 222 222 222 386 292 386 104 104 383 383 383 331 331 331 331 23 54 54 54 86 113 211 211 129 129 129 129 315 315 313 313 259 189 189 189 189 189 0 0 0
0 0 0 0 0 0 332 332 332 166 222 222 0 386 386 386 104 104 383 383 383 383 107 331 331 23 54 86 86 86 191 191 211 211 211 157 94 94 94 313 313 220 189 0 0 189 189 0 0 0
0 0 0 0 0 0 0 0 332 166 166 222 0 0 0 126 126 126 126 126 126 107 107 116 116 23 170 170 170 170 170 191 191 395 395 157 94 319 74 74 220 220 220 220 0 0 0 0 0 384
0 0 0 0 0 0 0 0 0 0 0 0 0 197 197 249 126 294 294 294 294 107 107 116 192 92 170 170 170 0 0 0 395 395 395 157 319 319 74 74 74 74 220 220 277 277 0 384 384 384
0 0 0 0 0 268 0 0 0 0 0 351 351 197 197 249 249 249 249 367 367 367 116 116 192 92 92 92 0 0 0 0 0 0 212 157 319 69 69 39 39 39 277 277 277 277 79 79 27 27
0 0 0 308 268 268 317 317 0 0 0 351 351 0 197 249 249 288 249 367 367 367 0 116 192 0 0 0 0 0 342 342 212 212 212 157 157 69 69 314 314 39 0 0 0 0 79 79 27 27
0 389 325 308 268 317 317 317 317 238 238 238 238 0 0 288 288 288 0 21 21 186 0 0 192 0 0 0 0 0 342 342 212 55 55 55 55 69 69 69 314 314 0 0 0 329 329 329 213 27
389 389 325 308 268 317 106 106 73 370 370 370 0 0 0 0 288 288 0 21 21 186 186 0 192 192 0 0 0 127 127 127 75 75 111 111 55 244 244 77 26 26 240 240 0 329 329 0 213 27
389 389 325 308 268 0 106 106 73 379 379 370 0 0 0 0 288 148 0 21 21 186 186 0 0 0 0 0 0 358 358 127 75 75 111 111 244 244 244 77 26 26 240 240 0 0 0 0 213 213
58 58 325 0 0 0 19 19 73 379 379 379 205 0 0 148 288 148 0 21 21 186 186 256 0 0 0 0 0 358 358 358 358 358 0 0 246 244 244 77 77 276 0 0 0 0 0 0 0 0
58 58 325 325 325 0 19 19 73 379 205 205 205 0 0 148 148 148 0 256 256 256 256 256 0 0 0 0 0 35 35 35 35 0 0 0 246 246 246 276 276 276 0 0 0 0 0 0 0 0
