50 400 20
92193 1007
52820 1858
66704 1906
96827 1757
71417 1667
57026 1915
68009 1137
62052 1166
91832 1651
58612 1562
58105 1661
70624 1712
51335 1460
92804 1982
70586 1045
58323 1319
50486 1234
66234 1099
69870 1123
90637 1159
52130 1642
55500 1899
80333 1938
89751 1662
89283 1745
97884 1851
94936 1996
78375 1463
68904 1282
91762 1967
73433 1471
71265 1970
78662 1164
87738 1629
55715 1195
52431 1369
63104 1623
53621 1014
63616 1057
65075 1519
96556 1322
69210 1482
93724 1024
60629 1101
81554 1087
94013 1403
89271 1771
62206 1460
70002 1809
83074 1686
80667 1949
67493 1318
66490 1705
77919 1776
73435 1661
54838 1561
66236 1970
76998 1442
67221 1084
85773 1547
71080 1415
87582 1964
62348 1864
55669 1432
80297 1000
78331 1856
67854 1909
91318 1970
57947 1493
55863 1144
71116 1292
53109 1221
55209 1965
88501 1422
98221 1143
61388 1752
84811 1960
83426 1487
61660 1397
90463 1349
75778 1196
64527 1059
85587 1823
62431 1582
61859 1275
93122 1634
93279 1286
83761 1351
85253 1378
85778 1015
63311 1217
67942 1496
84549 1252
55074 1029
54337 1574
64875 1006
67872 1235
75872 1343
80366 1185
59492 1025
81486 1181
78465 1054
89746 1363
80678 1239
62499 1301
62406 1880
90721 1203
54740 1278
71669 1952
55349 1376
61963 1576
56247 1054
79124 1559
86772 1258
96977 1678
82671 1717
51839 1869
53952 1351
51883 1990
97982 1194
53315 1473
79440 1099
77419 1357
56568 1113
95566 1152
72593 1351
63094 1004
59264 1438
68568 1443
74996 1735
67277 1742
89332 1427
93589 1447
78543 1032
55951 1891
81218 1032
65864 1717
65914 1877
85176 1202
52610 1472
78688 1909
81261 1457
68584 1417
51466 1983
87818 1870
84120 1347
62771 1132
61163 1238
91858 1081
90503 1856
72415 1365
77210 1229
65468 1149
56964 1698
63624 1706
86007 1097
68435 1187
86018 1614
97180 1644
80867 1934
66079 1742
74324 1003
92878 1535
91804 1988
59364 1774
79068 1800
94885 1144
92815 1876
69109 1932
68319 1093
95474 1792
76934 1169
86258 1290
66949 1836
93776 1044
90470 1259
90122 1031
50225 1431
53135 1527
62183 1696
57605 1661
99054 1875
75486 1382
84877 1944
60719 1851
63794 1054
53829 1220
95163 1640
67535 1222
92031 1582
62324 1472
66296 1004
73659 1728
98045 1329
93391 1410
96811 1905
86648 1244
91525 1802
93344 1652
95879 1611
86596 1019
50041 1313
95338 1688
65008 1098
55627 1309
52180 1862
66748 1503
85140 1230
58336 1483
76973 1541
53524 1333
64315 1778
89790 1060
95851 1162
81547 1470
73305 1632
68802 1892
72731 1604
73985 1905
68807 1575
50682 1747
82105 1186
91852 1137
82724 1377
90610 1954
93982 1417
96633 1477
59983 1452
83112 1564
89514 1835
54173 1671
63194 1595
98011 1029
75750 1847
50845 1811
57109 1539
56242 1532
62290 1510
86033 1100
92229 1284
94111 1197
60380 1476
78839 1068
66627 1115
79056 1210
75784 1790
58195 1459
79248 1769
91487 1237
78865 1181
63829 1859
78320 1936
75055 1552
75210 1893
52008 1447
52141 1846
76333 1603
50316 1249
55390 1456
61110 1054
51466 1896
55319 1979
85895 1783
94552 1736
76742 1233
94646 1750
92659 1712
94077 1812
75048 1885
99183 1072
77111 1315
51390 1103
92105 1341
68632 1247
50389 1944
97341 1501
85484 1930
81095 1124
64889 1794
84351 1556
85745 1747
75419 1299
52245 1193
73847 1163
80325 1869
93646 1522
52197 1008
89734 1399
68637 1382
52055 1264
95795 1016
78282 1876
78399 1027
76002 1315
97698 1813
74201 1576
55569 1491
84587 1841
96097 1754
84038 1554
72185 1180
57663 1718
98126 1639
71468 1759
68133 1060
97733 1969
50958 1500
50690 1808
78619 1360
59754 1067
92572 1476
76503 1900
94278 1704
50226 1022
67436 1511
67700 1356
94342 1425
94500 1094
99268 1083
68226 1537
80541 1401
57044 1324
78349 1072
58534 1724
88896 1606
54126 1945
91157 1940
88460 1440
98430 1400
88817 2000
55086 1458
94684 1991
58702 1706
51506 1312
81173 1121
92715 1226
59558 1160
90254 1121
69530 1035
55657 1603
80789 1634
58091 1333
62655 1067
87755 1928
81017 1035
72330 1069
76046 1169
90755 1988
92106 1703
51521 1740
80514 1943
95530 1208
90046 1987
97530 1374
60724 1521
56496 1430
96271 1530
76100 1342
99179 1727
90425 1962
89010 1060
99926 1052
78862 1556
64569 1491
94555 1060
94951 1911
59464 1167
72019 1990
90325 1811
94109 1831
84005 1478
71938 1886
71561 1964
95653 1144
70464 1054
75825 1368
86198 1733
80914 1204
51434 1126
81615 1549
61747 1437
59284 1344
81879 1192
66354 1491
78362 1023
57959 1088
68098 1998
74125 1569
84609 1001
58676 2000
95102 1614
55157 1393
75172 1652
75163 1747
59586 1214
79344 1554
68919 1910
55746 1339
73246 1246
75833 1525
134 134 0 0 0 0 0 0 0 377 377 377 377 377 0 94 94 301 301 88 88 0 0 0 0 0 0 0 0 0 0 0 0 0 0 0 0 0 0 0 0 331 331 331 63 63 63 0 78 78
134 134 0 190 36 36 36 71 71 71 71 319 377 377 0 94 94 301 301 88 88 0 165 165 0 240 240 0 0 0 0 0 0 0 212 212 0 0 0 0 0 331 331 331 63 144 144 0 0 78
115 115 0 190 36 336 336 259 259 233 233 319 319 319 0 0 94 94 9 9 88 165 165 37 240 240 240 0 0 0 167 0 0 0 212 334 277 277 0 0 0 72 72 192 192 144 144 0 0 78
115 115 180 190 76 336 336 259 340 233 233 316 316 316 316 316 67 9 9 137 224 37 37 37 240 240 240 119 0 0 167 167 18 212 212 334 277 277 0 0 162 162 72 72 192 144 297 0 232 232
180 180 180 190 76 259 259 259 340 340 233 233 233 347 347 347 67 67 67 137 224 224 224 119 119 119 119 119 0 167 167 167 18 18 18 334 155 237 237 162 162 75 75 157 192 214 297 297 232 232
180 140 140 190 76 135 135 135 340 340 366 366 366 347 347 67 67 67 137 137 372 372 224 224 339 339 339 339 223 242 242 242 18 18 18 334 155 237 237 162 75 75 157 157 157 214 297 297 232 232
180 140 140 190 76 135 323 323 323 340 340 366 366 347 367 367 367 67 137 372 372 1 1 89 89 89 223 223 223 242 242 242 18 386 386 155 155 187 187 280 229 249 249 249 157 214 306 306 232 232
0 0 0 0 0 135 323 279 279 84 310 310 358 358 358 358 367 137 137 372 372 372 1 1 89 89 166 166 193 193 242 242 386 386 386 155 187 187 280 280 229 229 229 249 0 214 306 306 0 0
0 0 0 0 0 380 380 279 279 84 310 310 87 87 87 70 70 70 70 372 274 274 274 272 272 272 166 166 193 193 176 265 265 386 226 110 110 335 280 280 0 0 0 0 0 0 0 0 0 0
0 0 0 0 0 380 380 50 84 84 310 310 321 87 87 276 276 276 276 276 276 276 274 272 101 101 101 47 47 176 176 265 265 265 226 110 110 335 335 280 280 0 0 0 0 0 0 0 0 0
0 0 398 0 20 50 50 50 149 149 57 57 321 321 321 321 160 160 181 266 266 16 16 19 101 66 66 66 47 176 176 203 203 203 226 211 83 83 335 335 335 0 0 121 275 275 196 196 196 196
0 0 398 104 20 20 20 20 149 149 57 57 321 156 156 321 160 160 181 181 266 16 19 19 101 118 66 66 47 176 176 25 203 203 226 211 83 83 335 335 107 0 0 121 121 275 132 132 0 196
398 398 398 104 38 123 123 123 159 159 109 109 321 156 364 364 364 10 10 181 266 16 19 19 101 118 118 118 256 256 25 25 203 203 211 211 83 83 107 107 107 270 270 270 121 275 132 132 0 0
398 398 104 104 38 123 108 159 159 11 109 290 290 156 364 186 186 10 10 181 16 16 16 19 101 284 284 43 43 256 25 25 25 25 86 86 387 387 267 267 170 170 270 270 121 0 0 0 0 0
208 208 198 198 38 123 108 11 11 11 109 290 290 156 364 186 186 186 186 181 16 326 326 217 217 284 284 43 43 256 147 147 147 86 86 86 387 387 267 267 170 170 270 270 0 0 388 388 85 85
208 208 198 198 38 38 108 108 171 171 290 290 320 156 369 389 186 186 239 239 239 326 326 217 354 354 318 318 318 271 271 374 147 147 158 86 387 387 387 267 170 170 170 0 0 252 388 388 85 0
0 0 0 164 164 164 108 108 171 46 46 290 320 369 369 389 111 111 239 239 127 127 326 217 168 354 354 318 271 271 374 374 307 158 158 158 158 68 68 154 311 311 311 252 252 252 185 0 85 0
0 0 164 164 262 164 108 171 171 46 46 320 320 369 389 389 111 111 111 201 127 127 326 217 168 246 318 318 271 100 100 374 307 307 307 206 206 68 68 154 122 122 311 252 98 252 185 0 0 0
0 0 0 0 262 262 262 79 171 46 46 320 322 322 322 322 322 111 111 201 201 333 326 168 168 246 246 246 44 100 100 374 250 285 62 206 206 62 154 154 122 51 51 51 98 98 185 0 0 0
0 0 148 148 96 96 96 79 79 46 169 293 2 2 55 55 55 77 333 333 201 333 264 264 142 142 142 246 44 44 250 250 250 285 62 62 62 62 351 154 122 51 51 51 59 98 185 0 0 0
0 0 0 148 148 96 96 283 79 46 169 293 2 2 55 77 77 77 333 333 333 333 264 264 142 103 103 230 230 44 213 285 285 285 23 251 178 178 351 351 385 385 51 51 59 59 13 13 0 0
0 0 172 172 148 96 96 283 79 79 169 293 2 2 231 231 77 77 77 3 3 145 145 113 113 103 103 103 230 230 213 213 213 23 23 251 178 178 178 351 351 385 385 99 59 59 13 13 257 257
0 0 328 172 4 337 337 283 79 79 169 293 293 231 231 314 314 314 77 3 3 145 145 113 113 103 103 7 7 230 213 362 23 23 350 251 251 178 178 351 351 26 385 99 33 58 13 13 257 257
0 0 328 172 4 337 337 283 349 349 349 231 231 231 231 314 116 379 379 3 384 384 117 117 117 92 289 7 7 362 362 362 23 23 350 93 93 178 332 332 26 26 99 99 33 58 58 58 41 257
0 0 328 247 4 4 342 349 349 349 349 261 261 392 392 392 116 379 384 384 384 384 356 356 117 92 289 289 49 49 49 49 173 350 350 350 93 357 332 332 26 26 99 99 33 58 58 58 41 41
0 0 328 247 247 247 342 342 342 342 342 261 261 392 219 219 116 379 384 39 39 39 356 356 179 92 92 289 289 173 173 173 173 350 350 350 93 357 54 14 14 14 14 99 33 300 300 300 41 41
0 0 328 200 200 200 200 288 288 382 382 382 382 382 219 116 116 245 245 39 34 34 34 344 179 179 92 17 17 17 138 209 357 357 357 357 357 357 54 54 54 54 54 99 383 300 300 300 41 41
0 0 0 28 114 114 200 288 0 382 0 382 382 163 219 215 215 245 245 74 74 34 34 344 344 179 92 17 17 17 138 209 209 209 40 378 378 378 391 391 391 391 391 105 383 383 383 73 73 73
0 0 0 28 114 114 200 288 0 0 0 0 400 163 219 215 215 56 56 74 74 34 32 32 344 179 92 227 17 138 138 305 305 305 40 40 40 378 292 292 391 391 391 105 105 222 222 73 0 0
0 235 235 28 0 114 114 0 0 0 0 0 400 163 163 390 390 56 56 97 97 34 32 32 216 216 216 227 138 138 305 305 305 305 152 152 112 112 292 292 292 292 292 105 105 69 222 73 0 0
0 235 235 28 0 0 0 0 0 0 0 400 400 15 15 390 199 199 373 97 97 97 32 32 216 216 227 227 138 131 131 131 273 273 152 152 112 112 24 24 24 24 304 304 376 69 222 73 73 73
286 286 0 0 0 0 0 0 0 0 0 0 0 15 15 390 199 199 373 97 353 97 32 32 216 315 315 315 12 12 12 131 273 273 273 152 343 343 24 136 102 102 304 304 376 69 395 395 0 0
286 286 0 0 0 0 0 0 0 0 143 143 15 15 390 390 390 269 373 324 353 394 394 394 325 315 65 65 35 12 12 131 131 194 194 152 343 343 24 136 102 102 189 304 376 69 395 395 0 0
286 286 0 0 0 0 5 184 0 143 143 143 361 361 390 269 269 269 373 324 353 394 394 394 325 315 65 35 35 12 151 131 131 194 194 218 343 343 136 136 253 253 189 189 376 31 31 395 395 0
0 0 0 0 0 5 5 184 0 0 371 361 361 393 393 393 393 303 303 324 353 370 394 394 325 325 65 35 48 151 151 151 126 194 194 218 218 343 343 130 130 253 189 189 317 317 31 395 0 0
0 0 0 0 0 5 184 184 0 371 371 361 95 95 95 128 393 393 303 324 348 370 370 370 42 42 42 35 48 48 48 151 126 126 126 375 218 299 299 130 130 253 90 90 317 317 31 395 0 0
0 0 0 0 0 0 294 184 0 371 371 0 95 95 128 128 360 360 303 324 348 348 370 341 42 42 53 53 53 53 363 363 126 126 375 375 375 299 299 130 130 253 90 90 317 317 317 317 0 0
0 0 0 0 0 0 294 355 355 355 241 0 95 95 128 360 360 360 303 303 303 348 370 341 341 53 53 21 21 21 287 363 126 126 375 327 327 299 299 45 45 295 295 295 295 295 153 0 0 0
0 282 282 0 0 294 294 365 365 355 241 0 0 0 0 0 0 360 0 0 330 330 330 330 341 53 53 21 21 352 287 363 141 141 375 327 327 338 299 45 45 312 312 312 312 295 153 195 0 0
0 282 282 0 0 294 294 365 365 365 241 241 241 291 0 0 0 0 0 177 234 234 234 52 52 52 52 352 352 352 287 363 363 141 141 202 263 338 45 45 312 312 188 188 188 153 153 195 195 195
0 282 207 207 207 294 205 205 191 191 6 241 241 291 0 0 0 0 177 177 177 254 234 60 52 52 197 210 210 210 287 363 329 329 329 202 263 338 338 381 312 312 188 188 129 129 161 195 195 195
0 0 22 22 207 294 205 205 81 191 6 291 291 291 0 0 0 0 0 0 177 254 254 60 60 60 197 210 210 210 221 363 329 329 202 202 263 396 338 381 381 308 188 129 129 161 161 195 313 313
0 0 22 22 22 27 27 205 81 191 6 150 150 278 278 0 0 0 0 120 120 302 254 254 197 197 197 210 345 345 221 221 221 221 202 263 263 396 338 338 381 308 188 8 8 161 0 313 313 0
0 0 30 22 22 27 236 236 81 6 6 150 0 278 278 0 0 0 0 120 120 302 302 254 197 61 61 61 345 345 221 221 225 225 225 263 396 396 82 338 106 308 124 8 8 161 0 0 313 0
0 0 30 30 27 27 236 236 81 91 346 150 0 0 0 0 0 0 120 120 120 302 302 197 197 61 61 61 80 80 221 255 255 225 225 397 397 82 82 106 106 308 124 8 182 182 0 0 0 0
139 0 0 30 27 27 236 220 81 91 346 346 0 0 0 0 0 64 64 244 244 244 125 125 146 146 146 0 80 80 255 255 0 0 0 397 397 82 82 106 29 29 124 124 182 182 298 298 174 174
139 139 258 258 0 0 0 220 91 91 268 346 346 0 359 0 64 64 244 244 244 244 125 125 146 146 146 0 0 0 255 255 0 0 0 0 204 368 368 368 29 29 124 124 248 248 298 298 174 174
139 139 258 258 0 0 0 220 220 220 268 346 0 0 359 359 309 309 309 133 133 0 0 0 0 0 238 238 238 0 0 0 0 0 0 0 204 368 368 368 368 175 124 248 248 0 0 0 0 0
0 0 258 260 260 260 0 220 228 228 268 0 0 0 359 0 0 309 309 133 133 0 0 0 0 0 238 238 0 0 281 0 0 0 0 0 204 399 399 296 368 175 175 175 248 0 0 183 0 0
0 0 258 260 260 260 0 0 228 228 268 0 0 0 359 359 0 0 133 133 133 0 0 0 0 238 238 238 281 281 281 0 0 0 0 204 204 399 399 296 296 296 296 243 243 243 243 183 183 183
