50 400 20
89459 1634
73947 1443
74253 1234
93762 1593
60403 1540
56698 1621
82915 1136
79106 1362
97458 1243
60290 1448
99494 1171
59847 1036
80425 1558
59995 1556
79498 1310
82259 1386
98884 1121
83191 1251
99757 1583
68872 1727
88553 1828
91468 1551
91530 1365
83231 1026
79256 1665
64866 1112
64064 1901
84507 1217
55886 1147
87121 1473
84835 1142
95867 1129
86853 1555
71041 1338
98481 1780
92279 1627
60320 1628
98199 1200
92730 1219
74348 1906
51848 1791
62147 1599
97507 1076
69121 1853
89918 1771
68383 1429
92038 1150
60082 1094
74366 1865
96924 1752
99305 1946
72333 1848
69250 1647
61802 1115
61748 1258
68324 1084
61011 1824
79291 1936
65330 1816
56084 1560
54606 1463
52542 1126
64937 1792
72552 1471
96632 1013
97974 1171
89366 1963
69014 1425
74112 1593
78933 1084
85460 1704
95725 1882
83057 1760
53591 1786
62279 1458
86728 1808
59471 1156
86211 1004
80416 1799
59813 1991
81454 1346
67322 1587
61438 1072
71499 1281
70868 1932
53526 1117
70484 1694
71589 1710
95023 1557
69116 1350
56642 1804
66613 1381
57231 1393
87730 1255
75437 1415
83668 1430
89313 1648
98172 1567
94570 1198
78645 1846
80612 1536
84106 1898
62831 1998
65741 1923
65332 1324
56959 1304
82360 1549
97695 1821
88636 1873
90993 1840
60881 1570
64702 1476
90329 1532
84055 1656
70759 1282
74550 1649
59910 1039
52698 1471
67752 1744
92512 1022
94520 1617
90059 1255
57144 1443
59278 1027
91093 1086
66812 1300
50549 1197
55462 1619
76818 1812
59917 1115
84010 1908
75061 1019
65797 1440
59881 1430
82746 1278
98490 1845
83375 1619
88627 1665
74366 1057
97241 1579
82120 1367
53804 1371
85338 1644
79825 1727
90424 1428
63615 1571
66787 1786
56983 1789
65865 1501
69167 1028
55199 1470
90351 1969
83847 1305
98615 1104
53396 1074
97810 1225
65871 1538
84081 1246
87873 1936
74543 1260
93047 1330
83838 1310
85244 1233
72315 1866
61725 1220
95952 1774
86317 1765
63663 1799
75262 1699
67093 1371
82584 1933
92071 1647
74509 1215
68741 1937
95642 1255
78693 1754
82142 1623
89712 1011
87939 1629
83857 1827
68450 1526
81066 1210
97092 1205
83060 1836
65952 1274
67740 1942
83662 1518
58188 1811
65353 1252
89302 1240
99180 1577
84231 1339
89759 1868
69834 1781
63689 1108
96128 1841
68437 1615
87165 1322
76370 1620
93008 1429
86094 1841
64647 1305
65980 1432
56334 1397
68389 1283
95460 1175
95348 1790
66751 1652
71804 1222
77673 1155
53993 1776
74896 1006
83919 1414
99457 1845
57757 1212
87069 1404
56745 1021
62478 1322
68149 1926
92930 1851
53115 1934
67251 1732
83641 1750
66874 1064
92705 1116
69744 1388
85721 1534
50170 1694
89002 1588
98234 1178
80104 1605
58556 1871
71946 1796
55313 1655
97508 1943
71989 1035
90665 1693
68186 1980
62118 1246
50392 1949
70847 1561
92117 1976
98595 1174
98454 1997
71895 1739
58110 1257
90679 1204
50792 1514
74528 1986
51626 1135
94182 1825
83130 1950
87680 1421
82343 1491
61498 1945
97755 1620
81211 1951
94006 1908
88334 1344
68328 1957
56983 1358
54841 1353
64971 1923
64996 1864
52602 1184
67976 1887
51024 1784
91473 1162
92306 1361
59478 1334
65462 1073
66601 1493
63132 1188
80221 1986
91035 1752
98711 1112
55475 1065
51090 1629
60392 1624
98192 1322
94112 1850
80170 1169
94307 1874
95163 1928
75336 1129
89676 1222
56746 1945
81796 1000
98906 1802
70504 1592
79654 1758
81970 1515
75780 1311
55895 1105
68337 1224
59279 1441
81792 1608
91350 1603
69451 1028
58599 1967
88082 1451
95295 1409
91241 1877
71562 1723
83154 1224
63195 1069
98950 1890
81581 1175
93895 1896
52097 1210
86629 1823
63008 1611
95877 1993
51779 1601
79499 1549
81530 1316
75824 1204
75247 1607
55317 1847
51910 1585
81974 1146
95970 1977
64505 1190
58238 1147
68851 1733
72056 1003
56785 1960
96751 1674
52614 1589
62038 1609
90980 1771
50477 1874
50966 1398
57620 1541
58559 1843
73468 1281
71503 1722
88632 1572
85080 1731
71630 1488
56220 1448
68371 1792
97445 1581
52009 1447
50654 1404
78961 1339
72233 1608
70572 1855
91323 1415
53106 1870
95988 1728
98948 1682
71490 1340
82393 1897
75139 1723
97062 1506
93373 1986
72078 1097
82973 1368
60869 1466
78984 1377
89087 1553
94678 1605
80146 1745
98345 1364
57369 1392
68087 1332
80208 1240
93313 1376
69008 1899
92110 1823
73639 1333
66967 1603
52983 1986
83567 1890
54547 1742
55170 1915
72762 1308
56651 1571
72709 1685
67148 1011
61218 1183
99270 1130
89669 1605
74568 1178
58431 1012
78384 1037
59752 1180
62722 1293
60582 1263
59095 1355
70788 1708
56823 1474
97946 1974
92318 1876
73603 1127
54169 1591
72854 1553
97468 1161
80969 1417
0 0 342 342 342 0 0 0 185 185 0 0 0 0 0 0 0 0 0 106 106 106 158 158 0 0 0 0 291 291 0 0 0 62 62 114 114 181 181 181 350 350 350 350 0 0 0 0 66 66
0 0 342 7 7 0 0 0 185 185 0 0 276 0 0 0 0 0 0 106 106 106 54 158 158 158 279 0 291 291 291 62 0 62 114 114 340 181 181 181 350 292 0 0 0 0 0 0 0 66
0 0 0 0 7 7 391 391 391 391 391 0 276 0 303 0 0 0 0 277 106 106 54 158 158 158 279 0 318 318 318 62 62 62 264 264 340 340 271 271 350 292 292 292 0 0 0 0 0 66
143 143 143 9 9 194 194 391 17 276 276 276 276 57 303 0 242 242 0 277 277 54 54 85 85 85 279 279 318 318 68 312 312 312 264 264 51 340 271 271 0 0 0 0 0 0 0 0 0 31
143 143 143 9 364 194 194 17 17 276 276 57 57 57 303 0 242 242 0 0 277 54 54 85 85 85 85 279 68 68 68 68 312 312 155 155 51 51 51 271 0 0 0 0 0 373 373 0 0 31
0 0 61 9 364 70 70 17 356 356 356 303 303 303 303 0 257 0 0 0 0 225 225 225 225 393 393 393 393 127 127 127 127 127 155 155 51 51 51 0 0 0 0 0 0 373 373 160 31 31
0 0 61 61 364 364 70 309 356 356 356 164 164 164 257 257 257 0 0 0 0 209 209 209 209 84 84 368 368 217 217 127 127 127 333 333 333 333 0 0 0 0 0 0 0 0 373 160 160 0
0 61 61 61 398 364 70 309 309 356 224 164 351 16 16 16 390 390 390 390 71 71 71 71 316 84 84 368 368 217 217 189 189 189 288 288 288 0 0 0 0 130 0 0 0 0 0 160 160 0
0 0 0 0 398 227 227 227 309 224 224 224 351 351 351 16 207 207 207 390 12 12 12 316 316 316 368 368 368 217 189 189 111 189 111 111 288 79 79 79 79 130 130 130 213 0 0 160 0 0
299 0 0 290 398 398 227 227 184 224 224 224 351 351 23 23 207 207 35 35 35 35 12 316 316 316 300 300 138 110 189 189 111 111 111 97 288 252 252 161 161 161 15 15 213 0 0 88 88 88
299 290 290 290 0 0 0 184 184 36 224 83 83 83 23 23 23 98 136 136 308 35 35 35 197 248 300 138 138 110 110 110 111 111 97 97 97 252 252 367 161 161 15 15 213 213 213 213 213 88
299 299 299 299 0 0 0 184 184 36 36 83 83 83 83 83 250 98 136 136 308 308 197 197 197 248 300 138 138 179 179 110 93 93 97 97 97 252 252 367 161 137 137 306 306 306 306 306 0 88
0 0 0 0 0 199 0 56 56 56 36 36 134 395 395 250 250 98 98 98 98 308 197 197 197 248 14 14 304 304 179 110 93 93 93 139 139 252 367 367 161 297 137 154 154 0 0 0 0 0
0 0 0 0 199 199 0 0 56 56 36 134 134 395 395 250 250 196 196 98 98 308 197 90 90 248 14 14 304 304 179 110 93 93 93 139 139 372 372 372 372 297 137 154 154 0 0 0 0 0
0 0 199 199 199 199 199 361 361 56 191 134 147 147 395 395 395 196 196 196 196 118 99 99 90 90 175 175 175 175 179 179 296 296 172 172 172 113 113 353 353 297 3 3 3 3 0 0 0 298
0 0 283 283 200 200 315 315 361 361 191 147 147 147 370 370 120 120 120 144 144 118 99 99 90 90 246 109 109 109 100 100 296 296 172 172 172 113 113 353 353 297 3 103 103 3 0 0 298 298
133 133 283 283 200 200 315 315 361 191 191 147 147 147 370 370 120 120 120 144 118 118 99 99 246 246 246 109 109 109 100 100 165 165 165 172 347 347 38 38 38 91 103 103 0 0 0 0 298 298
133 0 283 283 328 200 200 315 173 173 191 107 1 389 389 389 389 120 120 144 118 118 99 99 352 352 246 195 195 116 100 100 165 30 20 172 347 347 38 81 81 91 314 314 314 0 0 58 58 58
133 0 283 376 328 328 328 29 173 173 107 107 1 389 389 389 305 305 305 144 118 19 19 272 272 352 352 195 195 116 100 30 30 30 20 73 73 73 38 81 81 91 314 314 148 192 192 58 379 379
0 0 283 376 124 124 384 29 29 29 107 1 1 389 266 305 305 27 27 74 74 19 19 19 272 272 272 195 116 116 30 30 30 5 20 20 20 73 135 135 135 91 148 148 148 192 192 58 379 379
0 0 0 376 124 124 384 384 29 29 107 220 220 266 266 266 305 305 27 74 74 365 365 159 272 272 115 115 115 21 30 324 324 5 228 26 26 26 26 135 135 382 382 148 148 192 192 192 192 0
0 0 235 376 124 149 384 384 64 64 220 220 220 266 266 341 141 141 27 27 74 365 365 159 193 193 115 115 21 21 21 21 324 5 228 240 240 240 240 135 135 382 382 148 229 229 72 72 72 0
0 235 235 149 149 149 384 384 64 64 145 220 220 338 338 341 141 141 27 27 169 169 169 159 193 289 289 381 381 381 354 354 324 5 228 157 240 240 240 67 67 67 294 229 229 294 241 241 72 0
0 235 11 11 25 25 25 25 282 282 145 397 400 400 338 341 341 45 45 45 169 360 360 159 193 289 289 381 381 381 354 354 324 5 228 157 240 216 216 222 222 67 294 294 294 294 241 241 72 0
0 11 11 11 22 22 22 25 282 145 145 397 400 400 338 341 341 45 45 169 169 360 360 396 231 231 289 96 96 381 381 223 5 5 157 157 216 216 216 267 222 146 146 146 146 0 166 166 166 166
0 11 263 263 263 263 22 206 282 145 145 397 400 397 397 341 126 37 37 37 396 396 396 396 396 231 289 96 96 96 270 223 5 287 287 287 60 60 267 267 222 383 251 40 40 0 0 0 0 0
0 11 162 162 260 260 206 206 256 256 59 397 397 397 334 334 126 126 37 37 37 10 10 10 231 231 289 270 270 270 270 223 223 287 287 60 60 211 267 267 222 383 251 40 40 0 0 0 0 0
0 0 162 162 325 260 260 206 208 256 59 59 366 182 334 334 334 126 385 385 37 280 280 10 231 231 104 104 274 265 265 223 223 46 234 234 211 211 267 267 78 383 251 251 40 174 358 358 214 214
0 0 325 325 325 325 186 206 208 256 59 59 366 182 75 75 75 75 385 385 385 129 280 280 280 231 104 104 274 265 265 223 46 46 234 234 211 211 55 55 78 383 383 383 174 174 358 358 214 214
0 0 0 226 226 186 186 121 208 208 208 167 366 182 182 75 75 75 385 385 87 129 129 129 280 258 258 274 274 265 265 265 46 310 310 211 211 55 55 69 78 349 355 355 174 174 0 0 0 0
0 0 125 226 226 186 121 121 344 167 167 167 366 182 182 182 363 75 76 76 87 87 87 18 18 18 258 33 33 327 327 335 335 310 219 377 377 55 55 69 78 349 355 355 0 0 0 0 0 0
0 0 125 125 125 121 121 121 344 320 320 320 320 363 363 363 363 319 76 76 284 284 284 18 18 18 258 33 33 327 327 335 335 310 219 219 377 55 55 69 69 349 355 355 0 0 232 232 0 0
0 0 132 132 132 132 132 121 344 152 152 320 320 245 245 319 319 319 13 284 284 284 284 188 188 188 188 371 371 117 117 117 117 210 210 219 377 377 377 377 69 349 82 82 0 0 0 232 0 0
0 0 0 346 132 357 132 344 344 152 152 320 320 245 245 215 215 13 13 13 123 123 323 188 188 188 371 371 108 108 278 278 117 117 210 210 210 32 32 32 32 349 82 82 0 150 150 232 232 232
0 0 0 346 346 357 332 332 332 332 295 295 295 221 221 215 215 198 198 13 123 123 323 323 323 371 371 108 108 101 278 278 301 301 322 210 210 32 44 44 44 44 44 0 0 150 150 232 261 261
0 0 0 0 346 357 230 230 394 295 295 49 221 221 183 183 183 198 198 13 50 50 323 323 119 119 190 190 190 101 101 336 336 301 322 322 307 307 212 44 44 65 65 131 150 150 150 150 261 261
244 0 0 0 0 357 230 230 394 253 253 49 49 49 128 128 183 198 198 198 86 50 386 163 119 119 190 190 190 101 101 336 336 301 322 322 307 307 212 239 239 24 65 131 131 131 177 177 261 261
244 244 313 313 0 34 230 394 394 253 253 247 247 247 128 187 362 362 362 362 86 50 386 163 330 330 387 190 190 89 89 336 336 301 301 331 307 212 212 239 24 24 65 329 131 177 177 177 321 321
244 244 313 313 313 34 230 42 253 253 205 247 247 247 128 187 362 77 86 86 86 386 386 163 163 330 387 387 28 89 89 336 153 236 301 331 331 239 239 239 24 168 168 329 329 329 177 177 321 321
52 52 313 313 313 34 34 42 253 253 205 205 205 8 8 187 187 77 86 369 369 140 140 140 163 330 387 387 28 28 28 336 153 236 236 331 331 254 254 24 24 24 168 168 329 329 329 329 321 321
52 52 52 52 399 399 42 42 238 238 205 205 281 281 8 8 77 77 86 369 369 140 163 163 163 330 330 330 151 151 28 153 153 236 236 331 331 254 254 254 249 249 168 168 0 0 0 0 0 0
0 0 202 255 255 399 42 238 238 171 171 205 281 281 63 63 311 311 311 311 311 140 140 359 392 330 203 151 151 293 293 293 218 218 218 218 331 254 254 254 249 249 168 0 0 0 0 0 0 0
0 0 202 255 255 399 92 92 171 171 273 273 273 273 63 63 311 311 43 170 170 359 359 359 392 392 203 203 293 293 293 317 317 95 204 204 269 269 269 269 0 0 0 0 0 0 0 0 0 0
202 202 202 0 0 0 92 92 112 112 112 112 4 4 53 63 43 43 43 170 122 122 122 122 392 392 233 203 0 0 0 317 317 95 95 204 204 0 0 262 262 0 0 343 343 343 343 374 374 0
202 202 202 0 0 0 92 0 102 102 102 339 4 4 53 268 94 94 94 170 105 105 285 285 392 392 233 233 0 0 0 41 41 95 95 259 259 0 0 262 262 0 48 345 345 343 343 374 374 0
0 0 0 0 0 0 0 0 102 102 102 339 4 53 53 268 94 380 380 380 105 105 285 285 142 233 233 237 0 0 0 41 201 95 201 259 259 0 0 0 48 48 48 345 345 345 345 0 0 0
0 0 0 0 0 0 375 375 102 388 388 339 339 53 268 268 6 380 380 0 0 0 142 142 142 142 237 237 0 0 0 41 201 201 201 259 259 0 0 0 286 48 48 345 345 178 178 0 0 0
47 0 0 0 0 0 375 375 2 2 388 388 339 180 180 180 6 0 0 0 0 0 378 142 275 237 237 237 0 0 0 337 201 201 326 326 326 0 0 0 286 286 286 0 0 178 178 0 0 0
47 47 156 0 0 156 39 39 39 2 2 339 339 180 180 180 6 6 0 0 0 0 378 378 275 275 275 243 0 0 176 337 337 337 176 326 326 0 0 0 0 0 0 0 302 302 178 348 0 0
47 47 156 156 156 156 156 156 39 0 0 0 0 80 80 80 80 0 0 0 0 0 0 378 243 243 243 243 243 0 176 176 176 176 176 326 326 0 0 0 0 302 302 302 302 348 348 348 0 0
