50 400 20
82311 1345
75784 1372
51788 1218
57362 1683
86712 1440
57311 1477
84845 1086
75114 1087
97342 1271
86429 1217
65305 1262
65162 1695
72658 1605
92188 1507
74478 1694
87146 1882
92926 1492
94579 1038
66437 1262
99012 1506
74921 1329
50774 1506
72551 1476
96567 1730
92156 1663
98777 1332
76226 1173
91133 1611
86578 1777
66575 1971
95492 1307
59320 1093
81046 1007
58226 1769
88429 1569
87340 1244
96479 1424
72361 1721
81972 1089
60918 1552
61683 1548
61088 1256
93912 1722
56507 1744
67687 1674
50584 1529
74393 1216
59055 1202
97982 1491
54566 1062
57815 1304
84321 1136
51628 1591
71650 1437
83761 1419
84729 1015
73361 1911
66899 1957
83076 1836
97224 1190
51834 1994
50370 1421
93622 1237
67371 1990
77966 1782
76857 1959
55583 1304
73898 1140
73529 1975
79422 1307
99130 1808
60584 1564
63160 1651
96089 1423
54583 1425
57325 1578
97146 1742
90924 1165
53237 1553
70611 1128
81920 1291
96146 1603
76737 1064
83932 1262
96788 1257
54810 1820
51103 1567
82292 1407
52433 1771
72148 1317
94370 1081
99787 1292
87982 1947
52955 1747
97738 1776
74717 1414
67278 1601
73622 1821
55133 1853
98429 1998
59638 1664
56067 1345
83555 1646
88266 1197
66529 1860
63985 1491
74268 1058
79364 1155
95046 1204
61979 1648
67988 1121
77854 1117
92671 1485
85340 1177
93909 1018
97354 1492
95777 1496
74577 1887
94645 1915
81510 1602
94989 1209
94562 1040
97320 1025
50884 1352
71449 1076
52601 1940
75024 1614
72753 1661
63967 1180
53514 1506
81282 1015
55586 1064
93925 1200
93075 1367
56898 1562
93195 1005
60294 1527
56555 1922
74157 1453
71576 1535
72421 1596
68957 1257
72299 1049
93864 1547
87361 1830
75822 1936
99881 1279
77609 1639
66175 1052
65887 1218
83482 1312
75234 1670
62294 1713
71981 1849
92101 1498
92466 1250
83022 1794
66175 1937
88397 1248
70258 1081
86460 1702
72414 1853
83444 1204
96346 1497
98677 1163
77797 1450
89839 1476
81320 1993
78128 1591
72968 1305
69078 1383
58753 1085
91822 1225
75207 1509
72483 1645
61604 1271
99289 1493
94772 1592
69263 1985
96185 1360
60833 1267
62842 1951
61706 1008
91312 1027
65140 1919
70656 1371
79721 1172
63577 1292
54908 1138
74332 1248
88601 1799
65514 1744
59671 1150
91087 1227
54995 1430
88202 1483
60641 1892
99905 1936
77858 1488
60950 1225
56391 1400
96974 1161
63967 1946
58666 1533
95366 1671
79467 1582
98555 1709
66108 1581
55605 1702
60777 1270
75330 1287
68890 1126
50114 1867
79182 1723
99176 1363
83415 1595
54067 1498
50980 1992
74820 1768
84893 1365
85524 1174
90017 1133
81609 1485
69455 1552
78638 1997
57058 1084
90838 1722
83826 1710
85476 1770
71136 1985
97799 1800
67604 1625
97828 1133
80352 1114
82535 1066
57574 1121
69243 1745
56145 1135
53600 1263
60493 1810
77481 1510
98260 1012
82858 1658
90300 1850
76898 1362
81970 1978
50721 1844
68816 1454
50250 1106
94799 1379
78018 1046
68980 1748
81709 1788
68052 1309
58349 1868
80678 1486
58869 1540
98583 1682
96495 1602
61329 1318
98705 1496
50600 1580
81913 1854
51790 1390
66622 1315
93458 1030
72956 1451
81434 1749
52513 1526
50888 1548
79952 1177
61398 1193
88727 1140
55040 1967
81995 1132
67065 1027
68797 1530
93742 1089
83275 1345
67853 1820
70230 1154
60559 1645
80792 1329
84804 1191
88885 1650
90894 1495
84271 1891
54652 1495
91405 1372
51483 1829
56632 1943
51312 1139
57831 1781
99332 1437
74870 1042
88375 1955
92921 1507
82239 1879
57479 1927
92900 1247
51215 1944
78184 1698
96076 1253
84438 1247
64965 1998
77713 1898
68654 1410
52189 1968
50087 1934
61124 1818
58971 1326
79910 1551
68346 1913
90166 1239
86203 1606
98530 1101
57005 1953
82224 1273
84345 1021
98817 1325
81285 1183
71141 1875
62947 1418
74103 1895
50455 1842
99815 1321
53954 1742
60314 1720
97314 1204
97129 1067
91813 1331
85321 1690
81995 1915
60345 1418
57688 1398
50033 1986
54622 1616
91101 1570
96463 1828
57904 1812
71175 1383
65586 1166
66351 1289
96990 1255
60694 1724
95899 1640
75327 1758
65026 1590
97327 1296
69101 1599
68755 1868
99762 1077
85496 1565
71722 1202
69608 1308
64395 1560
89246 1041
86920 1088
83511 1030
82418 1883
55350 1716
65525 1176
79839 1813
94578 1196
60796 1597
63846 1249
87643 1009
77494 1138
98249 1454
59108 1953
83210 1566
76345 1574
54127 1095
63988 1535
51096 1894
89179 1728
68821 1673
56748 1575
59851 1406
53603 1748
87939 1876
67382 1097
81815 1020
64228 1769
58567 1511
88394 1441
80719 1107
51805 1080
80308 1080
80405 1899
98895 1395
75709 1792
97800 1268
52110 1184
95951 1573
75738 1756
60317 1691
60129 1713
83701 1149
93971 1052
0 0 0 0 0 0 0 21 21 21 21 21 227 227 227 227 227 227 16 376 376 376 0 0 0 0 0 0 0 0 0 0 0 0 198 198 198 176 176 176 25 25 0 0 0 0 0 0 0 0
0 0 0 0 0 0 0 0 0 0 213 213 295 295 182 227 182 182 16 376 376 376 0 0 0 0 251 251 251 0 0 18 18 0 198 198 198 320 320 176 25 25 0 0 301 0 0 0 0 0
0 0 0 0 0 0 0 0 0 0 213 213 295 295 182 182 182 20 16 214 214 233 233 233 0 0 251 251 0 0 0 18 18 0 0 180 320 320 121 215 25 148 0 0 301 0 0 0 0 0
0 0 0 0 0 0 0 0 315 107 107 213 295 295 182 182 20 20 16 214 214 0 0 233 0 0 251 0 0 155 0 0 18 18 18 180 180 121 121 215 215 148 0 301 301 0 0 0 0 0
383 86 86 316 316 0 0 0 315 107 107 213 295 291 291 291 267 20 0 0 0 0 0 0 0 254 251 0 0 155 155 0 0 0 125 180 180 121 121 318 215 148 0 0 286 286 286 286 0 0
383 86 86 316 316 68 68 0 315 315 262 262 375 375 375 291 267 20 256 0 0 0 0 0 0 254 254 229 229 155 337 337 125 0 125 52 52 52 318 318 318 148 175 175 175 286 286 286 0 0
383 383 260 260 260 260 68 68 315 67 67 262 375 51 51 267 267 20 256 0 0 0 0 0 0 0 254 229 229 155 337 337 125 125 125 134 140 52 318 318 318 126 126 175 175 0 0 0 0 0
177 177 92 92 92 381 212 212 212 67 67 262 262 51 51 267 267 256 256 0 0 0 0 0 0 0 0 0 247 247 368 385 385 134 134 134 140 138 138 318 126 126 175 175 0 0 0 0 0 0
0 177 92 92 381 381 212 127 191 379 379 262 51 51 51 267 267 0 0 0 361 361 361 361 0 0 0 397 247 247 368 385 385 309 309 309 140 140 138 138 126 208 231 231 57 57 57 332 332 0
0 177 177 201 381 127 127 127 191 379 379 40 40 218 218 0 0 0 0 285 285 285 314 314 159 0 397 397 89 89 368 385 219 219 309 309 371 371 371 208 208 208 231 231 94 57 57 332 332 0
0 201 201 201 136 136 118 118 191 379 379 40 40 218 218 0 0 0 0 285 240 285 314 314 159 159 397 29 89 89 368 385 219 219 313 313 371 371 371 208 351 36 94 94 94 133 133 332 0 0
0 0 0 362 136 136 118 118 191 379 220 40 386 119 119 119 200 200 240 240 240 285 203 203 159 159 279 29 89 399 329 139 139 139 313 195 371 195 195 351 351 36 31 31 133 133 268 268 0 0
0 0 0 362 136 136 255 255 191 379 220 386 386 119 119 119 234 200 200 2 2 285 203 203 279 279 279 29 29 399 329 329 139 139 313 195 195 195 195 351 351 36 31 31 133 268 268 0 0 0
0 0 0 362 224 224 255 294 294 220 220 386 386 119 234 234 234 200 200 2 239 239 328 328 279 354 354 46 29 399 399 329 139 139 313 313 313 313 355 351 351 36 31 31 133 268 268 0 0 0
0 0 87 362 224 224 255 294 294 220 349 393 393 393 276 276 276 276 200 2 239 239 328 253 253 354 354 46 46 46 329 329 116 116 116 235 235 168 355 355 5 5 179 179 179 179 179 0 0 0
0 0 87 224 224 95 95 294 294 294 349 349 349 393 393 393 393 393 200 2 2 328 328 253 253 354 354 266 266 266 266 266 98 98 116 289 235 168 168 355 5 5 202 202 179 179 398 0 0 0
0 0 87 181 181 181 95 95 95 154 154 154 349 349 349 349 373 373 90 90 90 90 113 113 391 391 266 266 115 115 146 266 98 98 98 289 235 235 168 168 5 5 202 202 202 398 398 0 0 0
87 87 87 181 181 181 95 95 154 154 222 281 281 123 346 346 373 341 170 170 170 24 113 113 391 391 238 217 115 115 146 146 98 98 98 289 317 232 168 168 364 364 364 55 55 398 0 0 0 0
82 82 39 39 193 181 181 95 222 222 222 281 123 123 346 346 373 341 135 135 170 24 24 24 24 238 238 217 290 290 290 146 146 289 289 289 317 232 232 232 232 364 364 171 55 55 0 0 0 0
82 82 82 39 193 193 193 210 210 222 222 281 123 65 75 12 12 341 135 135 170 170 37 37 71 71 238 217 290 290 290 340 60 60 60 83 317 317 400 400 400 171 171 171 55 55 0 0 0 0
82 82 82 39 344 367 367 210 210 326 310 310 65 65 75 12 12 341 341 298 298 298 37 9 71 71 238 217 34 290 290 340 60 83 83 83 35 400 400 400 400 171 131 131 23 23 319 319 0 0
0 0 0 344 344 367 367 326 326 326 310 310 65 366 75 12 167 167 167 248 248 298 37 9 71 217 217 217 34 34 129 340 340 340 174 174 35 246 246 132 132 171 131 131 23 23 319 319 0 327
0 0 0 344 344 367 367 367 326 326 209 209 209 366 75 280 280 167 167 248 248 248 9 9 71 70 70 70 34 34 129 129 192 174 174 174 35 35 246 246 132 363 363 47 330 330 0 0 0 327
0 0 0 7 7 158 158 158 326 326 209 209 366 366 75 280 280 243 243 237 237 248 284 284 71 70 70 105 105 34 32 129 192 192 192 174 174 358 358 358 132 363 363 47 47 330 330 0 0 327
0 0 0 7 108 108 158 158 117 117 117 277 277 366 75 243 243 243 243 390 237 237 197 284 284 284 284 105 105 34 32 32 192 192 192 303 303 306 306 358 88 88 88 47 47 330 330 330 0 327
0 0 74 7 108 108 158 158 53 53 117 277 292 292 292 265 265 243 390 390 237 237 197 197 197 374 374 374 105 32 32 32 245 245 245 303 303 306 306 88 88 19 19 342 47 47 264 264 43 43
0 0 74 74 156 99 99 158 53 53 277 277 292 261 261 265 265 390 390 30 30 30 130 130 130 374 296 161 161 252 252 252 245 335 335 122 122 122 306 88 387 19 19 342 96 96 264 43 43 0
0 0 74 74 156 99 99 99 388 93 93 93 288 261 261 162 162 72 72 30 111 111 111 130 130 296 296 161 161 347 347 252 335 335 122 122 122 122 311 311 387 387 387 342 96 96 264 43 0 0
0 244 244 156 156 377 377 377 388 93 93 93 288 261 261 162 302 72 72 114 111 120 111 130 130 296 41 161 161 347 347 252 252 282 45 45 122 311 311 311 225 225 225 342 96 96 264 43 0 0
244 244 27 27 27 377 157 157 388 388 93 288 288 163 163 162 302 302 302 114 111 120 120 120 178 178 41 41 161 347 278 252 252 282 45 259 259 259 259 147 225 236 236 236 96 42 0 43 0 0
297 76 27 27 27 27 157 350 350 350 350 288 163 163 263 263 263 302 114 114 300 300 300 178 178 178 41 41 97 278 278 278 278 282 45 259 259 396 396 147 147 236 236 236 96 42 0 0 0 0
297 76 76 76 153 153 157 350 350 350 188 288 163 207 207 58 263 58 189 189 189 189 300 77 77 97 97 97 97 278 278 221 221 282 308 308 308 396 106 106 147 106 63 63 63 42 258 258 258 0
297 323 323 323 153 153 157 352 79 79 188 188 163 207 58 58 58 58 325 165 321 321 300 77 77 97 97 190 190 190 3 3 221 282 250 250 308 396 106 106 106 106 151 151 63 42 42 0 258 0
297 323 287 287 352 352 352 352 79 188 188 163 163 207 149 17 325 325 325 165 165 321 321 77 77 77 97 322 322 190 3 3 221 282 250 137 308 396 331 331 331 331 151 151 324 324 324 0 0 0
297 323 323 287 287 287 352 352 79 188 103 103 103 149 149 17 17 17 165 165 165 206 1 1 1 142 142 322 322 322 8 8 8 8 250 137 269 269 10 10 10 10 10 10 10 392 324 0 0 0
0 0 0 184 183 183 84 84 103 103 103 78 78 149 149 17 17 365 365 365 165 206 1 1 1 142 142 110 322 348 128 128 33 33 33 137 269 269 269 395 102 102 102 102 102 392 392 392 0 0
0 0 49 184 184 183 84 84 84 84 186 78 78 78 78 81 81 365 365 173 173 206 211 211 299 299 142 110 348 348 128 128 28 33 382 137 395 395 395 395 102 144 144 144 102 392 392 196 196 0
0 0 49 49 184 183 84 185 185 185 186 186 78 78 230 81 345 365 365 173 173 206 211 211 299 299 110 110 348 143 143 28 28 33 382 382 382 242 242 395 395 242 144 144 102 392 392 0 196 0
0 0 312 49 141 15 15 185 185 185 186 186 186 230 230 81 345 345 66 173 173 307 307 112 112 299 4 4 143 143 143 28 28 28 382 382 382 242 242 242 242 242 144 144 13 0 0 0 196 0
0 0 312 141 141 15 15 185 185 378 378 378 230 230 230 216 216 345 66 66 66 307 307 112 112 389 4 4 273 273 293 293 293 28 28 283 283 194 194 199 199 228 228 228 13 13 13 0 0 0
312 312 312 141 56 56 169 26 26 26 378 378 145 145 230 216 216 216 66 66 359 359 359 359 389 389 389 343 273 273 101 101 293 164 283 283 194 194 194 199 199 54 54 228 13 0 0 0 0 0
61 312 56 56 56 56 169 356 356 26 145 145 145 150 150 216 100 100 66 66 359 359 305 305 275 389 389 343 353 353 101 101 293 164 164 394 394 394 336 336 336 54 54 13 13 0 0 0 0 0
61 226 226 56 56 152 169 356 356 22 22 145 145 150 150 100 100 85 272 272 359 271 305 305 275 275 275 343 353 249 249 249 6 164 164 394 338 338 338 338 336 372 54 54 54 0 0 0 0 0
61 104 226 226 226 152 169 169 22 22 22 0 14 150 44 44 59 85 272 272 272 271 271 271 275 275 275 343 353 304 304 249 6 6 6 223 223 223 334 334 372 372 369 369 369 384 384 384 384 0
61 104 11 370 226 152 152 169 22 22 22 0 14 44 44 59 59 85 85 241 241 241 271 360 360 357 357 357 304 304 380 380 6 6 6 223 0 0 334 334 372 372 270 369 369 124 124 204 204 0
104 104 11 370 226 0 0 274 62 62 0 0 14 44 333 333 59 59 241 241 241 109 109 360 360 360 360 357 357 380 380 339 91 91 91 223 0 0 334 334 334 334 270 369 124 124 124 204 204 0
38 11 11 370 370 160 0 274 62 62 0 0 14 166 333 333 0 0 0 0 0 109 109 109 73 187 187 357 357 380 380 339 91 91 257 257 0 0 50 50 50 50 270 270 0 0 172 172 69 69
38 0 160 160 160 160 0 274 274 62 0 166 166 166 0 0 0 0 0 0 0 109 109 109 73 187 187 0 0 380 380 339 339 339 339 257 0 0 0 0 50 50 64 64 0 205 172 172 172 69
38 0 0 0 0 0 0 274 0 0 0 166 166 0 0 0 0 0 0 0 0 48 48 48 73 73 73 0 0 80 80 0 0 0 0 257 0 0 0 0 0 0 64 64 0 205 0 0 0 69
38 0 0 0 0 0 0 274 0 0 0 166 0 0 0 0 0 0 0 0 48 48 48 0 0 0 0 0 0 80 80 0 0 0 0 0 0 0 0 0 0 0 0 0 0 205 205 0 0 0
