50 400 20
91260 1075
99892 1551
58488 1433
72168 1482
91615 1265
93914 1369
84611 1408
77160 1085
72790 1248
83723 1128
61502 1283
71239 1165
99891 1149
55951 1266
56706 1545
71293 1035
56589 1224
69052 1977
52708 1234
74294 1859
67393 1212
75343 1590
55740 1302
99266 1630
97938 1804
89216 1121
79337 1196
92251 1149
52181 1696
98249 1333
57833 1357
81441 1319
76626 1506
54727 1527
87288 1643
55000 1900
52155 1968
55928 1811
73947 1313
73575 1753
50889 1909
64500 1238
83688 1130
80078 1017
71526 1757
50939 1684
75498 1334
60569 1062
63103 1221
74699 1296
96644 1892
94913 1140
88744 1217
86606 1972
59922 1209
52326 1460
96484 1902
73356 1869
87121 1840
67557 1755
84101 1944
91215 1350
69348 1619
58785 1682
74067 1650
96943 1021
65891 1686
82286 1282
72388 1650
50448 1306
80218 1154
92541 1292
66786 1848
98013 1724
64083 1721
63931 1180
81745 1070
74854 1810
91531 1616
77069 1877
56379 1689
95679 1646
86368 1607
62289 1348
77948 1988
60265 1242
56241 1418
60858 1199
69142 1141
93135 1373
83461 1137
56064 1222
95359 1383
98758 1232
53077 1060
66302 1793
91426 1119
52819 1912
79458 1860
71311 1136
63988 1755
83617 1176
56386 1301
61517 1223
87663 1263
54648 1878
57780 1730
97494 1141
81678 1909
78611 1677
94666 1876
74520 1607
89649 1363
78021 1189
65993 1922
90098 1951
99643 1903
50780 1962
77960 1748
76174 1588
79752 1666
97743 1371
68409 1988
59908 1557
76253 1629
91248 1007
58308 1541
79210 1491
76519 1399
56885 1464
51302 1226
60281 1452
76896 1775
60839 1718
89849 1050
66556 1953
79686 1559
95830 1379
79985 1100
60720 1524
66929 1894
69263 1294
90353 1310
89364 1958
86413 1858
75125 1910
81577 1872
56297 1892
95052 1180
99019 1154
85195 1397
86303 1695
86313 1126
78931 1139
68590 1033
62662 1199
85286 1089
70640 1141
90485 1852
81307 1345
84081 1930
58329 1157
63782 1812
88431 1189
90759 1593
99118 1511
61448 1938
56359 1696
52964 1429
75146 1858
69158 1821
60107 1511
70663 1363
88722 1316
87561 1082
86802 1785
67504 1763
81455 1794
62669 1437
88751 1595
99835 1542
55158 1530
61290 1887
99463 1701
89815 1782
78417 1124
73295 1745
54425 1200
65943 1025
59250 1431
63230 1053
54355 1978
72250 1667
74486 1318
86769 1346
84949 1846
78566 1367
88554 1019
64612 1080
52948 1843
97591 1399
84728 1054
95345 1113
98673 1043
91131 1577
64221 1093
83951 1848
95279 1298
97408 1765
71729 1562
68594 1298
73964 1249
82077 1719
97925 1179
60185 1753
91436 1405
82258 1361
78891 1632
73697 1085
79113 1768
97094 1348
82462 1258
63008 1762
61234 1558
74999 1801
84321 1831
51417 1524
66841 1287
91559 1189
72039 1833
79623 1514
86225 1263
66564 1615
68238 1765
74959 1646
87100 1564
57337 1024
85773 1159
52101 1181
76701 1761
63163 1890
93116 1039
71763 1009
68339 1074
66704 1255
55227 1856
51766 1680
98249 1021
83413 1594
71553 1642
64831 1684
93310 1755
89620 1106
57603 1213
67318 1818
54639 1997
99319 1617
79888 1439
94287 1594
67992 1197
51546 1813
55987 1993
57545 1766
99117 1675
89003 1795
68634 1139
59401 1966
80014 1093
62265 1274
84692 1782
86303 1474
72972 1670
75620 1409
54640 1518
70840 1261
90886 1957
55427 1767
99035 1108
85602 1853
90174 1486
79254 1709
64024 1711
82986 1193
54164 1509
67251 1910
67909 1742
97318 1566
77439 1697
90615 1925
76584 1978
54546 1729
78702 1151
77072 1201
69297 1591
89024 1770
54092 1700
70065 1203
90608 1549
56954 1820
80779 1810
75048 1027
57097 1087
83006 1415
83731 1452
77366 1657
86938 1874
67785 1960
71109 1948
52872 1618
83005 1559
63717 1136
97477 1264
71616 1123
89080 1027
89671 1812
63404 1350
98983 1301
89726 1655
56013 1653
94209 1296
99634 1812
86723 1636
83016 1282
99545 1676
82193 1413
84519 1269
70869 1772
87606 1201
69600 1037
93249 1476
68092 1822
78093 1441
54002 1894
78834 1285
76998 1817
76418 1655
66139 1155
52207 1006
67103 1459
66858 1430
90584 1067
91115 1643
90148 1569
67241 1201
89209 1380
92103 1344
86890 1874
74676 1734
99763 1275
93817 1306
71689 1684
96283 1280
83825 1770
87486 1682
92190 1970
52628 1989
53910 1946
94620 1958
92598 1690
87180 1153
53390 1422
56616 1848
59951 1604
86138 1514
87052 1297
67563 1559
73675 1628
56684 1524
61554 1451
68417 1653
62888 1461
64144 1333
97547 1498
81752 1133
95588 1858
54906 1827
54426 1047
79880 1608
54904 1151
89771 1347
70315 1765
68044 1958
95951 1578
81449 1543
60392 1490
68133 1748
84828 1486
86868 1865
96356 1138
85298 1633
90536 1826
52786 1327
82867 1646
79296 1786
59441 1724
65598 1416
84841 1653
59328 1218
87309 1776
99206 1714
398 0 0 0 30 30 30 0 0 324 324 324 324 324 0 0 0 0 0 0 233 233 136 136 351 351 0 0 0 0 0 0 0 0 0 0 0 0 0 81 81 61 61 204 0 0 0 0 0 0
398 0 0 0 142 142 30 0 0 329 329 329 329 0 0 0 0 0 0 0 233 233 136 136 136 351 0 0 0 0 0 0 0 222 388 391 391 391 391 191 81 61 61 204 0 0 0 0 0 0
398 0 0 142 142 142 111 0 115 115 115 115 115 135 135 135 135 0 0 0 0 233 121 136 136 351 132 132 132 200 0 0 0 222 388 388 388 388 34 191 81 81 204 204 381 253 253 0 0 0
398 398 77 77 142 111 111 39 39 37 37 37 109 109 0 0 0 0 272 272 42 233 121 121 334 334 334 132 132 200 200 281 222 222 388 103 103 388 34 191 309 309 204 96 381 253 253 0 0 0
398 77 77 195 195 111 111 39 356 356 18 37 109 109 0 0 0 0 272 272 42 42 42 121 334 334 334 390 200 200 200 281 281 281 149 149 103 192 34 191 309 309 204 96 381 381 0 0 0 0
290 290 290 195 195 195 111 39 356 18 18 301 301 301 0 0 0 0 0 0 375 42 273 196 334 334 390 390 200 363 363 172 172 172 149 149 103 192 34 34 309 309 96 96 278 381 0 0 0 364
290 290 0 0 0 147 147 356 356 18 18 18 301 301 285 285 285 213 375 375 375 370 273 196 196 390 390 390 200 363 231 231 172 172 199 149 149 192 34 34 125 125 90 96 278 352 352 364 364 364
0 0 0 0 0 0 147 319 319 91 91 18 301 301 303 303 285 213 213 213 4 370 273 273 196 196 196 196 92 363 231 231 145 145 199 199 199 192 107 125 125 355 90 96 278 278 352 352 364 364
0 0 0 282 0 0 147 319 319 91 91 181 181 181 303 303 213 213 213 4 4 370 370 370 167 167 92 92 92 363 231 231 145 145 6 6 6 107 107 8 8 355 90 173 173 173 173 0 0 0
0 0 0 282 282 282 282 237 237 36 246 246 174 181 350 350 213 4 4 4 314 314 314 370 167 167 48 48 230 230 371 371 371 76 6 6 6 107 8 8 8 355 90 90 372 372 372 49 49 0
0 0 0 0 282 282 282 237 36 36 246 246 174 70 70 350 350 60 60 40 314 314 314 314 167 167 48 48 230 230 230 230 371 76 76 359 359 107 8 8 312 355 90 90 372 194 49 49 184 14
0 0 348 0 19 19 19 237 36 36 246 246 174 174 70 70 70 60 60 40 275 275 275 275 167 22 22 22 280 280 23 23 371 219 76 359 359 68 68 68 312 312 312 122 372 194 184 184 184 14
0 0 348 0 19 19 368 218 218 218 246 246 293 261 261 70 386 386 40 40 275 88 88 22 22 22 224 224 280 280 23 23 371 219 219 219 219 176 176 68 206 206 206 122 372 194 155 184 184 14
0 0 348 348 368 368 368 218 154 293 293 293 293 261 261 129 386 386 295 295 275 275 88 88 22 22 224 224 95 95 23 23 371 216 216 85 85 176 176 296 16 16 206 122 0 194 155 155 155 14
0 0 339 339 277 277 154 154 154 267 330 330 156 156 250 129 386 386 11 295 295 275 88 88 171 171 340 224 95 95 95 23 216 216 325 325 85 85 85 296 16 16 206 122 0 0 155 155 155 155
378 378 339 166 166 277 277 215 154 267 330 330 156 156 250 129 11 11 11 185 185 185 185 171 171 171 340 340 264 264 148 45 45 382 325 325 325 332 332 296 296 296 206 206 0 0 0 0 0 0
378 0 339 339 166 215 215 215 267 267 156 156 156 250 250 129 353 353 353 362 362 362 185 394 394 394 340 340 264 264 148 45 45 382 24 24 7 332 332 332 178 178 50 50 395 395 395 0 0 0
378 0 318 288 166 215 215 267 267 315 315 315 315 311 311 97 97 97 353 362 362 362 185 185 394 394 340 71 71 71 148 45 382 382 24 24 7 177 177 332 178 178 50 50 395 0 0 0 0 0
0 0 318 288 288 168 168 267 267 315 315 79 79 79 311 97 347 347 347 84 84 27 27 27 139 143 71 71 112 112 148 399 399 399 108 7 7 177 177 177 300 207 207 207 395 0 0 0 0 0
0 318 318 354 288 168 168 214 214 366 366 366 79 79 311 97 225 225 347 84 84 84 27 27 139 143 143 143 112 112 399 399 399 399 108 7 7 7 300 300 300 207 207 157 157 157 157 203 116 116
0 0 0 354 354 100 100 214 214 342 366 366 43 43 97 97 225 225 347 84 84 94 130 130 139 139 143 143 112 112 21 21 21 21 108 108 287 287 287 300 300 207 157 157 182 182 203 203 116 116
0 0 0 354 354 100 100 188 214 342 366 366 43 43 97 225 225 400 243 243 243 94 130 130 114 114 114 143 112 112 53 53 21 21 21 1 287 287 287 69 69 69 157 157 182 182 203 203 0 0
0 0 0 354 354 188 188 188 342 342 31 31 31 397 397 397 225 400 243 243 243 94 130 217 114 114 9 9 251 251 53 53 284 284 284 1 1 1 28 69 239 239 239 80 80 80 0 0 0 0
0 0 0 0 0 188 188 188 221 165 165 165 31 397 212 212 400 400 63 63 63 94 130 217 217 217 9 9 251 251 53 53 249 249 284 78 376 376 28 69 239 239 239 239 80 80 0 0 0 0
0 0 0 0 0 73 73 188 221 165 165 165 25 25 308 212 212 400 38 63 385 385 130 217 238 9 9 9 251 93 396 396 249 249 284 78 376 106 28 326 326 304 304 322 322 146 146 0 0 0
0 0 0 0 0 0 73 73 221 62 62 165 25 25 308 3 3 38 38 63 63 385 385 238 238 255 255 9 251 93 298 396 396 78 78 78 376 106 28 326 326 304 304 322 146 146 0 0 0 0
0 0 0 0 0 0 98 98 221 62 62 308 308 308 308 3 3 38 38 38 29 29 385 238 238 82 255 255 251 93 298 317 317 78 78 78 376 106 302 302 302 41 322 322 146 384 47 0 0 313
327 327 0 0 0 98 98 98 241 210 210 210 210 210 210 3 3 3 3 38 29 29 299 299 299 82 292 150 150 93 298 317 317 349 349 349 240 106 302 41 41 41 322 384 384 384 47 0 0 313
327 0 0 0 133 175 175 175 241 210 210 265 265 265 291 291 336 336 379 379 29 29 64 299 299 82 292 150 150 93 298 317 349 349 349 140 240 240 240 41 89 89 89 56 56 0 47 47 313 313
327 0 0 0 133 133 133 175 241 241 52 52 265 265 291 291 336 336 379 379 29 211 64 299 82 82 292 150 150 262 262 262 374 140 140 140 240 240 240 41 89 89 89 56 56 0 0 0 0 0
327 126 0 0 0 12 12 333 333 52 52 205 265 265 310 310 310 336 20 127 127 211 64 299 159 159 292 292 226 17 17 262 374 374 374 374 240 279 201 201 208 89 2 2 0 0 0 0 0 0
0 126 126 0 0 12 12 333 333 307 205 205 197 265 310 338 338 20 20 127 211 211 64 65 159 159 393 393 226 17 17 262 232 232 232 374 228 279 201 201 208 208 2 2 235 235 235 297 0 0
0 0 126 220 220 12 12 307 307 307 205 205 197 197 197 338 338 20 127 127 189 259 64 65 65 65 393 393 226 226 17 262 44 44 232 228 228 279 279 254 254 208 208 235 235 297 297 297 0 0
0 0 0 128 220 220 102 234 234 99 99 99 345 197 197 338 338 113 113 113 189 259 259 244 244 244 344 286 286 286 262 262 44 228 228 228 228 228 279 279 254 254 392 235 235 323 323 323 0 0
0 128 128 128 102 102 102 234 234 99 263 99 345 345 345 361 113 113 113 113 189 189 259 380 380 244 344 286 286 286 87 271 44 44 35 35 58 58 58 360 360 373 392 392 198 198 323 323 323 0
0 0 0 223 51 110 110 110 110 5 263 99 345 345 345 361 361 361 260 260 229 229 229 229 380 380 344 118 286 286 87 271 271 271 35 274 331 331 58 360 360 373 373 392 198 198 198 66 0 0
0 0 0 223 51 110 365 110 5 5 263 263 345 335 335 361 361 361 361 260 260 229 229 229 242 242 344 118 118 118 87 87 87 87 35 274 331 387 387 387 120 120 373 373 369 369 66 66 0 161
0 0 223 223 51 51 365 365 5 67 67 67 67 335 335 305 346 346 260 260 160 160 160 248 242 242 242 26 26 118 306 74 74 74 74 274 331 105 387 387 120 120 373 266 369 369 66 161 161 161
0 59 59 0 0 54 54 365 72 72 32 32 32 335 305 305 346 346 260 357 160 256 248 248 123 123 242 26 306 306 306 74 257 74 74 274 274 105 105 387 389 389 389 266 369 0 0 161 161 161
0 59 59 0 0 54 54 187 187 72 72 72 32 335 305 163 163 163 163 357 245 256 256 248 123 123 242 26 306 306 306 257 257 227 104 131 131 337 105 387 202 389 266 266 266 383 0 0 0 0
119 119 0 0 0 54 187 187 187 72 72 72 32 0 0 163 163 283 357 357 245 245 256 248 46 46 316 316 316 316 306 257 257 227 104 131 131 337 202 202 202 389 266 266 0 383 383 383 0 0
119 119 0 0 0 0 187 187 187 55 55 55 55 0 0 163 163 283 0 0 0 245 256 256 46 186 186 276 276 316 316 257 227 227 104 337 337 337 202 202 202 358 0 0 0 0 0 383 0 0
0 0 0 0 0 0 0 0 0 164 55 55 289 0 0 0 283 283 0 0 0 245 256 256 46 186 10 10 276 276 367 227 227 268 104 337 337 269 358 202 358 358 236 0 0 377 169 169 169 169
0 252 252 0 0 0 0 0 0 164 55 289 289 0 0 283 283 0 0 258 258 258 101 101 101 186 190 10 10 276 367 367 227 268 268 268 33 269 358 358 358 236 236 0 0 377 377 377 0 169
0 252 252 321 321 320 320 0 0 164 164 289 0 0 0 180 180 0 258 258 258 258 101 101 101 190 190 117 117 117 117 367 57 57 294 294 33 269 269 124 124 236 236 0 0 0 0 0 0 0
0 0 0 321 321 320 320 144 144 144 0 0 0 0 0 180 180 0 0 270 270 270 270 101 101 190 153 117 117 117 86 86 57 57 294 294 33 124 124 124 124 236 236 83 83 138 138 138 0 0
0 0 13 13 321 75 75 75 144 144 158 158 0 0 0 180 0 0 0 0 152 152 0 343 343 190 153 153 141 141 141 86 162 162 162 0 33 124 124 183 183 179 179 83 83 138 209 209 209 0
0 0 13 134 134 75 75 75 247 144 158 158 0 0 180 180 0 0 0 0 152 152 0 343 343 0 0 153 141 141 141 86 162 0 0 0 0 0 0 183 183 179 179 83 170 0 0 0 209 0
0 13 13 134 137 137 137 15 247 247 158 158 0 0 0 0 0 0 193 193 152 152 0 0 343 0 0 0 328 328 328 0 0 0 0 0 0 0 0 0 0 151 151 151 170 0 0 341 341 0
0 0 0 134 137 15 15 15 15 247 247 158 0 0 0 0 0 0 193 193 193 0 0 343 343 0 0 0 328 0 0 0 0 0 0 0 0 0 0 0 0 151 170 170 170 0 0 341 341 341
