50 400 20
59103 1044
88117 1929
70596 1716
64083 1552
88756 1958
52483 1971
62644 1696
66523 1126
54467 1956
72041 1390
91954 1239
74281 1604
54516 1993
70803 1594
95882 1276
51731 1520
56726 1670
66563 1025
64043 1701
96740 1633
67872 1736
63685 1303
92657 1246
50642 1801
94574 1972
94593 1961
99877 1832
65802 1164
71927 1095
75268 1740
90022 1819
72448 1333
99097 1578
92083 1609
83213 1350
52515 1104
55672 1429
70128 1362
96398 1019
90742 1765
76111 1754
87653 1624
91485 1450
71486 1135
68864 1210
76601 1940
78695 1094
77679 1313
79775 1332
79517 1389
66751 1848
70674 1135
97614 1541
79287 1885
84973 1974
91013 1595
58593 1754
72577 1727
91608 1224
78614 1172
51676 1866
79107 1023
97857 1713
95928 1439
95213 1398
56051 1111
51714 1818
71713 1560
52880 1521
88226 1333
79461 1767
61321 1817
56431 1175
59001 1053
96694 1383
80837 1104
82446 1571
50436 1221
99499 1342
83552 1701
58755 1354
66378 1000
83798 1787
84891 1694
66826 1879
74735 1905
96637 1589
76197 1180
94615 1675
74921 1233
86575 1086
72127 1854
87509 1002
71654 1989
54405 1699
96258 1006
76723 1374
97734 1800
50100 1650
74565 1736
65648 1874
68791 1177
95683 1490
98423 1769
70701 1778
57858 1945
65606 1226
78503 1393
51219 1721
79842 1946
87714 1560
85244 1928
86710 1533
50476 1024
52528 1440
61508 1099
62611 1062
50549 1129
86800 1969
72490 1586
51852 1714
88589 1192
76733 1760
95554 1266
55525 1859
99365 1471
72893 1352
83431 1062
65866 1150
63360 1388
67854 1519
87701 1314
93634 1372
68393 1327
53774 1132
95389 1515
68473 1658
86010 1950
63803 1210
66224 1896
55981 1678
73839 1075
82628 1232
90747 1393
55523 1796
56773 1076
70886 1961
92878 1575
66579 1624
72924 1128
91407 1852
67512 1745
54586 1872
99609 1009
53381 1104
72715 1201
99313 1676
90358 1470
53741 1578
62558 1228
99892 1493
56482 1821
74968 1877
64662 1914
55335 1010
96069 1647
61552 1212
69290 1549
83356 1296
76129 1157
53136 1714
81858 1403
98829 1643
99305 1950
63253 1640
69408 1622
59686 1623
82214 1366
70217 1712
72671 1968
59184 1122
88170 1437
77275 1621
65842 1465
89047 1898
64116 1270
98024 1112
62127 1400
92391 1655
75923 1469
84342 1223
73544 1525
71706 1461
56743 1371
69400 1718
63818 1470
65089 1641
87915 1338
61151 1533
54036 1587
66227 1611
55827 1440
68934 1845
70983 1138
67811 1951
89177 1062
88581 1291
93887 1589
77977 1674
82115 1508
88338 1541
55277 1342
67468 1392
74859 1018
56603 1675
75528 1028
71127 1883
86634 1692
66725 1757
57904 1168
68510 1374
76992 1285
63180 1942
72596 1311
65940 1201
53325 1136
73553 1727
61971 1062
89032 1201
93548 1146
50606 1853
79536 1656
76866 1081
69171 1099
72396 1356
79235 1076
76851 1233
83898 1742
59007 1119
50648 1290
66387 1388
67595 1360
58791 1740
79307 1552
64522 1409
77893 1120
50173 1181
96433 1974
56209 1314
53195 1015
61274 1154
77231 1611
60414 1940
85325 1381
56682 1083
58153 1634
66364 1610
77132 1947
58961 1129
90797 1850
97192 1494
57945 1039
97930 1592
93066 1021
60244 1598
84380 1638
87579 1032
89086 1928
61029 1615
60777 1928
68114 1588
86922 1710
76957 1019
50898 1043
75029 1423
56744 1510
80049 1894
79220 1766
55042 1020
69506 1939
93859 1506
55184 1782
67091 1086
88077 1821
66532 1721
73246 1580
99480 1738
80598 1666
92914 1399
62972 1409
93366 1387
78497 1847
82646 1437
63393 1217
75599 1298
98957 1189
61487 1382
62080 1041
85473 1925
84023 1032
56066 1715
60831 1282
90758 1514
66016 1212
83954 1295
81545 1982
86968 1826
89895 1002
77785 1787
94031 1564
69955 1941
67303 1034
59800 1968
81700 1953
57846 1703
57951 1593
91128 1495
70172 1509
68207 1760
54456 1534
99607 1388
94773 1581
92599 1899
57980 1229
85493 1937
59775 1000
61975 1142
85194 1894
89858 1534
77679 1641
92008 1741
94124 1324
93000 1627
70397 1183
69900 1752
63920 1000
72328 1159
79476 1227
84962 1602
92328 1434
85859 1621
82530 1317
61021 1983
88688 1768
93209 1519
60208 1705
81967 1025
67308 1129
79335 1561
65244 1952
68692 1502
87965 1479
62324 1494
91608 1216
82266 1343
96344 1461
53663 1802
88854 1528
59400 1104
89767 1179
91459 1232
98688 1016
69667 1912
74719 1327
94249 1244
56050 1974
59347 1426
60502 1792
88618 1498
89917 1774
96356 1903
77024 1534
87706 1953
84097 1501
55714 1167
73932 1819
55479 1241
99049 1887
79658 1433
83039 1154
74451 1508
64917 1505
85767 1913
56828 1605
74372 1173
86715 1912
62178 1227
90578 1876
72885 1483
70580 1070
50851 1017
94615 1352
66315 1822
85808 1508
87407 1262
72624 1481
58360 1552
76062 1753
86132 1929
94817 1447
336 336 0 0 0 0 0 0 0 0 108 108 108 0 0 0 0 30 30 30 0 0 0 0 0 0 0 0 322 322 322 322 0 0 0 316 316 320 320 320 142 242 242 242 242 0 0 0 0 0
0 336 336 336 0 0 0 0 164 164 108 108 0 0 0 0 0 30 30 30 0 0 0 0 0 0 0 0 0 322 322 0 0 0 0 0 316 320 320 320 142 242 242 242 242 0 0 0 0 0
0 0 0 313 313 0 0 0 164 102 334 334 334 0 0 0 0 30 0 363 363 363 363 245 245 245 245 327 327 322 0 0 0 0 0 0 316 361 361 234 142 142 142 142 142 0 0 0 0 0
0 0 0 313 313 0 0 0 164 102 102 244 334 181 181 0 0 30 0 0 0 363 331 331 331 111 245 327 327 322 0 0 0 0 0 0 361 361 361 234 234 234 142 321 321 321 321 0 0 0
259 259 137 127 127 0 0 0 0 0 102 244 334 334 181 0 0 0 0 0 0 0 161 331 331 111 111 177 177 177 69 0 215 215 90 90 90 124 124 234 370 234 370 321 0 0 321 0 0 0
259 319 137 137 127 0 0 0 0 0 0 244 244 0 181 0 0 0 0 310 0 0 161 161 161 120 111 177 177 177 69 0 0 215 90 265 265 124 124 234 370 370 370 321 0 0 0 0 0 0
259 319 319 137 127 37 78 78 78 0 0 244 244 0 0 0 0 0 0 310 310 0 0 377 377 120 383 383 383 383 69 69 69 215 265 265 248 248 68 68 221 221 187 187 0 0 0 299 299 0
0 0 319 127 127 37 0 0 78 0 0 244 244 253 253 190 190 190 310 310 310 310 310 377 377 120 383 383 70 70 69 69 69 215 215 248 248 248 68 68 221 221 187 187 93 93 9 9 299 299
0 0 202 202 202 37 37 0 0 0 0 12 12 253 253 190 190 190 190 190 150 96 96 254 254 120 383 383 70 209 209 209 209 13 13 13 248 248 68 68 50 221 79 79 93 93 9 9 299 299
0 0 202 202 291 291 223 223 0 0 0 12 12 132 132 212 212 212 212 150 150 96 96 96 254 120 120 304 70 249 249 209 209 13 263 263 263 263 68 110 50 50 50 79 93 93 112 112 112 299
0 0 202 391 291 291 223 223 134 134 84 84 132 132 212 212 212 56 56 150 162 162 96 96 254 304 304 304 135 249 249 345 345 179 179 179 179 263 110 110 50 50 50 79 306 306 112 112 31 31
0 391 391 391 388 388 388 134 134 134 84 84 201 201 399 220 220 56 56 238 238 162 96 257 257 304 246 135 135 283 283 86 345 287 287 287 263 263 110 110 110 151 151 79 306 306 139 43 43 31
0 0 0 323 323 388 388 134 134 175 175 175 201 201 399 220 220 56 56 238 238 162 162 257 257 246 246 135 283 283 283 86 345 287 287 287 362 284 284 400 151 151 400 139 139 139 139 144 43 31
0 0 0 323 323 210 342 342 342 175 128 175 175 399 399 220 398 40 40 174 207 207 207 207 257 246 246 246 283 283 330 86 35 380 380 380 362 362 284 400 400 400 400 139 139 144 144 144 43 31
0 256 0 210 210 210 342 342 342 128 128 205 205 160 160 398 398 40 174 174 51 51 207 207 365 246 246 307 307 330 330 86 35 35 35 380 241 362 284 186 186 186 67 49 346 346 144 231 231 333
256 256 374 191 210 210 342 65 128 128 224 205 205 160 160 398 40 40 174 32 51 51 54 207 365 26 26 301 307 309 330 194 148 35 148 148 241 284 284 186 186 186 67 49 49 346 346 231 231 333
256 256 374 191 210 210 342 65 65 65 224 224 395 395 395 285 285 389 32 32 54 54 54 365 365 26 26 301 307 309 330 194 148 148 148 241 241 284 284 41 186 67 67 250 49 222 222 222 222 333
256 256 374 191 191 191 147 147 147 147 224 224 395 6 285 285 389 389 32 32 289 289 289 289 77 73 73 301 301 309 309 194 194 194 148 241 241 267 267 41 41 41 250 250 39 39 39 39 255 333
374 374 374 8 8 8 8 293 293 28 28 395 395 6 285 285 389 389 294 294 294 294 77 77 77 73 73 73 301 301 325 325 325 166 166 57 165 165 267 267 41 41 250 250 39 39 39 255 255 0
0 0 189 189 189 62 62 293 293 28 28 395 52 6 285 285 6 389 36 36 140 140 203 77 34 34 73 73 71 71 71 325 325 166 166 57 165 165 129 267 41 41 392 392 0 0 39 255 255 0
0 0 189 157 157 47 62 293 293 397 28 28 52 6 6 6 6 36 36 36 140 140 203 203 203 34 34 308 308 308 71 325 325 57 57 57 172 172 129 237 237 392 392 0 0 0 0 0 0 0
0 0 189 157 157 47 62 293 397 397 28 282 52 97 97 97 303 36 159 159 394 394 394 203 184 58 58 328 328 308 71 71 72 72 72 312 172 172 129 237 237 392 392 0 0 0 0 0 0 0
173 173 42 42 42 47 74 293 397 397 28 282 52 97 384 384 303 303 159 159 394 55 55 55 184 58 328 328 328 308 230 230 27 27 72 312 116 116 129 237 237 237 392 392 0 0 0 0 0 0
173 173 42 47 47 47 74 397 397 282 282 282 52 384 384 384 384 303 303 394 394 264 264 55 184 58 270 270 185 185 230 230 198 27 317 312 116 116 298 298 298 88 0 0 0 0 0 0 0 0
0 275 275 107 107 74 74 225 225 225 282 282 340 340 83 83 83 83 303 303 64 264 264 55 184 270 270 180 185 185 290 290 198 27 317 312 116 298 298 15 88 88 0 0 0 0 59 59 0 0
0 275 275 275 107 311 311 311 81 225 98 98 340 340 340 247 83 83 229 229 64 114 114 7 184 184 184 180 180 180 290 290 198 27 317 312 226 226 298 15 88 88 0 0 0 199 59 59 0 0
0 0 0 0 107 311 311 390 81 295 295 98 98 19 19 247 83 216 216 229 64 114 114 7 7 204 204 315 315 315 198 198 198 115 317 338 338 226 226 15 10 10 10 0 0 199 199 0 0 0
0 0 182 0 0 0 0 390 81 295 295 351 98 19 247 247 83 216 216 229 64 122 7 7 204 204 315 315 196 196 198 115 115 115 115 115 338 338 15 15 15 15 10 10 10 199 199 0 0 0
0 0 182 352 352 0 390 390 81 295 295 351 98 19 247 23 89 89 80 353 353 122 122 7 133 133 335 335 196 196 196 378 378 115 115 158 118 118 126 126 126 126 126 10 10 167 167 113 113 113
92 92 182 182 352 0 393 81 81 300 300 351 351 351 23 23 89 80 80 353 353 122 122 133 133 105 335 335 211 211 196 378 378 158 158 158 118 118 85 85 85 318 318 183 183 167 167 113 274 274
92 4 4 182 352 393 393 339 305 300 300 300 387 387 23 23 89 297 80 80 353 353 122 133 133 105 211 211 211 196 196 99 104 104 104 344 344 85 85 206 85 318 318 29 183 0 113 113 274 274
92 4 4 193 352 393 393 339 305 305 305 305 387 95 23 23 297 297 80 80 33 353 33 133 288 105 178 178 178 260 99 99 11 11 104 344 344 206 206 206 85 29 29 29 183 0 0 0 0 0
145 145 145 193 193 339 339 339 339 119 119 305 387 95 95 95 297 279 279 192 33 33 33 133 288 105 154 154 178 260 99 99 11 11 195 195 385 385 45 364 364 357 357 357 357 0 0 0 0 0
145 193 193 193 130 130 339 339 360 119 119 356 356 149 149 146 279 279 279 192 192 121 121 121 288 288 154 381 381 260 260 260 260 260 195 195 385 385 45 364 364 357 369 369 357 0 0 0 0 0
145 145 53 53 130 268 268 360 360 356 356 356 356 149 149 146 146 355 176 176 192 192 197 121 288 288 154 381 381 381 302 302 302 109 109 109 46 45 45 233 364 386 386 369 25 25 0 239 239 239
145 145 53 1 130 268 268 360 360 356 131 379 379 373 149 146 146 355 176 176 197 197 197 372 372 280 280 375 375 375 375 302 302 21 21 109 46 46 233 233 386 386 386 369 25 25 0 239 239 239
87 87 53 1 130 382 337 337 360 131 131 379 379 373 373 146 355 355 123 123 123 343 343 372 372 280 375 375 347 347 324 324 324 21 21 5 5 46 233 163 163 171 171 153 153 66 66 66 0 0
87 87 87 1 1 382 337 337 332 131 131 235 235 235 373 214 355 355 125 125 123 343 343 372 372 280 375 375 347 347 324 21 21 21 21 5 5 5 5 163 163 171 171 153 153 66 66 66 0 0
0 87 87 1 1 382 337 332 332 368 368 314 235 235 214 214 376 376 376 125 18 18 343 372 372 280 82 82 347 347 272 272 272 262 262 262 262 5 5 103 103 103 155 155 153 292 292 0 0 0
0 0 0 240 240 382 337 332 332 368 314 314 314 314 214 91 91 376 376 125 18 18 343 17 17 280 82 82 271 273 273 273 272 266 266 266 61 61 61 103 103 103 155 155 292 292 292 117 117 117
0 0 0 240 240 337 337 276 276 368 269 269 269 269 286 252 91 91 94 94 236 236 236 17 17 350 350 271 271 273 100 272 272 168 266 0 0 61 61 103 136 136 136 155 292 292 3 3 117 117
0 0 367 367 240 20 20 20 276 276 276 286 286 286 286 252 252 252 94 94 236 236 208 208 350 350 350 271 271 100 100 168 168 168 266 0 0 61 61 106 106 281 136 44 44 38 38 3 3 0
251 251 367 367 200 200 20 20 156 276 276 286 138 76 219 219 219 252 218 218 354 354 258 208 208 371 371 349 349 100 213 213 170 261 261 261 0 0 61 106 106 281 44 44 0 0 38 38 0 0
251 251 396 396 200 101 101 101 156 156 156 138 138 76 76 219 219 218 218 326 354 354 258 258 258 371 371 349 349 100 213 213 170 261 261 261 0 0 0 0 0 281 0 0 0 0 38 38 0 0
0 0 396 358 200 101 60 101 232 232 0 0 138 359 76 188 188 188 278 326 326 348 258 258 258 217 243 24 24 24 296 143 170 261 261 63 63 0 0 0 0 281 0 0 0 0 0 38 0 0
0 0 396 358 200 60 60 101 232 232 0 0 138 359 359 0 0 188 278 326 326 348 348 348 217 217 243 24 2 296 296 143 170 170 169 63 63 366 366 366 0 0 0 0 0 0 0 141 141 0
358 358 358 358 200 60 60 227 227 227 227 0 138 359 359 359 0 278 278 326 326 0 0 16 217 217 243 24 2 296 152 143 143 170 169 169 48 366 366 366 14 0 0 0 0 0 0 141 0 0
358 22 22 0 0 0 0 0 75 75 75 0 138 359 0 0 0 0 0 0 0 0 0 16 243 243 243 2 2 152 152 0 169 169 169 169 48 48 366 366 14 14 14 0 0 0 0 141 0 0
22 22 22 0 0 0 0 0 0 0 75 0 0 0 0 0 0 0 0 0 0 0 16 16 243 243 341 2 2 152 0 0 228 228 228 228 48 48 0 0 0 329 329 0 0 0 0 0 0 0
0 0 0 0 0 0 0 0 0 0 75 0 0 0 0 0 0 0 0 0 0 0 0 0 341 341 341 2 152 152 0 0 277 277 277 277 0 0 0 0 0 329 329 0 0 0 0 0 0 0
