50 400 20
82372 1568
98669 1325
87136 1992
93991 1989
52289 1092
78744 1851
74116 1181
83322 1255
78513 1745
99688 1240
78511 1775
83417 1754
79500 1059
76652 1582
75773 1341
97847 1645
51891 1034
85786 1398
70712 1765
51259 1914
60103 1632
87416 1104
69521 1662
76965 1411
58587 1648
82967 1268
68390 1833
84283 1078
95766 1411
70870 1054
80803 1430
66774 1420
99036 1697
92640 1757
53641 1517
64214 1264
61801 1860
81350 1637
93395 1248
55680 1463
81794 1543
58595 1845
57432 1418
55043 1839
83105 1488
85289 1537
69835 1201
92301 1556
76994 1719
50443 1208
92654 1753
73524 1190
68691 1774
61997 1721
53488 1242
76574 1582
99912 1142
64352 1192
58511 1949
68788 1399
81466 1625
91249 1320
62624 1901
93369 1647
69798 1485
72313 1077
65494 1432
86329 1470
67746 1459
93096 1402
95266 1751
90611 1050
80007 1374
68612 1830
64630 1071
90974 1983
83309 1287
57712 1137
69167 1766
99125 1902
90124 1352
71660 1131
63007 1077
68130 1959
74915 1477
91129 1221
64933 1903
77860 1948
51821 1050
79693 1033
76753 1093
71722 1470
80136 1987
86677 1918
56357 1284
88553 1692
89102 1569
91284 1482
68495 2000
84150 1714
92685 1334
85289 1500
61036 1541
68786 1124
93081 1679
61814 1109
91186 1065
51938 1490
80448 1674
57443 1848
70239 1055
66037 1861
84008 1179
52929 1200
73044 1882
98797 1685
65780 1935
94141 1020
52368 1398
85642 1608
81766 1654
64805 1706
88620 1771
85205 1901
67326 1343
79923 1997
72606 1673
95310 1009
96981 1123
86182 1315
98282 1437
98398 1717
89028 1158
77115 1548
72359 1474
89434 1356
93478 1978
85950 1938
74446 1664
93554 1468
96774 1905
95183 1098
52724 1690
90698 1089
72763 1583
97853 1648
74467 1704
59445 1051
76608 1797
59330 1164
85077 1003
92909 1252
87534 1806
98928 1950
91355 1193
65191 1875
52437 1553
52743 1726
89218 1054
68852 1672
53956 1724
64057 1875
73327 1730
88025 1685
80482 1350
74248 1300
56723 1230
92755 1484
63698 1920
62197 1321
81882 1518
53780 1803
65318 1116
74715 1832
96831 1980
66046 1346
71346 1536
50691 1121
93273 1872
67118 1321
97115 1465
65380 1102
85573 1107
53754 1461
80299 1181
57667 1569
77226 1281
61116 1800
72199 1196
71508 1735
60781 1764
85065 1193
59029 1549
93560 1684
72212 1631
87389 1238
77414 1265
86605 1757
85785 1409
73190 1099
55001 1076
96892 1366
50871 1162
91023 1572
77850 1264
80761 1344
71362 1979
84869 1084
78870 1450
68003 1764
54873 1361
76605 1985
54041 1351
66635 1488
64074 1646
98910 1081
83369 1006
63503 1277
95390 1118
52533 1738
58951 1826
83182 1265
73075 1162
69124 1932
89563 1932
59326 1407
55932 1352
95955 1400
70085 1792
73809 1939
89368 1211
88107 1112
68388 1031
71180 1860
60500 1411
64654 1997
53208 1844
78648 1443
80247 1222
77150 1502
94479 1015
84357 1833
51131 1859
81501 1537
75351 1699
65404 1175
96976 1655
53342 1455
54681 1201
97168 1761
99234 1750
50455 1310
66847 1673
53194 1175
92331 1393
97079 1596
54079 1213
56640 1876
84707 1088
59335 1976
53014 1283
77338 1331
50817 1344
79130 1000
86546 1515
50512 1417
95141 1041
56084 1774
92606 1680
93293 1936
56239 1809
50589 1548
73574 1202
96130 1717
50586 1127
99006 1507
96806 1922
82781 1695
80235 1234
83312 1267
76421 1256
86902 1005
66421 1878
81009 1724
65751 1921
78797 1855
57309 1385
94845 1922
62344 1084
58741 1389
60473 1398
86465 1995
98832 1681
51686 1692
80834 1045
64541 1176
71053 1823
76605 1496
78879 1098
50073 1718
87566 1550
93422 1468
57012 1400
51607 1731
90941 1868
90864 1673
61443 1961
59983 1126
75456 1114
73936 1616
51989 1125
87841 1077
61221 1947
91675 1213
51817 1014
81687 1589
87854 1243
68429 1036
78883 1865
60892 1383
72571 1662
56192 1902
73689 1909
51073 1677
77644 1622
62738 1823
86632 1123
65940 1633
95262 1465
78818 1441
85318 1154
50493 1166
80413 1149
55174 1287
92369 1224
77397 1695
71000 1671
82986 1056
67668 1834
51859 1652
61708 1875
76613 1932
77782 1783
81387 1527
81031 1902
81396 1914
69593 1617
79004 1478
84545 1481
65487 1049
70623 1946
51797 1806
65132 1933
95135 1751
93606 1656
88904 1604
58395 1359
83653 1577
52290 1418
96989 1383
66696 1576
93524 1042
50128 1964
58794 1781
84605 1740
87923 1489
65438 1869
57062 1196
51499 1850
92867 1399
84520 1745
81745 1379
93645 1452
56368 1207
99426 1280
82059 1595
98472 1333
81368 1393
56269 1122
81429 1848
93427 1277
98120 1991
84053 1834
67772 1303
99880 1211
80641 1038
52037 1580
58440 1897
85526 1610
98182 1350
73633 1857
54840 1913
65320 1526
80056 1644
51581 1438
55279 1252
74406 1552
93302 1267
55993 1403
57058 1802
223 223 223 223 127 127 150 150 146 146 146 146 146 0 341 341 0 0 0 0 0 104 104 104 0 0 0 388 388 388 0 327 327 327 0 0 0 0 0 0 0 0 0 14 14 73 73 73 73 73
223 223 186 186 127 150 150 150 150 0 0 0 0 0 59 341 0 0 0 27 27 104 104 104 0 0 0 0 0 388 0 327 327 327 0 0 0 0 18 18 0 0 0 0 14 207 207 207 73 73
0 0 186 186 127 343 343 343 0 0 0 59 59 59 59 341 0 0 0 27 27 27 104 169 0 121 121 121 0 114 0 8 386 386 0 0 0 0 18 18 18 183 183 183 14 14 207 207 379 379
0 0 0 0 127 226 226 343 343 0 0 0 0 47 47 341 0 213 213 27 27 27 104 169 169 121 121 121 121 114 0 8 386 386 21 21 21 0 0 382 382 183 183 183 14 14 32 207 32 379
0 0 0 0 0 226 226 80 80 0 0 0 0 47 290 290 325 213 213 191 191 24 24 24 169 169 167 167 167 114 0 8 8 0 0 0 21 0 0 382 382 393 393 393 14 9 32 32 32 379
0 0 219 219 0 0 226 80 80 0 0 0 0 47 290 290 325 71 278 278 191 191 191 24 262 262 262 16 167 114 283 283 49 227 227 0 0 0 0 0 78 78 78 393 9 9 188 188 188 379
0 0 219 219 355 355 355 355 80 44 44 171 171 347 97 97 325 71 71 278 278 191 344 182 182 182 262 16 16 114 283 283 49 227 227 142 142 0 0 250 78 302 383 393 9 9 188 188 188 188
172 172 218 218 218 218 218 80 80 44 44 171 171 347 97 97 325 71 71 365 230 230 344 344 344 182 182 182 16 350 350 206 49 392 392 142 142 0 0 250 302 302 383 383 383 383 0 0 0 0
172 172 253 253 253 218 202 202 162 165 165 165 347 347 313 313 71 71 365 365 230 230 344 344 179 179 179 256 359 350 350 206 49 392 392 142 142 28 28 250 302 210 210 210 211 0 0 0 0 0
208 208 253 164 164 202 202 162 162 51 165 165 336 336 313 313 40 40 365 365 242 242 242 189 179 256 256 256 359 360 360 206 49 49 112 159 159 28 28 250 250 291 291 210 211 296 296 0 0 0
208 7 7 164 164 77 202 162 51 51 336 336 336 313 313 40 40 26 26 26 242 189 189 189 189 371 371 359 359 360 360 206 224 49 112 159 159 159 28 291 291 291 25 211 211 296 296 84 84 0
208 7 7 7 77 77 77 77 51 51 336 400 400 313 313 40 243 243 198 26 130 130 10 10 371 371 254 254 359 224 224 224 224 112 112 159 159 75 75 75 291 291 25 211 211 211 305 84 84 17
62 62 205 205 205 205 77 51 51 51 336 400 330 330 266 266 243 243 198 196 196 130 10 10 371 42 254 254 254 254 361 145 145 112 129 129 22 22 378 75 378 378 25 372 372 372 305 89 89 17
62 62 309 309 309 309 87 67 67 67 119 400 376 330 330 266 266 266 198 196 196 130 340 340 340 42 254 254 361 361 361 145 145 112 33 129 22 22 378 378 378 378 25 25 25 372 305 89 89 17
62 237 237 285 309 87 87 67 67 67 119 400 376 376 319 319 312 198 198 221 221 220 340 340 340 42 48 361 361 175 175 175 175 339 33 129 22 204 204 184 184 184 184 25 25 372 305 305 17 17
62 237 237 285 87 87 64 64 67 119 119 375 375 376 319 319 312 198 198 221 221 220 220 220 220 42 48 288 288 157 157 339 339 339 33 85 85 204 204 184 93 86 257 257 390 390 102 295 295 295
62 285 285 285 63 63 64 216 119 119 119 375 375 276 228 228 312 370 370 106 106 134 385 190 190 190 48 48 288 157 157 157 157 33 33 85 85 346 346 184 93 86 257 257 390 390 102 102 295 295
0 0 0 0 63 63 64 216 260 260 260 276 276 276 228 312 312 370 370 106 134 134 385 385 190 190 192 192 288 288 288 157 157 85 85 85 85 346 346 93 93 86 86 86 390 390 234 102 19 19
0 0 0 0 334 334 334 216 216 216 260 276 5 276 228 228 312 177 177 106 134 201 201 385 358 192 192 192 192 288 139 139 163 163 122 2 2 286 286 286 286 86 86 136 136 234 234 234 19 19
0 0 0 0 334 334 334 54 54 216 216 5 5 41 228 228 177 177 255 255 201 201 201 358 358 231 203 203 139 139 139 199 163 163 122 2 2 337 337 337 286 286 351 351 136 234 234 0 0 0
0 0 0 0 320 320 320 54 54 352 352 5 41 41 228 322 322 322 255 255 201 65 65 358 231 231 95 203 203 387 387 199 199 199 122 122 317 337 337 55 286 286 351 351 136 30 30 0 0 0
0 0 0 320 320 158 158 158 158 352 396 396 41 41 124 322 377 255 255 1 201 65 65 231 231 231 95 95 314 300 387 387 212 128 128 356 317 337 337 55 55 160 160 248 248 30 30 30 0 0
0 0 0 0 0 0 0 367 158 352 396 396 41 41 124 377 377 1 1 1 394 394 65 231 258 258 95 95 314 300 300 300 212 128 128 356 317 317 55 55 55 160 160 248 248 332 303 303 0 0
0 0 35 0 0 0 367 367 158 107 107 364 364 364 124 377 38 38 394 394 394 394 374 374 258 329 95 95 314 300 300 212 212 20 128 356 356 317 74 74 74 380 380 380 380 332 303 303 0 0
0 0 35 0 0 0 367 0 158 107 107 364 364 15 124 124 38 140 140 394 394 259 374 374 258 329 329 329 314 39 83 83 20 20 366 193 193 335 88 88 74 380 380 229 332 332 170 170 0 0
0 35 35 0 0 0 367 0 0 0 0 0 0 15 15 15 38 140 140 363 259 259 374 374 298 60 60 329 269 39 39 83 83 20 366 193 193 335 88 88 88 229 229 229 197 170 170 0 0 0
0 247 247 0 0 0 0 0 0 0 0 0 0 287 287 287 38 363 363 363 259 298 298 298 298 60 60 269 269 39 76 76 76 20 366 193 335 335 335 34 34 34 197 197 197 252 252 0 0 0
0 247 247 0 11 293 0 0 0 0 0 0 0 287 287 287 232 363 363 363 232 298 108 187 187 187 187 269 39 39 76 284 76 20 366 366 366 366 306 306 34 34 197 197 252 252 0 0 0 0
0 0 247 11 11 293 0 0 0 0 0 0 0 0 0 287 232 232 232 232 232 298 108 108 96 187 187 110 110 110 110 284 284 284 391 391 306 306 306 306 281 281 281 197 197 275 275 0 0 0
0 11 11 11 293 293 0 0 0 0 0 0 209 0 0 287 0 232 185 185 185 185 108 108 96 187 187 13 13 13 284 284 284 353 353 391 306 306 100 100 109 109 281 275 275 275 275 0 0 0
0 11 389 389 79 79 79 0 0 209 209 209 209 0 0 0 0 4 4 4 174 174 264 264 96 96 123 123 123 13 13 13 72 353 353 391 357 357 100 100 109 109 0 0 0 0 0 0 0 0
0 11 389 389 389 194 79 79 0 133 133 178 0 0 0 0 239 4 4 238 174 174 264 264 264 270 270 270 123 123 123 156 72 72 353 353 357 100 100 100 109 301 301 301 0 0 0 0 0 0
0 338 338 389 389 194 194 194 0 133 133 178 178 0 0 166 239 239 239 238 238 222 222 222 264 270 270 270 147 147 123 156 72 72 68 68 357 342 342 342 342 301 301 301 333 0 0 0 0 0
0 338 338 50 50 0 0 0 0 133 133 178 178 166 166 166 166 23 23 152 238 373 222 222 323 323 137 137 147 147 156 156 200 200 125 68 68 342 318 215 316 316 333 333 333 369 369 0 0 0
0 0 349 50 50 0 0 120 120 120 133 133 178 178 289 289 289 23 23 152 152 373 222 222 323 323 137 137 173 173 315 315 200 200 125 125 318 318 318 215 316 316 225 225 225 369 369 369 369 369
0 0 349 349 349 349 214 214 249 120 120 271 271 271 289 381 94 94 94 152 152 373 373 304 304 82 82 82 173 173 245 315 315 315 315 125 318 318 318 215 215 215 273 273 225 0 0 0 0 0
0 0 0 0 272 272 214 249 249 120 120 271 103 381 381 381 94 94 94 152 328 328 180 180 304 82 82 82 173 245 245 138 138 153 153 153 318 299 299 161 161 161 273 273 225 0 0 0 132 0
0 0 0 0 272 272 214 249 249 61 61 271 103 103 176 381 94 94 307 297 297 328 180 180 304 324 324 82 99 245 245 138 138 153 153 153 282 299 299 161 98 273 273 273 111 0 0 0 132 0
0 0 0 0 272 29 267 267 267 61 61 61 61 103 176 381 307 307 307 307 297 328 328 168 304 324 151 151 99 251 251 138 138 153 153 282 282 282 368 368 98 111 111 111 111 113 113 0 132 0
0 331 0 268 268 29 267 267 267 267 399 61 61 176 176 381 246 246 52 362 362 362 168 168 304 324 151 151 99 99 251 251 138 138 282 282 195 154 368 368 98 111 111 111 0 113 56 0 132 0
0 331 331 268 268 29 354 354 354 354 399 399 399 399 176 246 246 246 52 181 45 362 168 261 261 155 155 155 155 155 251 46 46 195 195 195 195 154 154 154 98 398 398 0 0 113 56 0 132 0
0 331 331 331 37 29 37 37 12 12 149 149 149 81 233 233 233 52 52 181 45 362 310 261 31 31 155 155 280 280 280 46 46 195 141 141 141 154 148 148 263 398 398 0 0 0 56 0 241 241
0 331 58 58 37 37 37 37 12 149 149 92 92 81 292 292 233 6 6 181 45 362 310 261 31 31 31 280 280 280 36 384 384 141 141 279 141 348 148 148 263 398 398 0 0 56 56 241 241 241
0 0 58 58 144 144 326 326 12 149 12 92 92 81 81 292 292 6 6 181 45 310 310 261 31 57 57 57 57 36 36 384 384 141 141 279 348 348 263 263 263 0 0 0 0 56 56 241 241 241
0 0 58 144 144 144 326 326 12 12 12 69 69 69 69 292 292 292 6 181 310 310 310 53 31 57 57 57 57 36 36 36 143 101 101 279 279 348 235 235 235 0 0 0 0 105 116 116 116 0
0 395 58 58 144 144 3 3 90 90 66 0 0 0 0 345 345 345 6 236 236 236 53 53 53 311 311 311 217 217 217 217 143 143 101 321 321 348 235 277 277 0 131 131 105 105 116 116 265 0
0 395 395 118 118 118 3 3 90 90 66 0 0 0 345 345 0 0 0 236 236 236 126 126 53 126 135 311 70 217 217 91 91 143 101 321 321 308 397 277 277 0 131 131 105 105 116 116 265 0
0 395 395 395 118 118 3 3 90 90 66 0 0 0 0 0 0 43 43 43 274 274 126 126 126 126 135 135 70 70 70 91 91 91 101 101 101 308 397 397 397 0 0 0 0 0 0 0 265 0
0 0 0 0 0 0 0 0 90 0 66 0 0 0 0 0 244 43 43 43 115 274 274 0 0 240 240 135 70 70 0 0 0 0 117 117 308 308 308 294 397 397 0 0 0 0 0 0 265 0
0 0 0 0 0 0 0 0 0 0 0 0 0 0 0 0 244 244 244 43 115 115 115 0 0 240 240 240 240 70 70 0 0 0 117 117 308 308 308 294 294 294 294 0 0 0 0 0 265 265
