50 400 20
96478 1026
54101 1948
64108 1090
98190 1574
88277 1904
62809 1708
62920 1991
67780 1453
76240 1651
66712 1907
64497 1908
59940 1179
71251 1275
73214 1803
75879 1084
95194 1599
56114 1418
58126 1591
54134 1127
94113 1916
72281 1493
94170 1508
55130 1086
92464 1006
51658 1445
93954 1619
59018 1116
57265 1406
99420 1260
51572 1678
50002 1213
82833 1539
82916 1198
98011 1743
71731 1929
73320 1851
89783 1563
83769 1282
52549 1199
82936 1474
93529 1695
65234 1063
95852 1750
89102 1539
67930 1278
50307 1899
93824 1131
60361 1673
67168 1031
67017 1223
76170 1043
78144 1254
83495 1285
53006 1043
95484 1878
89645 1494
74657 1091
78148 1791
56204 1754
66725 1500
55403 1111
85885 1208
94913 1135
94958 1621
81610 1250
50236 1390
81079 1217
73636 1111
58693 1873
61617 1810
61274 1932
98148 1952
97840 1164
92347 1051
50024 1437
87165 1579
50897 1368
53082 1638
76217 1835
83361 1071
57286 1199
69078 1657
73939 1821
65468 1216
95232 1051
77483 1355
57710 1374
59569 1756
77120 1201
76627 1420
68468 1475
56688 1013
83984 1582
83175 1230
53441 1562
70530 1135
52414 1215
80714 1039
85829 1837
79347 1509
68002 1060
98665 1312
60405 1506
66968 1166
80205 1166
91247 1428
94794 1610
93272 1926
69516 1477
68581 1067
78973 1275
75818 1025
85496 1858
61948 1360
68357 1670
71042 1039
52903 1423
57215 1410
99314 1538
78278 1493
60092 1750
89510 1296
75296 1055
66980 1824
74179 1055
63651 1946
62742 1482
85894 1916
59104 1630
66764 1051
85108 1025
93421 1150
92309 1678
88555 1047
75446 1925
71445 1779
59798 1085
90594 1089
79164 1378
58302 1229
51508 1020
86977 1683
75214 1574
83543 1346
75423 1782
90601 1160
85789 1464
88671 1692
61056 1075
92474 1190
92085 1961
98331 1397
57332 1435
95425 1158
50777 1151
92245 1868
83925 1902
81948 1508
51314 1713
76078 1917
83030 1984
84474 1663
65074 1417
51882 1584
99550 1864
91264 1706
86572 1196
85291 1028
54603 1379
64415 1369
87366 1358
87475 1420
95224 1084
83636 1060
70142 1987
65541 1976
79923 1930
92637 1980
96151 1341
86741 1014
57665 1603
89782 1208
56447 1107
67250 1882
51476 1207
83011 1227
86859 1176
96060 1471
84115 1087
84526 1013
76670 1884
68309 1400
60583 1882
93321 1461
51272 1373
83643 1645
53400 1428
97462 1584
67560 1715
50104 1222
84998 1166
88563 1786
81635 1667
55120 1818
61319 1673
55415 1940
78180 1473
71568 1492
89654 1256
72088 1684
95355 1584
59934 1121
86082 1908
63951 1853
83298 1477
68995 1994
74116 1283
98439 1471
61104 1504
55622 1105
96580 1423
88455 1233
79179 1772
88082 1136
93216 1519
50599 1216
85055 1985
51981 1309
64810 1115
82713 1795
61101 1705
93861 1198
90097 1906
99806 1589
58619 1917
57404 1279
96402 1827
97975 1657
52869 1976
76910 1098
96807 1918
98228 1478
99212 1170
73034 1045
65691 1913
96431 1689
84641 1470
68765 1414
80428 1005
67968 1602
78488 1893
58408 1955
99881 1283
80049 1817
90525 1438
65795 1060
87779 1202
55478 1034
65283 1868
70366 1240
92332 1861
50614 1741
72361 1471
82093 1083
74090 1317
82137 1882
90336 1943
62827 1525
66895 1872
75634 1720
89323 1049
81075 1787
97109 1286
97666 1440
84695 1157
51152 1369
61954 1492
75828 1631
85741 1298
60579 1972
85327 1413
69054 1538
76912 1731
53369 1997
73953 1173
93025 1539
62196 1690
55040 1947
81759 1217
87312 1556
97137 1286
86775 1864
72631 1799
72307 1912
65458 1991
87237 1797
53454 1053
51314 1791
97422 1936
64362 1823
95108 1968
57025 1519
55145 1547
59539 1268
93119 1814
63490 1754
66925 1229
78666 1188
69974 1653
65457 1541
65276 1192
59896 1947
53665 1701
71325 1600
66463 1686
86234 1627
73222 1308
92588 1407
91843 1739
90941 1828
87415 1798
65584 1695
76686 1056
78926 1101
64444 1458
85226 1970
92507 1696
64985 1679
91073 1286
81248 1704
83695 1549
75075 1055
81288 1397
91719 1939
79561 1852
69778 1629
82555 1320
81600 1694
64724 1863
66139 1610
89305 1761
76123 1696
77344 1972
62701 1689
69542 1282
74912 1649
55983 1729
73500 1809
81366 1896
64465 1899
74177 1499
64653 1462
66744 1457
61215 1159
84312 1483
63498 1006
79302 1870
60790 1682
57926 1543
75096 1370
60720 1646
98082 1649
72146 1312
62974 1659
74232 1432
61599 1675
82176 1683
81386 1775
95180 1284
72369 1439
92753 1014
61510 1129
65495 1774
68896 1226
81603 1722
61671 1136
88275 1870
63246 1741
90698 1600
86587 1616
84676 1765
83219 1777
61562 1156
65058 1306
92133 1330
86459 1104
53549 1815
93567 1646
75645 1359
90059 1900
69138 1922
55086 1878
66793 1572
87241 1649
69428 1115
66172 1371
94543 1860
93492 1264
59759 1674
94297 1954
82 82 132 132 132 0 0 0 325 325 325 255 165 165 165 0 0 0 0 186 186 186 0 0 0 0 0 0 0 157 157 157 0 367 367 367 134 134 134 0 0 264 264 264 264 0 0 0 0 0
82 82 194 194 132 0 0 0 0 0 325 255 306 165 165 0 0 0 186 186 0 0 0 0 0 226 226 0 0 157 282 157 0 367 375 367 367 367 134 0 0 264 264 264 316 0 0 0 0 0
0 82 194 194 132 0 0 0 0 0 255 255 306 306 306 0 0 0 376 0 0 0 236 236 226 226 0 0 0 282 282 0 0 375 375 375 375 378 378 0 0 142 142 142 316 316 273 273 273 273
0 82 82 82 132 0 0 0 0 0 386 374 0 0 0 0 376 376 376 0 0 236 236 3 3 0 0 0 0 282 254 254 0 393 393 326 326 378 378 122 122 122 39 142 142 316 46 78 78 78
0 0 0 57 57 57 305 0 0 0 386 374 374 374 374 275 275 376 376 0 0 276 236 3 139 139 139 279 254 254 254 254 0 393 393 326 326 0 0 0 122 122 39 39 39 39 46 78 78 78
0 0 0 57 120 305 305 305 305 305 386 374 33 33 33 229 275 275 376 276 276 276 232 3 139 139 139 279 279 254 342 342 0 0 0 326 326 0 0 0 0 0 39 39 152 39 46 234 234 78
0 243 243 57 120 120 120 387 387 305 386 262 33 21 21 229 109 109 291 291 276 232 232 3 3 139 127 127 279 342 342 342 0 0 380 380 355 355 0 0 0 0 162 162 152 152 46 46 234 234
0 243 243 120 120 120 120 387 348 43 43 262 262 21 21 229 109 109 291 291 291 232 138 138 247 247 127 127 196 196 136 136 136 136 380 380 355 355 0 0 0 0 162 162 152 152 84 84 84 84
151 151 0 0 0 231 126 387 348 43 43 43 262 229 229 229 333 333 291 291 291 138 138 247 247 247 335 127 196 196 65 65 170 136 380 380 355 355 355 355 0 0 0 152 152 56 84 84 0 84
151 151 0 0 0 231 126 126 348 348 348 356 356 53 53 53 333 333 6 59 59 138 304 304 247 247 335 335 335 65 65 65 170 136 380 380 52 0 0 0 0 0 0 0 0 56 56 56 0 84
385 385 0 0 0 231 231 126 179 179 348 356 356 53 195 195 6 6 6 59 59 59 304 304 247 24 327 327 210 210 365 365 170 218 218 218 52 0 0 0 0 93 93 0 0 56 56 56 0 0
385 385 0 0 0 231 231 231 179 179 53 53 53 53 195 195 346 346 45 59 44 59 304 304 24 24 327 377 377 210 365 365 170 218 52 52 52 285 285 260 260 93 93 0 0 0 0 0 0 0
385 385 0 0 0 0 0 0 35 130 130 130 130 227 221 221 346 346 45 44 44 269 24 24 24 24 327 377 261 210 361 361 361 322 314 314 314 285 285 285 260 0 0 0 0 0 0 0 0 0
385 0 0 0 10 10 0 35 35 13 130 130 227 227 221 221 346 346 45 44 44 269 269 30 30 24 377 377 261 261 361 361 322 322 314 341 341 341 285 32 260 0 0 0 71 71 0 0 0 0
0 0 0 0 10 10 0 35 35 13 130 227 227 159 159 159 159 159 45 44 44 269 269 30 30 338 338 338 261 261 296 296 322 322 341 341 341 32 32 32 288 0 0 0 71 71 0 0 70 70
0 0 0 318 10 10 10 320 13 13 130 227 227 159 63 63 323 323 323 110 110 30 30 30 30 338 338 338 261 261 296 296 322 337 337 206 341 94 94 94 288 288 288 0 71 71 167 167 167 70
0 318 318 318 10 320 320 320 320 123 123 131 131 131 63 42 42 144 323 110 110 41 41 147 147 338 338 75 75 27 27 343 343 337 337 206 206 206 94 160 173 173 288 0 0 0 181 167 167 70
0 0 0 215 215 239 239 239 5 123 123 148 148 131 63 42 42 144 144 144 41 41 41 147 95 253 253 75 75 372 27 27 343 343 343 118 118 118 94 160 173 173 173 266 0 0 181 181 0 0
0 0 215 215 215 220 220 239 5 5 5 148 148 131 164 42 42 144 128 128 379 379 379 147 95 253 253 95 372 372 96 96 96 343 343 118 118 118 160 160 173 173 173 266 266 26 181 181 0 0
310 310 310 215 215 220 220 244 244 5 5 5 324 324 164 42 158 158 128 128 379 169 169 169 95 95 95 95 372 372 96 187 187 187 321 321 31 31 31 31 185 185 214 266 266 26 267 267 267 267
310 313 184 184 184 184 92 244 329 329 208 208 324 164 164 158 158 128 128 128 198 169 169 169 183 183 183 183 154 154 187 187 114 187 321 321 31 31 265 265 185 185 214 214 214 26 0 0 0 0
310 313 92 92 92 92 92 244 244 329 353 208 324 324 76 76 76 198 198 198 198 169 169 87 87 87 19 183 154 154 114 114 114 187 81 321 174 174 265 265 224 224 214 214 214 26 0 0 0 0
0 313 313 0 331 331 331 244 244 329 353 208 345 345 51 51 76 198 198 223 223 2 2 87 87 14 19 19 141 141 114 114 172 81 81 174 174 174 250 250 224 319 0 0 0 0 0 358 358 358
0 0 0 0 331 331 389 244 278 278 353 353 345 345 51 51 293 293 293 223 223 2 2 14 14 14 19 19 141 141 200 172 172 81 363 352 352 252 250 250 224 319 0 28 28 0 0 99 99 358
0 0 0 0 0 331 389 278 278 107 107 107 345 49 49 293 293 293 293 38 38 2 2 290 290 290 19 19 200 200 200 172 34 81 363 352 352 252 252 319 319 319 0 28 28 0 0 99 99 286
0 0 0 0 0 331 389 389 180 180 107 107 345 49 49 124 124 124 38 38 38 2 2 274 274 290 251 19 200 200 34 34 34 111 363 363 352 252 252 252 121 121 0 0 193 193 0 286 286 286
256 256 60 60 60 60 389 389 180 180 180 400 22 22 22 22 382 124 77 77 274 274 274 274 274 251 251 251 251 200 67 67 67 111 363 363 295 295 54 54 54 121 121 193 193 193 0 286 286 286
256 0 60 60 60 60 389 119 119 180 180 400 400 400 382 382 382 77 77 163 171 171 259 259 259 188 188 396 396 396 67 67 111 111 363 363 295 295 54 54 54 54 390 390 104 104 104 145 145 286
256 0 312 312 7 7 389 119 119 263 263 176 176 382 382 397 397 397 77 163 171 171 259 1 1 188 188 396 113 113 113 8 8 182 182 182 295 4 4 4 91 390 390 222 368 368 104 145 145 145
256 0 312 312 7 199 80 80 80 263 69 176 176 371 192 397 397 397 397 163 163 171 62 62 1 1 1 1 113 113 113 8 8 182 317 202 202 281 4 4 91 390 390 222 368 349 104 104 0 0
0 0 129 129 7 199 80 83 238 263 69 69 69 371 192 192 177 177 397 25 351 351 62 398 398 1 68 68 68 68 68 219 317 317 317 202 202 281 281 281 91 91 222 222 368 349 257 257 0 0
48 129 129 79 79 199 237 83 238 263 263 354 354 371 371 192 177 177 55 25 351 351 62 398 398 280 280 287 287 68 219 219 156 156 357 357 357 357 281 281 281 392 222 222 222 349 349 257 0 0
48 48 79 79 199 199 237 83 238 263 263 354 354 72 371 370 370 177 55 25 25 25 62 203 23 23 280 287 219 219 219 219 156 357 357 357 249 249 249 249 281 392 360 360 360 58 58 257 116 0
0 48 79 199 199 237 237 83 238 303 303 303 72 72 371 370 370 55 55 25 25 25 203 203 149 23 280 287 101 101 101 101 156 156 47 357 246 246 64 64 392 392 135 360 360 58 116 116 116 0
0 0 292 292 191 191 237 241 238 303 303 303 72 72 103 103 166 166 29 29 89 89 203 203 149 23 280 216 101 100 86 86 86 47 47 47 246 64 64 135 135 135 135 360 391 58 334 334 0 0
0 0 292 292 191 241 241 241 241 303 190 36 72 72 103 117 166 166 29 29 89 89 298 298 149 280 280 216 101 100 86 86 86 330 330 47 246 64 12 12 135 135 146 360 391 58 334 334 0 0
0 0 0 0 191 272 272 272 272 190 190 36 36 36 103 117 74 388 388 388 89 66 66 298 149 149 395 216 216 100 100 268 268 330 330 47 73 73 12 12 108 108 146 146 391 391 391 334 0 0
0 0 0 0 347 347 272 272 272 190 190 36 36 36 36 117 74 74 388 89 89 66 373 298 298 298 395 395 395 268 268 268 268 330 330 217 73 73 217 12 12 108 108 146 146 391 391 0 0 0
0 0 0 0 347 347 272 137 137 137 213 213 213 359 359 117 74 74 388 309 309 66 373 168 168 168 168 233 233 268 207 207 294 217 217 217 217 217 217 344 344 344 344 258 258 225 225 178 0 0
0 0 0 0 347 18 37 37 204 137 213 213 213 359 359 384 384 384 388 309 309 373 373 168 168 168 143 233 233 340 207 207 294 61 61 289 289 289 289 344 344 125 125 258 258 225 178 178 178 178
97 97 98 98 98 18 37 37 204 11 11 230 381 381 381 381 384 384 307 307 197 240 240 240 240 240 143 143 340 340 294 294 294 61 61 155 155 155 155 155 125 125 332 332 225 225 0 0 0 0
97 97 98 98 98 18 18 277 204 11 11 230 85 85 209 209 209 384 307 307 197 197 302 205 205 205 205 143 340 340 294 294 294 61 112 112 150 150 150 155 125 332 332 332 332 9 9 9 9 15
97 97 98 366 366 277 277 277 204 339 339 230 85 85 209 209 209 299 307 308 308 197 302 301 205 205 205 394 271 271 271 271 315 315 112 112 150 150 153 115 115 115 332 332 201 9 9 15 15 15
0 300 300 366 366 106 106 106 204 339 339 230 230 20 209 209 299 299 299 308 308 302 302 301 301 301 394 394 364 364 271 271 315 315 315 16 150 153 153 383 115 115 115 201 201 88 88 211 15 15
0 300 300 140 366 106 50 50 283 283 133 20 20 20 299 299 299 212 299 308 308 0 0 0 0 394 394 394 364 364 271 235 235 315 315 16 16 153 383 383 115 40 40 201 201 88 88 211 211 0
0 140 140 140 366 366 50 50 283 283 133 133 133 133 102 102 399 212 0 0 0 0 0 0 0 105 284 284 270 270 270 235 235 362 362 362 16 383 383 383 311 311 40 40 201 201 328 328 211 0
0 0 0 0 17 17 0 0 0 0 0 0 0 102 102 245 399 212 0 350 350 350 0 0 105 105 284 0 270 270 270 270 270 362 161 161 161 161 161 0 0 311 311 248 248 248 328 328 0 0
0 0 0 0 17 17 189 0 0 0 0 0 102 102 245 245 399 212 212 350 350 0 0 0 105 105 284 0 0 0 0 0 297 297 0 242 242 242 242 0 0 311 311 248 369 369 0 0 0 0
0 0 0 0 0 0 189 0 0 0 0 0 0 0 245 399 399 212 212 336 336 0 0 0 0 0 0 0 0 0 0 0 297 297 0 242 242 242 242 0 0 311 90 90 369 369 0 0 0 0
0 0 0 0 189 189 189 0 0 0 0 228 228 228 228 336 336 336 336 336 336 0 0 0 0 0 0 0 0 0 0 0 0 0 0 0 0 0 0 0 0 311 90 90 175 175 175 175 175 0
