50 400 20
82998 1355
59673 1172
74170 1948
69911 1338
61297 1109
77165 1923
69294 1264
82384 1558
88634 1547
54468 1071
84295 1685
90183 1965
73198 1155
60912 1303
74426 1257
63375 1143
50817 1077
86260 1853
62799 1469
96243 1968
55912 1700
70785 1445
94065 1199
77912 1228
58778 1471
92834 1924
89053 1117
78436 1965
93823 1666
96653 1860
67973 1834
79452 1887
62905 1557
58001 1862
92984 1165
77427 1997
57389 1022
78029 1443
84488 1227
55303 1856
53912 1801
99012 1671
51572 1788
72331 1004
64042 1566
56676 1446
85718 1554
81959 1358
97219 1832
76013 1120
92315 1880
94194 1843
93897 1075
55423 1094
65923 1196
98142 1175
96168 1167
68011 1797
97350 1969
96137 1661
92599 1514
51272 1559
54341 1580
53585 1826
84735 1994
82391 1115
90097 1276
96634 1319
87459 1014
71289 1559
63959 1725
92678 1160
60090 1749
86834 1323
76158 1923
83381 1737
81352 1671
86364 1751
93568 1281
85458 1297
78692 1394
68928 1551
96787 1280
60740 1839
87530 1040
85239 1645
85379 1824
60962 1678
51213 1635
69986 1259
54990 1611
53589 1098
79075 1557
75693 1005
86969 1830
89115 1205
97046 1124
83099 1120
59901 1254
50530 1337
93470 1129
72204 1605
71832 1335
72016 1081
92159 1455
88623 1633
55724 1084
73330 1034
64042 1346
69072 1007
89638 1107
92481 1776
67250 1703
63718 1934
74715 1351
89183 1346
67521 1922
77415 1457
97644 1559
59878 1072
66871 1008
62956 1743
77724 1664
60341 1680
91391 1512
78762 1860
52318 1589
60213 1283
89172 1956
79393 1784
60817 1680
66872 1269
84579 1164
64159 1941
95988 1370
68633 1284
71887 1022
55640 1026
56249 1880
67072 1755
87576 1508
77352 1482
88526 1110
53967 1036
90383 1333
53196 1272
69418 1142
82368 1223
52336 1632
81538 1883
89770 1304
50165 1594
89082 1916
63526 1530
97494 1310
83903 1527
65753 1001
76386 1027
50605 1800
74183 1676
87516 1738
95386 1512
65759 1018
95244 1881
55950 1087
77316 1859
50928 1079
91075 1429
50918 1448
62674 1441
78563 1626
93381 1378
82416 1384
50027 1988
67637 1422
79230 1222
71458 1398
83372 1676
69682 1664
98757 1798
64618 1874
84187 1962
93813 1101
61478 1119
60664 1046
59796 1596
81339 1715
93968 1916
65540 1547
67060 1721
54509 1043
64180 1275
75709 1854
64902 1660
71273 1523
74235 1315
96623 1687
91712 1419
50709 1902
79031 1716
60500 1321
59726 1163
62999 1481
64191 1726
93635 1544
82948 1007
85440 1584
51332 1763
83043 1218
72052 1932
57223 1996
56916 1991
82306 1506
55838 1417
60746 1098
68859 1581
70241 1850
85577 1387
75126 1985
51315 1188
71930 1013
96412 1827
69814 1945
79948 1889
72435 1354
80634 1162
89450 1815
83457 1184
94243 1004
60526 1039
86834 1692
64415 1144
99850 1162
57205 1426
50830 1827
66906 1455
62445 1614
91058 1609
57767 1417
75364 1436
77900 1519
58690 1480
63301 1299
71505 1821
51356 1972
85605 1361
57200 1272
80980 1028
96748 1902
74470 1717
64423 1297
54992 1960
61655 1800
84719 1394
53707 1735
62500 1316
80271 1316
91351 1878
57816 1705
55370 1147
99755 1384
73541 1025
92426 1411
76077 1067
79648 1015
63709 1209
52058 1206
50235 1721
77601 1906
94572 1494
71826 1371
97274 1623
95172 1140
67201 1377
93169 1358
91894 1127
95727 1170
63775 1241
76063 1352
99985 1340
75327 1444
86282 1362
92548 1522
92132 1391
76759 1160
74234 1477
68759 1017
70612 1090
54451 1400
65029 1801
90683 1549
52234 1697
75992 1297
59463 1727
55632 1189
65229 1867
76407 1367
63353 1346
54011 1002
75673 1330
80742 1205
68023 1844
52878 1374
60432 1862
86293 1164
54355 1132
83634 1199
77349 1224
58283 1772
66390 1781
93676 1929
94353 1671
66952 1275
53409 1976
64203 1265
75945 1553
63287 1341
71986 1358
75029 1792
98396 1005
72040 1344
63054 1992
89984 1223
71714 1208
65435 1207
88089 1119
97137 1214
78012 1507
71886 1858
62315 1386
64517 1075
76664 1309
62667 1885
92990 1370
80753 1310
73440 1473
89980 1653
98068 1173
76393 1191
96496 1017
94357 1482
74596 1126
65420 1892
50968 1049
82914 1931
80806 1082
85768 1426
81677 1421
99416 1883
86172 1413
81223 1715
73087 1343
97883 1695
83328 1710
64277 1104
79268 1054
90594 1934
80098 1212
60346 1554
85242 1815
91930 1483
91994 1960
75911 1029
80490 1592
57938 1531
58142 1423
60835 1373
91008 1814
70171 1170
96891 1522
55767 1143
99248 1276
52745 1006
52124 1789
68718 1768
64172 1787
89238 1646
91477 1243
94894 1313
80666 1560
89561 1490
84760 1923
67164 1161
75635 1117
95525 1591
61439 1067
60353 1698
86966 1605
78704 1172
66738 1766
91750 1074
76184 1366
95854 1614
98765 1455
96587 1411
50427 1697
83019 1762
98781 1763
92777 1803
53690 1627
0 0 0 0 0 0 292 292 292 188 384 384 384 384 310 310 310 310 105 105 105 0 0 367 367 136 136 136 136 136 136 136 144 144 144 0 0 0 0 0 0 0 0 0 0 0 0 0 0 0
0 0 0 0 15 15 25 292 323 188 188 188 310 310 310 186 186 186 105 105 288 0 367 367 367 284 284 331 331 331 165 165 144 144 144 144 251 251 0 0 0 0 0 0 0 139 139 139 0 0
0 0 0 0 0 15 25 292 323 323 323 65 65 65 65 65 186 186 4 4 288 0 274 274 274 284 284 331 331 331 165 165 177 177 53 53 251 0 0 0 0 0 0 0 0 0 139 0 0 0
0 0 0 0 0 15 25 292 50 50 50 65 111 111 133 133 133 388 4 4 288 92 92 92 274 284 277 277 262 262 165 177 177 53 53 53 251 0 85 85 389 0 0 0 0 296 139 0 0 0
0 0 0 0 0 0 25 118 50 68 68 119 119 111 74 74 133 388 388 288 288 18 18 92 274 284 277 277 262 262 357 177 177 53 53 53 251 0 0 85 389 0 0 0 0 296 139 0 0 0
0 0 0 0 0 0 118 118 68 68 68 119 119 111 74 74 190 388 388 288 288 18 18 18 274 277 277 277 252 357 357 177 177 162 33 286 0 0 0 85 389 0 109 109 109 296 296 0 0 0
0 0 0 0 257 257 118 118 64 174 174 386 55 55 55 55 190 190 249 249 249 249 207 207 274 277 252 252 252 210 357 162 162 162 33 286 0 286 0 389 389 109 109 109 109 0 0 0 0 0
0 0 311 311 257 257 118 118 64 174 174 386 278 278 143 143 190 190 19 19 19 207 207 207 207 207 70 70 210 210 357 162 240 240 33 286 286 286 0 216 216 109 216 216 0 0 0 0 0 0
0 0 387 311 311 311 64 64 64 47 386 386 278 278 143 143 190 190 19 19 19 129 129 160 358 207 70 70 210 242 357 242 240 240 33 193 125 125 0 0 216 216 216 216 0 0 0 0 0 0
387 387 387 387 387 311 311 311 47 47 386 140 204 204 204 399 399 399 399 19 19 129 129 160 358 358 157 157 210 242 242 242 283 283 283 193 125 125 125 125 104 104 104 345 345 191 0 0 0 0
0 0 0 387 387 62 62 62 47 140 140 140 204 204 204 96 399 399 124 124 352 352 160 160 160 358 358 157 157 242 265 265 283 193 193 193 193 347 164 164 104 104 104 345 345 191 191 0 0 67
0 0 0 214 214 62 62 62 62 299 299 140 140 140 204 96 96 399 124 124 352 352 379 379 338 338 381 157 157 157 265 265 283 193 193 347 347 347 164 164 6 6 6 11 11 191 0 0 0 67
0 0 0 214 214 354 354 201 201 299 299 140 353 353 353 96 96 150 150 150 352 352 379 379 338 338 381 202 202 157 269 265 269 269 232 13 347 347 164 164 6 6 17 11 11 191 67 67 67 67
39 39 39 214 116 354 354 116 201 299 299 339 339 339 353 148 148 150 150 150 352 212 212 338 338 338 381 381 202 202 269 269 269 232 232 13 13 13 164 324 324 324 17 17 17 17 268 268 0 0
39 246 246 27 116 116 116 116 201 299 299 339 339 339 148 148 280 280 150 9 9 212 400 400 365 101 381 381 202 202 269 269 307 232 330 330 330 117 117 117 117 324 89 89 89 17 268 268 0 0
39 246 246 27 80 80 116 116 201 201 339 339 267 132 148 61 280 280 150 147 9 212 400 400 365 101 101 101 202 307 307 307 307 385 330 94 94 94 94 395 226 226 226 226 89 194 268 268 349 349
39 246 246 27 80 80 163 163 391 391 391 267 267 132 148 61 61 61 147 147 9 114 114 400 365 365 398 398 398 314 307 307 2 385 385 94 279 395 395 395 226 289 289 289 289 194 194 194 349 349
28 246 246 27 1 1 163 163 391 391 391 267 267 132 61 61 61 61 147 147 9 114 114 400 335 335 398 398 314 314 393 393 2 2 385 279 279 215 183 183 183 238 238 228 228 228 228 0 0 0
28 359 359 1 1 1 163 163 128 128 391 142 132 132 342 342 316 316 147 147 9 9 9 335 335 335 366 398 314 393 393 393 2 2 76 279 279 215 183 183 183 238 238 271 271 271 271 0 0 0
28 359 359 0 0 0 45 45 128 128 26 142 142 142 342 154 154 316 316 137 137 350 350 333 333 290 366 366 366 266 266 266 2 2 76 279 279 215 183 183 238 238 271 271 271 271 0 0 0 0
28 359 359 0 0 0 45 45 312 312 26 26 222 222 342 154 154 316 316 137 137 166 350 333 333 290 220 220 38 266 266 138 138 76 76 16 224 215 182 182 374 374 360 332 332 332 0 0 0 0
82 82 82 0 0 0 179 45 312 312 26 26 222 255 255 255 154 305 305 305 166 166 350 333 333 290 220 230 38 38 266 138 138 76 76 16 224 215 182 182 374 360 360 332 0 0 0 0 0 273
82 0 0 0 52 52 179 179 312 231 231 231 222 261 255 255 282 282 282 305 166 166 12 12 290 290 220 230 303 38 303 93 138 138 138 16 224 224 224 374 374 36 360 360 0 0 0 0 0 273
0 0 0 0 52 52 179 179 312 318 231 231 261 261 282 282 282 304 304 304 134 12 12 12 290 290 230 230 303 303 303 93 93 93 306 16 102 102 14 14 14 36 360 360 0 0 295 273 273 273
0 135 0 56 56 56 179 179 312 318 261 261 261 261 282 149 304 304 134 134 134 396 396 396 328 328 328 293 293 169 169 235 235 254 306 306 102 102 14 14 14 36 36 321 321 321 295 120 0 0
0 135 56 56 56 56 83 83 318 318 110 110 110 60 60 149 149 149 149 315 315 396 334 334 328 328 328 293 293 169 169 235 235 254 306 306 239 239 151 151 241 241 36 321 100 100 295 120 195 0
0 135 135 355 355 83 83 79 79 327 327 110 110 281 60 60 250 250 171 315 203 203 203 334 170 170 170 199 199 199 297 245 245 254 254 239 239 239 151 151 241 241 36 36 100 100 295 120 195 0
0 0 135 355 355 83 83 79 41 41 327 327 327 281 281 337 250 171 171 315 203 88 88 334 170 170 170 199 130 130 297 245 245 254 254 239 239 336 336 336 241 325 325 325 301 120 120 120 195 195
0 135 135 0 0 83 79 79 41 41 121 121 281 281 281 337 250 171 171 344 344 88 88 88 5 351 173 173 130 130 297 297 361 361 168 168 168 63 63 336 325 325 66 66 301 120 377 219 219 309
0 0 0 0 0 356 356 30 30 243 243 121 51 51 51 337 337 171 171 344 344 198 198 5 5 351 173 87 87 371 371 361 361 361 168 168 211 63 63 325 325 46 66 66 301 377 377 219 219 309
383 383 0 0 0 356 158 30 30 243 243 121 153 153 51 51 51 270 270 180 180 198 198 5 351 351 173 87 87 371 371 42 42 42 42 168 211 63 156 46 46 46 66 294 301 377 368 219 219 309
383 383 0 0 0 356 158 30 58 58 259 153 153 153 275 270 270 270 180 180 329 234 234 397 209 351 173 200 107 107 107 107 107 263 263 211 211 156 156 260 260 294 294 294 256 256 368 368 368 309
383 383 383 141 141 356 158 30 58 259 259 275 275 275 275 24 362 362 329 329 329 234 234 397 209 351 351 200 200 200 8 8 8 263 263 227 227 156 156 237 260 172 172 294 294 256 145 145 145 309
276 276 276 276 141 141 158 30 58 259 259 259 97 97 24 24 206 362 362 329 329 197 397 397 209 209 351 200 200 200 8 8 8 263 263 227 227 73 156 237 260 260 172 172 294 256 145 145 145 0
276 161 161 161 161 37 98 98 58 341 341 341 97 97 24 206 206 390 390 390 197 197 397 397 322 322 322 322 322 322 8 8 23 23 264 227 73 73 237 237 372 260 260 108 108 256 256 256 145 0
0 161 161 161 161 37 37 98 98 341 341 22 22 22 206 206 206 390 390 69 197 378 378 370 370 155 155 155 218 218 300 300 23 23 264 264 73 127 127 372 372 372 108 108 0 0 0 256 0 0
0 0 0 0 0 0 37 72 341 341 341 22 90 90 90 106 106 390 390 69 197 378 378 370 370 319 319 155 218 218 300 300 23 23 264 264 127 127 127 285 285 372 0 0 0 0 0 0 0 0
0 0 0 0 0 0 37 72 72 187 187 90 90 112 90 106 106 69 69 69 152 99 99 99 370 319 319 319 319 122 48 48 48 48 264 264 127 127 127 272 285 285 0 0 0 0 0 0 0 0
0 0 0 0 0 0 302 72 72 187 187 187 112 112 106 106 21 21 152 152 152 99 99 99 225 225 159 159 122 122 48 71 71 71 7 7 7 7 208 272 272 221 0 0 0 0 0 0 0 0
185 185 0 0 0 0 302 72 10 131 131 131 44 112 106 106 21 21 21 375 382 382 287 99 225 159 159 189 122 189 189 189 320 71 57 57 57 7 208 272 272 221 0 0 0 29 29 29 0 0
185 126 126 126 0 0 302 302 10 10 131 44 44 112 44 54 54 54 54 375 382 382 287 287 225 225 225 189 189 189 348 178 320 320 320 57 233 233 208 0 0 221 229 0 0 29 236 236 0 0
185 126 34 43 43 43 302 302 302 10 131 44 44 44 44 3 3 3 375 375 113 113 287 287 298 298 376 376 348 348 348 178 178 178 57 57 0 233 208 0 0 221 229 229 229 236 236 236 0 0
185 185 34 43 146 308 213 213 95 95 77 86 86 253 253 3 3 375 375 113 113 113 113 113 298 298 376 376 348 75 75 75 75 178 167 167 0 233 208 208 0 0 0 229 103 236 236 236 0 0
0 185 34 34 146 308 291 213 95 95 77 86 258 253 253 253 253 375 84 84 84 84 84 84 298 298 59 59 348 343 343 205 205 205 167 167 0 0 208 208 0 394 0 0 103 247 247 247 0 0
0 0 146 146 146 308 291 213 244 77 77 86 258 313 253 326 326 375 78 78 78 78 346 346 298 298 59 59 59 343 343 81 81 205 0 0 0 40 40 40 0 394 394 394 103 373 373 247 175 175
0 0 0 223 223 308 291 291 244 258 258 258 258 313 313 326 340 340 192 192 346 346 346 184 184 184 184 0 59 59 59 81 248 248 248 0 0 40 40 363 0 394 0 0 103 373 373 373 175 175
0 0 223 223 308 308 291 291 244 244 115 115 313 313 313 326 340 340 192 192 380 32 369 181 181 181 0 0 0 392 392 81 248 248 248 0 0 363 363 363 0 0 0 31 31 49 49 0 0 0
0 0 20 20 20 20 217 217 217 217 115 115 313 317 317 317 317 317 192 176 380 32 369 369 369 181 0 0 0 392 392 0 0 0 0 0 0 0 0 0 0 0 0 0 31 49 49 0 0 0
0 0 0 364 364 0 0 217 217 0 0 0 313 317 0 176 176 176 176 176 380 32 32 32 0 0 0 0 0 392 35 0 0 0 0 0 0 0 0 0 0 0 196 0 31 49 196 123 123 123
0 0 0 364 364 0 0 217 217 0 0 0 0 0 0 0 0 0 0 0 380 91 91 91 91 0 0 0 0 392 35 35 35 0 0 0 0 0 0 0 0 0 196 196 196 196 196 123 123 123
