50 400 20
95782 1245
62797 1507
74118 1174
88122 1504
80392 1989
57644 1143
54861 1150
62235 1642
88875 1632
95752 1506
73482 1115
82602 1107
55436 1225
75732 1849
96300 1455
71856 1274
90378 1269
51630 1070
54169 1555
74263 1584
52076 1735
89973 1957
60305 1489
68223 1906
72466 1154
65346 1881
90598 1062
72653 1941
66197 1844
79117 1876
96381 1768
54959 1108
96433 1166
71119 1287
97896 1403
87433 1752
58502 1413
62844 1270
69855 1713
67231 1588
72198 1819
54129 1083
80822 1658
69168 1381
84759 1879
89682 1643
64173 1440
60452 1378
75925 1447
88963 1067
82985 1689
52552 1361
55127 1563
53715 1341
52102 1686
91574 1710
54442 1451
72083 1299
62329 1881
76669 1499
50022 1896
63801 1647
66948 1829
95212 1618
76063 1928
51603 1268
85122 1019
90833 1018
67668 1416
65903 1297
78553 1187
67735 1323
76304 1245
97239 1962
67874 1676
55248 1966
95353 1698
62065 1079
54940 1096
71210 1172
59212 1095
74302 1280
71878 1759
99220 1319
74805 1233
71415 1081
76802 1998
69776 1075
58909 1632
73899 1150
52411 1983
69655 1426
54965 1182
62537 1465
71274 1399
68528 1457
92619 1331
79911 1131
62514 1394
85421 1383
75484 1679
91164 1375
59153 1324
51604 1311
83583 1649
53482 1515
73483 1667
87157 1016
74929 1803
57911 1099
98325 1642
75780 1373
74431 1264
90330 1614
60566 1272
92604 1841
50281 1439
57599 1412
65295 1405
50154 1119
88177 1787
72896 1084
54276 1894
65252 1066
76568 1952
65333 1684
74863 1886
62721 1818
92358 1158
81087 1013
71933 1676
67180 1703
87909 1914
88198 1722
70715 1088
95068 1662
97413 1424
61165 1243
92836 1343
94385 1327
54387 1338
69225 1625
63172 1392
89353 1315
59919 1358
84038 1960
84484 1741
75544 1122
76554 1718
58421 1671
53849 1194
56685 1284
54265 1606
74234 1178
52527 1311
64081 1047
62775 1711
76744 1179
92330 1250
75730 1694
91248 1045
99001 1879
60214 1332
93604 1372
87468 1081
72741 1757
83611 1748
85711 1574
65579 1716
67563 1512
96573 1031
51385 1919
72006 1539
98866 1759
63194 1255
74214 1228
92988 1649
66895 1584
50203 1780
66823 1518
55436 1671
63353 1136
66262 1022
62771 1233
81439 1656
59712 1542
60246 1342
80846 1482
74836 1186
68631 1286
67347 1687
96221 1840
95839 1084
66770 1865
64622 1466
72734 1982
60049 1993
99572 1169
80242 1617
96121 1771
79423 1580
63216 1494
96100 1426
73925 1929
52493 1267
72171 1647
80146 1538
57122 1255
63827 1213
91782 1253
68652 1117
96602 1627
84075 1555
79927 1493
66930 1097
56931 1981
74075 1881
87748 1028
52137 1286
95616 1381
91714 1509
90030 1057
94430 1507
94821 1279
82961 1594
71021 1346
54808 1747
50125 1439
81526 1854
73982 1990
98199 1343
52246 1767
78615 1403
93316 1857
67141 1239
56199 1614
79337 1654
86588 1859
62447 1658
88641 1035
61532 1593
79605 1627
62589 1505
86628 1339
98671 1250
64058 1172
99303 1270
85591 1601
91714 1613
76680 1364
64604 1640
66163 1256
70571 1665
63265 1785
61067 1078
80869 1933
54396 1050
85961 1024
56662 1855
79211 1586
98922 1207
85762 1509
94065 1921
60925 1015
81072 1297
81906 1489
71614 1510
96703 1448
88067 1097
90819 1216
98009 1183
65603 1056
98481 1616
61751 1930
64217 1812
90226 1338
71239 1659
70948 1303
88897 1503
58377 1837
81413 1682
73390 1901
55894 1550
91923 1072
57788 1308
89208 1008
93320 1563
85098 1155
58056 1511
86905 1492
91521 1104
64237 1308
87833 1868
63254 1079
54564 1822
79551 1014
87792 1967
70852 1952
77622 1095
54127 1238
76587 1587
58474 1106
69644 1411
95580 1356
80140 1656
95583 1316
80087 1920
68904 1661
77196 1311
88119 1347
70903 1882
60959 1334
74690 1826
95301 1527
62021 1745
75878 1638
60836 1185
91675 1484
95948 1900
82023 1672
53672 1122
95668 1653
83018 1641
82679 1003
58682 1172
54334 1772
78172 1669
83139 1414
70359 1152
63501 1596
55321 1504
84608 1962
61246 1219
79767 1716
67904 1327
85297 1571
79262 1081
78066 1235
71361 1549
93163 1047
89139 1006
79147 1107
60476 1936
50610 1446
70522 1255
91894 1532
56124 1513
59489 1481
71496 1766
50956 1266
83056 1261
80116 1893
73334 1534
64490 1609
75013 1666
77934 1741
82713 1904
95232 1392
75839 1221
79990 1449
54977 1386
50564 1132
95523 1413
85072 1975
56797 1204
72039 1830
75175 1876
98047 1196
63258 1741
82470 1198
62861 1626
59084 1998
89390 1043
88293 1694
66081 1713
98957 1152
81175 1941
61417 1445
96942 1498
81481 1761
97548 1880
85399 1143
80800 1757
50702 1934
58153 1627
88114 1388
59462 1970
92782 1627
97892 1366
92312 1679
68317 1152
69356 1134
94326 1519
69191 1805
92142 1422
52695 1600
67951 1789
66411 1194
96392 1696
90845 1982
0 0 0 0 0 0 0 0 0 0 0 101 101 0 0 0 0 294 294 294 214 214 85 85 85 85 0 0 0 0 0 0 0 0 0 0 0 107 107 107 107 139 0 0 0 0 0 12 12 12
345 42 0 213 213 312 312 290 290 290 101 101 101 351 0 0 0 0 0 294 214 214 85 85 0 0 0 0 0 0 0 0 0 346 0 0 0 107 107 107 107 139 0 0 0 0 136 136 12 12
345 42 42 213 0 0 312 290 241 241 101 101 344 351 351 0 0 0 0 294 294 294 294 85 85 0 0 279 246 246 0 0 0 346 346 346 0 157 157 139 139 139 0 0 0 0 136 136 12 12
345 0 42 213 0 0 312 241 241 241 344 344 344 351 391 391 0 0 0 0 243 284 284 284 282 282 0 279 89 246 246 0 0 249 249 249 0 157 157 0 0 313 0 0 0 313 58 58 0 0
345 0 0 213 0 227 227 36 241 344 344 351 351 351 391 391 0 0 0 0 243 243 243 284 118 282 282 279 89 89 89 0 0 249 249 0 0 0 0 0 0 313 313 313 313 313 58 58 0 0
0 0 0 0 0 227 36 36 122 344 164 164 164 395 395 391 391 391 391 112 9 9 118 118 118 118 282 279 50 50 89 50 249 249 249 0 46 46 0 0 0 191 191 191 209 209 58 4 0 0
0 0 0 43 43 227 36 36 122 15 164 24 24 395 146 146 382 382 382 112 112 9 9 69 282 282 282 279 50 50 50 50 0 0 0 0 46 46 46 155 191 191 343 343 304 209 209 4 385 385
0 0 0 43 43 227 227 122 122 15 164 24 24 395 146 146 146 146 382 382 112 112 69 69 77 77 168 168 14 14 50 199 199 377 377 377 54 87 87 155 191 343 343 304 304 304 4 4 385 385
0 0 0 43 43 367 367 367 15 15 75 75 75 395 173 173 173 173 260 104 104 112 69 69 77 77 168 168 14 14 199 199 377 377 377 377 54 87 87 155 242 242 304 304 47 47 238 0 0 0
0 0 0 43 43 367 367 367 15 15 75 274 274 274 173 173 10 10 260 104 104 373 373 212 212 212 309 309 14 14 199 140 377 116 116 54 54 218 218 155 242 251 251 251 47 47 238 0 0 0
0 0 0 0 0 0 367 330 330 239 75 274 265 173 173 10 10 260 260 121 215 215 373 373 212 159 159 309 309 321 321 140 140 116 116 54 149 218 188 188 242 251 17 117 117 47 238 178 178 178
0 0 0 0 0 0 367 330 330 239 75 265 265 51 51 10 10 10 121 121 215 215 349 349 212 159 159 97 97 321 321 140 140 116 96 96 149 218 188 188 17 17 17 17 117 47 238 178 178 178
0 0 0 0 0 0 369 369 330 239 75 265 265 51 51 156 156 156 121 121 314 349 349 349 49 49 49 97 97 175 175 1 1 1 96 96 149 188 188 188 358 358 17 17 117 238 238 257 257 178
0 0 0 0 0 0 369 369 163 239 239 265 123 134 134 134 156 22 22 314 314 347 347 130 130 49 49 270 399 175 175 1 1 99 99 149 149 6 27 188 38 358 120 120 111 238 238 257 257 0
0 0 0 0 0 0 219 219 163 230 93 93 123 134 320 320 156 22 22 314 314 347 347 130 183 183 49 270 399 192 192 192 99 99 105 105 105 6 27 27 38 358 120 120 111 111 172 172 257 0
0 375 375 100 100 100 219 163 163 230 93 93 123 285 320 320 80 80 171 314 314 400 400 130 183 183 270 270 399 192 62 133 133 133 398 398 105 6 326 27 38 3 3 353 353 111 172 172 0 0
375 375 375 0 0 100 219 108 108 230 93 33 123 285 285 80 80 171 171 396 400 400 400 400 225 28 28 399 399 399 62 133 202 398 398 277 277 6 326 27 38 3 3 353 353 111 172 172 172 0
375 0 0 0 0 0 0 0 108 230 33 33 285 285 285 258 258 171 396 396 144 144 144 400 225 28 28 28 28 62 62 133 202 202 277 277 115 115 326 326 386 386 179 82 82 0 0 0 0 0
375 0 0 0 0 0 0 0 108 108 33 33 285 204 258 258 258 171 396 390 144 144 225 225 225 63 322 322 28 28 133 133 202 202 277 277 61 115 115 386 386 386 179 317 82 82 82 366 366 366
0 0 0 0 0 0 0 0 339 339 60 60 60 204 204 258 258 383 396 390 144 63 63 63 63 63 322 322 322 340 210 210 202 202 381 61 61 64 64 64 64 386 179 317 317 142 142 366 366 363
0 0 189 189 360 360 356 356 339 339 60 60 60 250 204 79 79 383 390 390 299 299 86 86 308 63 20 340 340 340 210 210 381 381 381 61 236 236 236 64 64 179 179 302 317 317 142 142 366 363
0 0 189 189 360 360 356 356 339 339 60 250 250 250 204 79 79 383 383 299 299 127 86 86 308 20 20 220 220 220 113 113 113 336 186 186 236 236 236 67 67 67 67 302 302 302 280 280 363 363
0 0 189 0 0 0 16 16 339 196 196 44 250 250 204 190 190 190 190 389 127 127 86 308 308 20 20 103 103 220 292 113 113 336 186 186 186 236 236 67 67 67 67 302 287 287 280 280 280 162
0 0 0 0 0 0 16 128 128 196 196 44 125 125 204 389 389 389 389 389 127 127 124 124 185 185 185 103 103 292 292 292 292 336 23 23 186 262 301 301 287 287 287 287 287 287 256 280 280 162
0 0 0 0 0 0 16 128 128 233 233 44 44 125 125 389 109 109 29 29 29 293 124 124 185 148 148 166 166 261 261 261 292 336 23 23 262 262 301 301 95 376 376 376 256 256 256 162 162 162
84 84 364 364 0 0 128 128 128 233 233 203 203 365 365 109 109 143 143 29 393 293 293 259 148 148 148 166 166 261 66 66 66 66 56 56 262 262 211 211 95 376 376 376 315 315 315 162 323 0
84 364 364 0 0 5 5 5 92 92 233 203 203 365 365 161 161 143 143 29 393 293 293 259 259 259 259 259 166 66 66 66 88 88 56 56 150 262 211 211 95 95 376 268 315 323 323 162 323 0
84 84 165 165 165 5 5 137 92 92 25 203 341 341 161 161 143 143 73 393 393 206 68 68 327 327 259 259 278 278 278 88 88 56 56 150 150 150 150 362 362 362 362 268 268 323 323 323 323 0
84 84 165 165 165 245 245 137 137 137 25 203 341 341 181 181 283 283 73 73 73 206 68 68 327 327 48 371 371 278 278 8 8 8 384 106 106 240 180 180 362 362 362 268 0 0 0 0 0 0
0 31 31 31 31 245 245 65 65 25 25 55 55 55 181 181 283 283 216 216 216 206 132 132 132 48 48 371 371 387 387 8 384 384 384 106 106 240 180 180 289 289 362 268 0 167 0 0 0 0
0 31 31 31 31 245 245 65 370 370 158 55 335 55 55 55 119 119 119 237 216 206 132 18 132 48 48 18 371 371 387 387 384 392 392 106 106 240 305 306 306 289 289 268 0 167 167 267 267 267
0 0 184 184 247 245 65 65 41 370 158 55 335 271 271 271 119 119 237 237 237 26 26 18 18 18 18 18 141 141 19 248 248 392 392 106 106 240 305 306 306 71 71 71 0 167 167 267 267 267
0 0 184 184 247 245 65 41 41 370 158 158 335 335 271 271 271 325 325 325 237 26 26 328 328 126 126 126 141 141 19 248 248 392 392 392 305 305 305 114 114 71 195 195 0 182 167 333 272 272
235 0 0 0 247 247 247 41 228 228 228 228 338 335 255 255 98 325 325 53 237 26 26 328 328 126 126 176 176 176 19 231 231 231 231 368 368 368 114 114 114 114 195 195 182 182 167 333 333 272
235 372 372 372 372 198 41 41 310 310 338 338 338 379 255 255 98 325 325 53 237 81 81 328 275 275 126 176 94 94 19 110 231 231 231 368 318 318 318 153 296 296 147 147 147 182 276 333 272 272
235 235 264 198 198 198 361 361 310 310 379 379 379 379 98 98 98 21 53 53 81 81 81 81 275 275 194 194 94 94 94 110 334 334 334 368 318 318 318 153 296 296 147 147 147 182 276 333 272 272
235 264 264 0 361 361 361 37 310 174 174 174 174 39 39 98 98 21 21 21 81 81 135 135 91 194 194 378 378 378 110 110 205 205 334 32 32 354 153 153 197 197 197 151 147 276 276 333 0 0
235 264 264 0 35 35 37 37 310 174 169 169 169 39 39 39 222 21 311 355 355 355 355 135 91 194 194 194 378 378 348 348 205 205 205 32 32 354 354 354 197 197 197 151 151 151 232 303 0 0
223 223 223 0 35 35 35 37 0 174 169 307 307 307 170 170 222 222 311 311 311 355 355 135 91 194 102 102 378 378 348 332 332 332 332 229 229 354 354 354 197 40 40 40 11 11 232 303 303 303
223 0 0 0 35 35 35 37 0 174 169 307 57 57 170 170 222 222 222 311 311 355 355 91 91 300 102 102 348 348 348 394 72 52 52 229 229 177 45 45 45 45 40 40 11 11 232 0 303 303
0 0 0 0 0 78 78 37 0 0 0 0 57 57 57 201 34 34 222 311 311 187 187 76 91 300 300 300 348 348 394 394 72 52 52 229 229 177 352 352 45 40 40 160 160 232 232 0 0 303
0 0 342 342 0 78 273 273 0 0 0 0 0 224 224 201 34 34 350 187 187 187 2 76 253 253 253 253 286 286 154 394 72 52 52 288 177 177 352 352 45 70 70 160 160 160 160 160 0 0
0 0 342 342 342 78 273 273 0 0 0 244 0 224 201 201 201 34 350 152 152 2 2 76 76 388 357 286 286 154 154 394 72 52 52 288 177 177 177 221 337 70 70 0 0 0 0 0 0 0
0 0 281 281 342 329 329 0 0 254 254 244 0 224 59 59 350 350 350 152 152 2 76 76 388 388 357 357 154 154 154 297 291 269 288 288 177 221 221 221 337 337 337 0 0 131 0 0 0 0
138 138 281 281 342 329 329 0 0 254 254 244 244 59 59 226 226 350 350 324 324 324 324 388 388 374 374 357 207 207 297 297 291 269 288 288 221 221 200 200 337 337 234 234 0 131 131 131 0 0
138 138 138 90 90 329 0 0 0 244 244 244 397 397 59 208 226 226 226 331 331 324 13 13 374 374 374 357 207 207 297 291 291 269 0 359 359 200 200 193 337 234 234 234 234 234 0 0 0 0
298 298 298 90 329 329 0 0 217 217 252 244 397 397 397 208 74 83 83 83 331 331 13 13 13 374 374 0 30 30 30 291 291 269 0 0 359 359 359 193 0 0 0 0 0 0 0 0 0 0
0 0 298 90 329 0 0 0 217 217 252 252 252 316 208 208 74 74 83 83 83 0 0 0 0 295 295 0 0 30 30 291 269 269 145 0 359 359 359 193 0 7 0 0 0 0 0 0 0 0
0 0 298 298 0 0 0 0 217 217 380 316 316 316 266 208 208 74 266 129 129 263 263 0 0 295 295 0 0 0 0 269 269 0 145 0 0 319 319 193 0 7 0 0 0 0 0 0 0 0
0 0 0 0 0 0 0 0 380 380 380 316 316 316 266 266 266 266 266 129 129 263 263 0 0 295 295 0 0 0 0 0 0 0 145 145 0 319 319 319 7 7 0 0 0 0 0 0 0 0
