50 400 20
64385 1140
67623 1567
71543 1516
76508 1654
96448 1911
65257 1014
52086 1064
89027 1240
65951 1843
68389 1280
64573 1303
82941 1252
57766 1240
74777 1867
50724 1620
63103 1793
96889 1052
70425 1232
63195 1450
90469 1504
63413 1431
59226 1988
81906 1039
51010 1165
88844 1466
66731 1173
99757 1600
73119 1248
63287 1797
93635 1312
87761 1296
82927 1539
61733 1322
73120 1162
62818 1165
65714 1571
62565 1260
93115 1565
94125 1899
88814 1444
66844 1628
87790 1766
77933 1256
56773 1862
60403 1970
57488 1652
60804 1565
63518 1980
63947 1139
96536 1438
72093 1977
76901 1625
88940 1594
88103 1277
58686 1646
87300 1918
71512 1213
62271 1110
50878 1654
73883 1899
93415 1486
82901 1062
97500 1348
50691 1796
93296 1528
65320 1216
76023 1193
69825 1148
85883 1341
76043 1226
86561 1518
72792 1848
54901 1289
84815 1855
55022 1233
52142 1744
90240 1089
93130 1943
71137 1459
68293 1059
65641 1274
71587 1080
94836 1005
67731 1826
81008 1069
95726 1488
55863 1612
89424 1634
77570 1913
86814 1724
61725 1912
54377 1340
52073 1793
94397 1518
54238 1417
77440 1224
67801 1748
83514 1412
77563 1477
78186 1403
63454 1500
67477 1288
71557 1684
51922 1631
93889 1225
81307 1848
57930 1259
92016 1173
51500 1530
70957 1247
95313 1938
93084 1969
56058 1194
94795 1094
52862 1092
82700 1912
67000 1257
79822 1324
97709 1198
89435 1555
83766 1559
92997 1558
69669 1168
89127 1241
79069 1938
85516 1445
65435 1652
98751 1495
66667 1534
53053 1414
70988 1489
94741 1258
84210 1186
87800 1769
61166 1631
55694 1055
80500 1084
93850 1541
97411 1460
57081 1423
78943 1961
83360 1555
88204 1633
54233 1521
82827 1265
64414 1381
81883 1370
56644 1271
97059 1050
97706 1536
88882 1392
61776 1535
92532 1900
57217 1918
75760 1548
65136 1819
76993 1605
89165 1718
88250 1312
52816 1950
92770 1998
88989 1789
93374 1122
60353 1068
86359 1260
98404 1085
86850 1347
51897 1210
75592 1274
82549 1274
80617 1479
66710 1527
93652 1512
58962 1337
88657 1298
94415 1867
82685 1887
52303 1777
76739 1768
71762 1145
87449 1474
57202 1614
57145 1673
73130 1926
59937 1588
68253 1098
84568 1345
92001 1484
59826 1191
53749 1345
51076 1076
55566 1625
73376 1520
66836 1481
83294 1819
60889 1310
83568 1523
73109 1673
74197 1069
99703 1515
69555 1595
74191 1264
91226 1219
57036 1009
87935 1620
63954 1256
67189 1437
51361 1086
73351 1632
97814 1786
59978 1826
59955 1892
55280 1982
57109 1934
52626 1531
52161 1009
89014 1665
66766 1968
50664 1369
69709 1827
64128 1726
91183 1992
94124 1452
51864 1685
57343 1502
98143 1898
52251 1366
63233 1319
74920 1195
63521 1786
77503 1909
88974 1240
81102 1825
91840 1683
87807 1374
86229 1117
78231 1476
77775 1780
85693 1011
79052 1524
82272 1204
77899 1466
85730 1022
85832 1343
81263 1130
81784 1899
82716 1378
62793 1941
77550 1304
74685 1407
54879 1395
54372 1806
89588 1657
83388 1501
74327 1682
84402 1152
86605 1505
67728 1074
73039 1383
96863 1733
86893 1270
98589 1020
50480 1650
78391 1541
52050 1565
52226 1434
68607 1599
89769 1190
77317 1220
60097 1060
56153 1389
77106 1011
53854 1695
73662 1758
66830 1507
54590 1674
97731 1875
88418 1169
85460 1477
59113 1749
88338 1104
84750 1854
65296 1817
54816 1206
70387 1165
74641 1367
61088 1925
52233 1706
93818 1171
93073 1334
59592 1986
79712 1111
67434 1824
51402 1154
56590 1563
53936 1724
81410 1557
62023 1600
99840 1744
65496 1834
65271 1942
65456 1258
85718 1678
87910 1481
96311 1201
52571 1957
66125 1399
84593 1623
96515 1517
98244 1484
87919 1517
60976 1098
83252 1464
63324 1873
63578 1425
90164 1812
57528 1861
58292 1457
95521 1176
72632 1751
72780 1443
51822 1114
76349 1044
76495 1313
61440 1227
55722 1872
99099 1500
56633 1292
87386 1721
87996 1642
58109 1987
68877 1065
86493 1480
72311 1160
71980 1484
55620 1018
56752 1289
71665 1831
96184 1653
77827 1017
68983 1436
56487 1279
87881 1602
53609 1070
74744 1749
99424 1740
99344 1620
70811 1834
88243 1330
99230 1175
94156 1728
63003 1850
99481 1740
75555 1103
66235 1731
97541 1508
52152 1774
57868 1721
77300 1659
66329 1748
96839 1939
99644 1569
95439 1009
85166 1362
98039 1732
51635 1856
55914 1264
90975 1949
65526 1889
50957 1240
86193 1598
59611 1256
99330 1373
71746 1464
83044 1384
56277 1114
99213 1327
64533 1427
57700 1398
62310 1421
69115 1250
71191 1310
92786 1697
75291 1467
99045 1717
80682 1018
97472 1797
69522 1978
64658 1415
53577 1229
96765 1984
92589 1785
63763 1668
80139 1862
62990 1718
65923 1767
97974 1567
64703 1849
91004 1670
78185 1052
0 0 0 0 0 0 51 51 0 0 0 0 0 0 0 0 0 0 0 0 194 194 194 33 33 33 33 198 198 198 0 0 387 0 0 0 0 0 0 0 0 0 0 0 0 0 0 0 0 68
0 254 0 0 0 0 51 51 0 0 0 0 0 0 0 0 0 0 0 0 194 194 194 33 33 33 33 198 0 0 0 0 387 0 0 0 0 0 0 34 243 243 64 64 64 163 0 0 0 68
0 254 0 0 0 177 177 177 111 111 0 0 0 0 0 0 0 0 0 55 55 0 194 166 184 184 184 184 0 0 280 280 387 387 387 0 0 0 0 34 34 243 64 64 64 163 0 0 0 68
254 254 52 52 0 177 178 79 111 111 0 0 0 0 0 0 0 0 0 55 55 0 166 166 166 184 369 369 0 0 280 280 280 0 0 0 0 0 0 0 34 243 64 64 163 163 0 0 68 68
254 52 52 0 0 178 178 79 79 79 0 54 0 0 0 0 0 0 0 0 0 0 166 114 114 172 369 369 369 0 280 0 0 0 57 0 0 0 0 34 34 241 241 241 163 163 163 0 68 68
254 5 5 0 0 178 193 362 362 362 27 54 54 54 54 0 0 0 0 0 351 351 114 114 114 172 172 172 369 0 280 280 0 370 57 57 57 0 0 189 189 241 241 241 237 237 163 0 0 214
5 5 5 193 193 193 193 69 362 362 27 17 17 21 0 0 0 323 0 0 351 351 114 114 114 172 154 154 369 299 299 358 358 370 57 57 162 162 0 189 189 295 241 283 283 237 262 0 0 214
0 0 95 95 42 85 85 69 69 27 27 17 21 21 2 2 2 323 323 323 323 82 82 82 82 355 355 154 154 299 299 358 358 370 57 162 162 162 275 295 295 295 283 283 329 237 262 262 214 214
0 0 95 42 42 85 85 85 69 340 340 17 21 2 2 2 2 174 174 174 341 341 341 125 125 355 355 65 154 299 299 358 358 370 370 162 162 162 275 295 295 295 283 20 329 130 130 262 262 214
212 212 95 42 350 170 359 386 386 340 340 17 336 336 276 276 308 174 61 61 341 341 341 341 125 125 125 65 25 373 278 278 278 328 328 328 266 266 275 275 20 20 20 20 329 130 130 130 0 214
212 212 42 42 350 170 359 359 386 386 340 215 336 336 276 276 308 308 308 61 61 61 61 61 138 138 385 65 25 373 373 278 278 328 328 328 266 266 275 275 230 230 230 230 329 325 130 282 0 214
212 212 212 146 350 170 170 359 354 354 215 215 215 215 305 305 77 77 301 301 186 186 322 61 138 138 385 65 25 25 373 346 346 346 266 266 266 266 275 275 164 164 197 197 329 325 325 282 0 0
212 146 146 146 350 176 354 354 354 354 383 383 110 110 305 305 77 77 375 301 186 186 322 322 138 385 385 65 173 173 173 40 229 346 380 380 335 335 335 335 164 164 197 197 329 329 325 282 0 0
0 0 381 381 396 176 354 176 176 176 383 383 110 389 389 305 375 375 375 301 301 242 322 322 88 88 88 88 173 173 40 40 229 390 390 380 335 335 335 335 367 393 393 199 199 199 325 282 0 0
0 0 381 381 396 176 176 176 306 306 306 306 110 389 389 62 62 62 62 242 242 242 322 72 72 236 236 236 173 173 40 229 229 390 390 380 367 367 367 367 367 393 393 199 199 282 282 282 0 0
0 86 86 86 396 396 396 161 161 161 161 306 137 209 209 296 62 62 62 242 271 271 322 72 72 236 236 236 173 40 40 293 229 390 390 90 367 19 245 245 145 258 258 199 199 282 363 0 0 0
0 86 86 357 357 357 311 397 397 368 368 137 137 137 209 296 3 3 3 242 271 271 269 269 269 269 236 236 36 293 293 293 302 90 90 90 367 19 245 245 145 145 258 258 122 363 363 0 0 0
0 0 86 357 357 311 311 397 397 368 368 137 137 321 209 296 195 195 3 242 242 379 71 28 28 28 204 204 36 293 302 302 302 46 46 46 141 19 334 334 334 145 122 122 122 363 0 0 0 0
60 0 86 86 267 311 311 397 156 156 272 312 312 321 296 296 296 195 195 379 379 379 71 28 50 50 204 204 36 36 39 268 268 268 46 46 141 19 334 334 334 122 122 58 58 58 58 0 0 0
60 60 108 294 267 267 267 397 156 156 272 272 312 321 321 11 337 337 364 379 231 231 71 50 50 270 270 270 326 326 39 268 268 268 135 135 141 151 165 165 334 122 58 58 253 253 253 0 0 0
60 60 108 294 294 294 168 168 156 156 272 272 312 333 11 11 337 337 364 364 231 231 71 129 129 203 203 270 326 338 39 257 257 268 135 141 141 151 165 165 165 122 391 391 218 218 253 66 66 143
60 60 108 108 108 131 131 168 168 156 272 272 333 333 11 11 337 337 364 364 320 320 129 129 129 203 203 128 326 338 39 257 257 159 135 141 141 151 151 165 73 87 87 391 218 32 253 66 66 143
0 225 108 108 108 202 131 131 202 206 53 53 333 333 11 9 337 337 400 400 320 320 200 200 200 200 200 128 326 338 338 263 263 159 235 235 235 235 374 298 73 73 87 391 218 32 32 32 143 143
0 225 225 225 285 202 202 202 202 206 53 53 115 115 115 9 9 9 400 400 227 227 200 200 200 128 128 128 233 263 263 263 263 159 8 235 374 374 374 298 73 73 87 87 218 218 220 0 0 0
0 0 0 0 285 285 285 211 211 206 206 15 15 15 115 9 9 48 48 48 227 24 24 24 319 319 128 104 233 233 93 394 394 159 8 8 8 374 374 298 73 73 73 220 220 220 220 0 0 0
0 0 0 0 0 248 376 211 211 360 360 360 360 15 342 342 9 9 118 48 227 24 24 24 319 104 104 104 104 233 93 394 394 394 10 10 192 192 112 298 112 149 149 220 89 89 89 344 344 344
0 144 144 30 30 248 376 219 219 100 360 360 360 15 342 342 37 37 118 118 118 171 171 24 319 182 182 182 182 182 93 93 93 394 356 10 10 192 112 112 112 149 220 220 47 89 89 344 327 327
0 144 144 30 30 248 376 376 219 100 252 252 252 252 190 190 37 37 392 392 118 171 171 16 287 287 83 83 191 191 49 132 132 132 356 356 356 192 192 14 14 149 149 47 47 134 134 327 327 327
0 0 372 372 30 248 248 376 219 100 100 244 252 252 190 190 361 361 361 392 118 16 16 16 287 287 83 83 191 49 49 132 12 12 246 356 356 192 192 14 14 119 207 47 47 134 134 0 0 327
0 0 372 372 30 124 124 124 219 244 244 244 139 139 43 43 361 361 361 392 91 91 249 249 249 63 63 191 191 49 49 12 12 12 246 246 246 192 119 119 14 119 207 207 207 0 0 0 0 0
0 0 372 372 371 81 81 124 219 244 244 244 210 139 43 43 361 142 251 251 251 91 91 91 249 63 63 63 123 123 331 226 226 181 246 246 246 84 84 119 119 119 207 207 196 196 0 0 0 0
0 0 372 372 371 81 81 223 223 223 223 210 210 139 43 142 142 142 142 116 251 307 307 307 18 18 18 148 123 123 331 331 226 181 181 181 84 84 84 213 395 395 23 175 196 196 0 0 0 0
92 92 303 303 371 371 81 153 153 67 67 210 179 179 43 378 378 378 142 116 116 307 22 113 18 18 106 148 148 148 44 331 226 247 247 247 84 213 213 213 395 395 23 175 175 31 0 0 0 0
92 92 303 303 371 81 81 153 153 67 109 210 109 179 179 378 378 378 142 116 116 307 22 113 113 113 106 148 399 399 44 44 226 41 41 247 247 330 300 343 395 23 23 175 175 31 0 133 0 0
92 92 303 303 167 167 153 153 153 67 109 109 109 7 7 378 378 6 6 116 116 116 22 113 113 113 106 399 399 399 107 44 226 56 41 247 247 330 300 343 343 343 343 175 31 31 31 133 279 279
92 92 0 217 167 167 201 201 201 290 290 109 35 7 7 74 74 6 6 70 70 70 22 317 317 317 106 399 399 399 107 107 107 56 41 366 330 330 300 300 288 288 136 136 31 31 133 133 279 279
0 0 0 217 217 217 217 217 201 290 290 35 35 260 74 74 384 384 70 70 348 348 317 317 238 106 106 150 250 250 250 250 250 56 41 366 366 366 26 157 157 288 288 136 136 31 261 261 279 279
0 0 0 126 126 126 126 75 75 75 75 35 35 260 260 59 384 384 292 292 348 348 317 317 238 150 150 150 314 314 314 314 250 56 56 56 147 147 26 157 157 157 288 183 76 76 76 261 255 255
0 313 313 349 126 120 120 120 332 234 234 234 234 260 59 59 309 309 309 292 292 345 345 238 238 150 150 158 314 314 240 240 240 221 221 56 147 147 26 26 157 157 288 183 76 76 76 261 0 255
0 313 313 349 349 349 120 120 332 234 105 234 234 260 59 59 274 274 309 140 140 345 345 382 382 150 158 158 158 158 152 240 240 221 221 56 96 353 155 155 155 155 288 183 183 183 99 0 0 255
0 0 117 117 117 349 349 332 332 234 105 105 105 127 127 274 274 274 140 140 377 377 45 45 382 150 121 121 158 152 152 152 1 1 96 96 96 353 38 38 38 103 318 318 99 99 99 0 0 0
0 0 0 0 117 117 332 332 105 105 105 105 127 127 127 274 274 377 377 377 377 102 45 45 382 382 121 152 152 152 388 388 1 1 96 96 96 353 324 324 38 103 103 318 318 101 101 101 0 0
304 304 398 117 117 117 365 365 365 365 127 127 127 13 13 169 169 185 185 377 377 102 102 310 310 310 121 256 256 224 347 388 388 388 388 284 284 353 324 324 103 103 103 318 318 101 101 101 0 0
304 304 398 0 0 0 0 365 365 365 0 0 286 13 13 169 169 185 185 0 0 264 102 102 102 310 256 256 256 224 347 347 347 339 339 284 284 284 291 291 97 97 232 318 0 0 101 316 316 0
208 208 398 0 0 0 0 0 0 0 0 0 286 286 286 286 0 0 0 0 0 264 264 264 80 80 80 224 224 224 352 352 339 339 259 284 228 228 291 291 97 97 232 0 0 0 101 316 316 0
208 208 398 222 0 188 188 0 0 0 0 0 286 0 0 0 0 0 0 0 0 94 94 80 80 187 187 224 352 352 352 352 339 0 259 259 228 228 228 291 291 232 232 0 281 0 0 316 316 0
273 4 4 222 222 188 188 0 0 239 239 239 286 0 0 0 0 0 0 0 94 94 0 80 0 0 187 187 297 29 29 352 339 0 0 259 216 216 216 0 0 232 232 0 281 281 0 316 0 0
273 4 4 222 222 222 0 0 239 239 0 277 277 277 160 160 98 0 0 0 94 78 0 0 0 0 0 187 297 29 29 29 29 0 0 216 216 0 216 0 0 232 0 0 0 281 0 0 0 0
273 0 0 0 0 0 0 0 0 0 0 277 0 0 160 98 98 0 265 265 78 78 0 0 0 0 180 297 297 297 297 29 29 0 0 0 0 0 216 0 0 232 289 289 0 289 315 315 315 315
273 0 0 0 0 0 0 0 0 0 0 0 0 0 160 98 0 0 265 265 78 0 0 0 0 0 180 180 180 205 205 205 205 0 0 0 0 0 0 0 0 0 289 289 289 289 315 315 315 315
