50 400 20
67368 1164
76359 1433
50249 1809
97194 1471
63222 1849
64340 1483
80839 1841
69468 1823
57409 1941
78147 1422
86513 1921
80055 1067
87798 1058
90794 1309
95307 1450
68876 1322
67290 1317
71828 1745
81839 1192
87237 1180
63463 1648
89259 1233
77748 1162
81044 1185
97182 1929
70063 1102
94845 1599
66460 1287
96216 1924
67298 1551
64914 1309
86766 1867
97511 1983
99925 1779
78276 1874
59645 1853
68199 1073
71193 1325
63374 1626
52096 1064
98044 1234
64758 1128
61412 1331
70573 1659
92325 1417
99756 1747
96307 1449
76304 1740
60650 1759
88797 1623
67107 1089
89255 1834
70209 1309
65786 1672
80560 1716
66560 1567
87162 1339
87832 1641
73324 1048
92829 1244
57191 1565
94028 1456
65235 1760
82580 1479
74932 1783
64102 1675
82583 1635
72327 1340
91001 1036
72019 1677
60017 1378
92241 1373
86723 1333
75621 1775
50829 1300
50169 1825
83340 1064
76314 1296
88794 1007
74464 1538
89127 1393
61231 1332
66449 1007
76319 1488
53124 1868
82741 1712
93991 1434
75304 1685
90637 1839
82447 1739
73100 1063
69645 1358
78221 1526
99921 1123
98221 1689
91749 1758
54246 1828
82074 1709
91937 1994
88893 1480
67444 1891
79504 1532
69120 1306
76544 1760
82052 1214
59131 1599
54153 1732
97924 1530
51029 1986
66359 1242
87293 1999
84383 1172
97343 1436
65260 1464
87105 1332
83844 1092
79112 1078
53033 1565
62512 1933
63320 1667
56601 1075
70793 1695
92334 1314
77961 1217
54160 1903
69259 1078
71656 1990
54912 1232
55937 1181
77003 1943
88461 1984
86547 1321
70439 1923
94322 1242
97588 1447
70218 1603
53543 1131
90381 1335
97697 1085
70846 1449
95098 1904
85223 1629
50092 1769
65270 1483
74784 1699
69242 1050
96680 1783
97106 1953
91019 1208
97969 1874
74343 1136
78251 1339
67206 1960
89543 1027
62333 1262
50793 1118
64248 1411
76712 1536
80440 1526
88316 1951
50538 1188
94550 1188
55789 1464
94609 1276
55573 1160
86021 1421
91043 1152
58461 1189
67971 1767
90142 1675
56093 1615
75664 1627
69328 1362
66606 1058
68404 1305
87273 1417
55668 1473
88446 1188
58438 1962
74040 1655
56920 1319
94202 1132
76311 1130
74717 1796
73621 1817
90375 1730
87841 1901
94096 1507
83888 1659
88507 1107
77855 1707
67129 1989
67262 1499
63993 1191
78024 1474
89181 1029
84534 1275
57681 1842
77420 1051
62004 1189
58756 1581
54665 1677
87731 1412
70887 1448
57057 1288
64605 1070
89722 1246
62178 1222
78220 1068
87769 1888
76689 1090
69644 1695
89053 1757
88887 1736
79101 1361
58614 1576
67129 1998
74558 1383
57527 1873
94148 1726
85297 1490
61466 1367
89145 1663
55590 1106
97524 1167
50823 1553
97308 1411
74271 1420
63007 1879
62433 1994
92843 1782
84986 1918
89247 1798
99858 1293
53531 1941
69492 1029
56788 1293
51908 1118
58648 1229
50851 1104
66939 1351
70068 1531
89713 1997
59723 1267
51788 1215
68002 1423
96197 1422
81271 1875
54272 1283
52961 1567
78660 1531
84461 1490
75842 1651
67080 1567
66008 1486
57316 1319
97525 1202
94568 1354
55211 1170
91798 1319
90238 1762
66550 1083
90124 1897
80967 1598
73611 1359
91753 1263
75340 1938
95072 1360
90743 1329
83153 1099
65334 1324
60375 1976
75125 1673
85918 1735
70837 1455
57820 1464
65795 1780
77072 1159
76272 1045
83241 1778
57275 1066
85051 1323
62181 1871
94720 1996
83345 1924
53149 1280
95412 1645
84750 1656
84161 1816
98380 1055
99250 1849
72536 1003
85572 1626
72766 1203
83622 1921
97796 1593
75524 1953
70063 1761
71054 1435
55592 1366
64350 1878
57712 1239
53659 1077
91032 1141
98217 1758
95073 1348
95124 1441
79692 1138
86071 1003
75302 1383
72620 1169
54460 1114
92151 1659
55787 1643
85987 1944
93313 1273
60373 1171
70383 1086
58920 1756
97729 1688
72237 1117
86855 1098
99652 1760
97255 1581
60140 1071
97714 1676
67948 1515
97368 1207
64977 1136
84297 1531
81503 1401
87106 1422
74878 1862
83316 1113
85942 1772
89602 1603
78799 1338
95403 1443
96471 1897
80218 1507
71780 1965
97665 1936
55169 1371
70801 1970
66366 1259
50540 1579
83209 1151
51097 1717
83248 1405
77424 1441
87825 1488
88304 1917
66539 1001
97822 1010
57544 1871
91162 1012
57106 1510
65941 1976
73850 1560
86388 1513
94679 1758
71367 1746
62600 1735
85974 1812
65757 1830
82817 1239
58264 1658
82654 1763
97579 1261
60097 1344
98653 1765
86273 1497
94882 1405
77714 1495
60112 1176
87319 1067
91673 1475
71150 1723
99188 1393
98236 1252
68893 1555
70945 1486
68333 1314
50424 1284
60754 1468
89214 1680
77323 1019
50345 1684
56499 1589
88623 1635
82285 1091
51339 1049
62141 1800
70162 1478
89532 1964
58923 1215
68290 1144
84032 1745
82917 1872
55216 1700
381 381 0 0 0 384 384 384 384 0 211 211 0 0 0 0 0 20 20 20 248 248 248 0 0 0 0 0 0 0 0 0 0 0 0 171 171 171 171 171 264 264 0 0 0 48 48 0 0 0
381 381 0 0 0 0 0 0 384 0 0 211 0 0 0 0 0 0 20 20 248 248 248 0 0 0 0 0 0 0 0 273 361 361 0 0 212 212 113 171 264 264 0 369 369 48 48 0 0 0
381 381 381 0 0 0 0 0 384 384 0 211 182 182 0 0 0 0 20 20 159 0 0 0 0 0 0 0 0 0 273 273 361 309 309 212 212 212 113 113 264 154 154 369 369 282 282 353 353 0
352 352 381 173 173 21 21 0 0 26 26 95 182 182 0 0 394 394 394 159 159 56 0 0 0 0 0 0 0 0 273 273 361 309 240 341 341 231 362 113 154 154 154 154 154 282 282 353 353 0
352 352 173 173 126 21 21 0 26 26 26 95 95 0 0 0 394 363 159 159 159 56 0 0 31 31 0 0 0 0 273 396 361 309 240 240 341 231 362 362 362 112 156 156 156 0 282 0 0 0
352 86 238 238 126 170 170 0 26 0 0 95 95 0 0 394 394 363 0 0 0 56 56 31 31 31 0 0 0 0 63 396 361 361 240 240 341 231 112 112 112 112 156 377 0 0 0 0 0 0
86 86 238 238 126 126 170 170 106 0 0 0 0 0 0 394 363 363 0 0 313 313 56 31 31 31 131 39 39 0 63 396 396 396 240 341 341 231 112 29 29 377 377 377 0 0 0 0 0 0
86 86 238 238 238 123 123 123 106 199 199 199 0 0 0 0 0 0 0 0 313 180 180 277 277 131 131 39 39 0 63 63 378 378 164 341 164 64 16 29 29 377 377 122 122 0 0 174 174 0
0 0 0 0 0 123 54 54 106 199 234 234 234 0 0 0 0 0 0 313 313 180 180 277 277 131 131 45 0 0 378 378 378 378 164 164 164 64 16 16 16 377 377 122 122 15 15 174 174 0
0 0 0 0 358 123 54 54 106 195 234 234 234 0 0 380 0 0 0 313 398 398 398 185 77 77 77 45 379 379 368 368 378 294 104 104 64 64 142 142 142 142 122 122 343 343 15 385 385 0
0 0 0 0 358 106 106 106 106 195 195 0 0 0 0 380 395 395 395 313 398 398 398 185 185 77 77 45 379 379 368 294 294 294 383 104 104 249 110 110 142 142 142 122 343 376 15 385 385 0
0 0 0 0 358 358 209 178 195 195 195 0 0 0 0 380 395 354 354 230 230 230 76 76 185 129 129 45 272 379 368 177 177 204 383 383 104 249 249 110 232 232 142 374 343 376 376 376 213 213
0 0 0 0 209 209 209 178 178 195 304 304 295 295 380 380 395 354 354 230 230 230 76 76 270 129 129 45 272 272 177 177 204 204 204 383 284 249 92 110 232 287 374 374 374 376 376 213 213 213
0 0 0 0 209 178 178 178 178 195 304 304 295 9 380 380 66 66 66 66 230 230 138 270 270 42 399 399 272 272 242 242 204 133 133 284 284 249 92 110 232 287 287 287 374 374 139 139 0 0
0 0 0 0 0 0 0 0 165 165 165 304 295 9 9 11 11 11 11 66 356 138 138 270 42 42 399 6 272 272 242 242 204 133 132 284 367 92 92 110 232 287 287 287 141 141 139 139 0 0
0 0 0 290 65 0 0 241 165 165 165 183 9 9 9 11 11 11 356 356 356 138 138 42 42 42 399 6 59 59 59 59 59 133 132 132 367 367 367 110 18 18 18 18 189 141 151 151 144 144
0 290 290 290 65 285 285 241 46 165 91 183 9 105 105 11 219 219 219 219 107 138 167 167 167 42 6 6 6 311 311 98 98 12 12 132 132 269 367 367 268 268 18 189 189 141 151 151 144 144
0 393 290 290 65 285 241 241 46 46 91 183 183 105 105 30 30 30 30 326 107 107 1 1 167 197 373 373 311 311 311 98 98 12 12 269 269 269 322 322 268 268 121 189 189 189 189 151 0 0
393 393 179 290 65 285 192 93 93 46 91 183 183 375 105 191 30 196 30 326 107 107 1 1 197 197 197 373 373 188 342 342 342 55 55 345 355 355 322 322 121 121 121 300 257 257 0 0 0 0
393 393 179 179 297 297 192 192 93 46 91 183 183 375 191 191 196 196 30 326 326 107 107 286 286 286 197 351 351 188 342 342 342 55 55 345 355 355 37 322 121 246 246 300 300 257 0 301 0 0
0 0 179 179 297 192 192 97 93 46 91 218 218 375 191 191 196 196 220 310 326 145 145 293 293 286 351 351 351 188 188 134 307 307 345 345 37 37 37 8 8 246 246 300 300 257 0 301 0 0
0 179 179 267 297 192 192 97 97 97 91 91 218 375 191 191 196 196 220 310 326 145 145 293 74 74 351 351 137 137 137 134 307 307 345 82 82 315 315 315 8 8 366 300 300 257 301 301 0 0
0 179 245 267 267 267 49 49 97 97 97 218 218 325 166 166 166 220 220 310 205 145 145 293 74 74 190 190 198 198 137 134 134 101 345 345 82 157 90 315 90 214 366 366 0 0 0 62 62 62
0 0 245 245 254 267 49 49 263 175 175 33 33 325 325 325 166 220 310 310 205 83 70 70 265 265 253 190 190 198 198 125 134 101 101 101 82 157 90 90 90 214 214 366 130 0 0 62 62 62
0 0 245 245 254 168 239 263 263 175 33 33 78 78 325 325 325 220 205 205 205 83 70 223 265 265 253 253 253 67 67 125 235 235 101 101 202 157 157 69 69 214 214 214 130 130 0 0 0 0
0 0 61 61 254 168 239 263 263 175 33 181 181 78 78 146 220 220 205 205 32 83 70 223 223 223 253 253 67 67 67 125 125 235 43 43 202 202 157 69 69 111 111 214 130 130 130 289 0 0
79 79 61 61 254 168 239 7 7 175 25 181 181 247 247 146 146 146 203 203 32 83 83 333 340 149 149 253 187 187 319 109 109 235 43 43 202 202 202 202 330 111 111 111 57 57 57 289 289 289
79 79 79 221 254 168 239 7 7 25 25 320 320 247 38 38 38 203 203 32 32 333 333 333 340 149 149 149 360 187 319 109 109 235 43 43 184 184 184 302 330 330 111 111 298 298 57 84 84 84
0 79 79 221 254 254 201 7 7 25 25 320 320 247 38 38 203 203 160 160 160 333 333 340 340 149 149 149 360 187 319 319 176 176 283 43 43 50 184 302 330 330 111 210 210 298 84 84 84 0
0 0 0 221 221 254 201 7 13 25 25 320 320 386 386 38 203 216 216 160 160 216 333 124 124 280 280 280 360 347 347 347 176 176 283 244 244 50 50 302 302 330 357 357 210 298 0 261 261 0
0 51 0 221 328 328 201 7 13 13 13 320 386 386 386 314 314 314 216 216 216 216 124 124 124 280 280 280 360 128 128 347 347 283 283 244 50 50 50 391 391 391 357 357 210 0 0 0 261 0
0 51 51 221 328 328 201 201 116 116 13 320 400 400 400 318 314 314 372 372 152 5 5 5 5 275 136 136 128 128 347 347 382 382 283 244 252 252 252 391 391 169 279 279 210 210 210 0 261 0
0 51 51 0 116 116 116 116 116 116 89 89 89 89 400 318 318 318 372 372 152 392 275 5 5 275 136 316 316 316 316 329 329 382 283 370 370 252 252 391 391 169 169 279 35 35 0 0 0 0
0 0 0 0 0 337 337 337 337 308 308 308 89 89 89 258 258 258 258 200 152 392 275 275 275 275 136 3 3 3 329 329 118 382 283 276 370 370 327 327 327 23 169 279 35 35 0 0 0 0
0 0 0 0 163 163 163 163 163 308 24 24 24 24 24 229 229 258 258 200 152 392 392 323 323 3 3 3 3 344 118 118 118 382 283 276 370 370 327 327 23 23 169 22 22 35 312 312 0 0
0 0 0 186 163 108 28 296 262 308 308 250 96 24 229 229 87 299 299 200 200 346 143 323 323 323 323 323 85 344 344 344 344 276 276 276 370 370 327 327 23 23 22 22 22 88 312 312 228 228
0 119 186 186 163 108 28 296 262 250 250 250 96 96 229 229 87 87 299 299 299 346 143 143 331 387 85 85 85 115 115 40 40 236 236 251 251 364 364 364 114 114 227 227 88 88 100 100 100 228
0 119 186 186 186 108 28 296 262 262 250 250 250 96 229 229 87 2 2 172 208 346 346 143 331 387 387 53 115 115 162 40 40 266 236 266 251 364 364 114 114 227 227 227 88 100 100 100 47 228
119 119 17 17 17 108 28 296 296 296 19 19 348 158 158 158 87 2 2 172 208 208 346 331 331 331 387 53 53 53 162 40 40 266 236 266 251 256 256 256 259 227 227 227 14 14 14 47 47 228
119 119 17 397 339 339 339 339 135 135 19 19 348 158 158 158 324 324 324 172 172 208 346 331 331 10 10 120 120 120 162 162 40 266 266 266 256 256 256 256 259 259 259 259 14 14 14 47 0 0
153 397 397 397 339 336 336 336 135 135 19 19 348 348 348 158 324 324 324 324 288 288 288 288 10 10 334 120 120 120 291 291 75 75 75 75 274 274 274 274 274 72 72 259 281 281 281 0 0 0
153 397 397 397 397 80 80 336 81 81 19 19 348 348 71 71 71 68 321 321 388 388 102 94 10 94 334 334 334 120 291 291 207 207 207 237 237 155 155 155 155 72 72 349 281 281 281 217 0 0
153 153 0 147 147 80 80 260 81 81 206 206 206 71 71 233 233 68 321 321 388 388 102 94 94 94 94 140 140 365 291 291 60 60 207 237 278 117 117 117 117 338 44 349 349 292 292 217 217 217
0 0 0 147 147 260 260 260 332 332 332 206 206 148 148 233 233 68 68 321 321 34 102 102 41 41 140 140 365 365 271 291 60 60 237 237 278 389 389 338 338 338 44 44 349 4 292 224 217 217
306 306 306 147 0 260 260 332 332 332 332 0 0 148 148 233 233 68 68 321 321 34 102 102 41 41 150 365 365 365 271 271 271 60 237 278 278 389 389 338 338 27 225 44 349 4 292 224 217 217
350 306 306 0 0 0 58 58 58 58 58 0 0 0 303 303 233 233 34 34 34 34 102 102 150 150 150 150 150 161 271 215 215 0 237 278 243 222 222 27 27 27 225 225 4 4 224 224 193 305
350 350 306 0 317 0 0 73 73 58 58 0 127 303 303 303 303 52 52 34 34 0 0 0 0 150 255 255 161 161 271 271 215 0 0 0 243 222 222 0 0 0 0 225 225 225 193 193 193 305
350 350 0 0 317 73 73 73 73 103 0 0 127 127 127 0 0 0 52 0 0 0 0 0 0 0 255 255 161 161 0 0 215 215 0 0 243 243 222 0 0 0 0 0 0 0 305 305 305 305
0 0 0 317 317 390 390 194 194 103 103 0 0 0 0 0 0 0 52 0 0 0 0 0 0 36 36 36 226 226 0 359 359 0 0 0 99 99 0 0 0 0 0 0 0 0 335 335 0 0
0 0 0 390 390 390 390 194 194 103 103 103 103 0 0 0 371 371 371 371 0 0 0 0 36 36 36 36 226 226 0 359 359 359 0 0 99 99 0 0 0 0 0 0 0 0 335 335 0 0
