50 400 20
65427 1119
72452 1332
80844 1495
86182 1183
70338 1824
95702 1649
54464 1809
59914 1675
79681 1560
68433 1430
56402 1458
87450 1833
88770 1091
60352 1704
73505 1020
75416 1855
93574 1999
54962 1692
89551 1534
79061 1664
82679 1372
55896 1975
82318 1739
77394 1034
62201 1373
69016 1869
78809 1319
70189 1931
59794 1983
83583 1755
52363 1211
75836 1964
54885 1992
70895 1955
65229 1830
75318 1164
69329 1410
85593 1027
67350 1531
58353 1242
78453 1627
67002 1537
77799 1717
83153 1968
92279 1815
82809 1060
97152 1200
59579 1531
95059 1849
83756 1022
51176 1529
53148 1897
73004 1908
78791 1054
50407 1709
53208 1060
87111 1011
75284 1904
96032 1586
76768 1104
64150 1842
87483 1807
73445 1199
54170 1627
98374 1844
79743 1086
98609 1063
86624 1892
62873 1295
71470 1972
59298 1557
51695 1650
54347 1150
91061 1214
76736 1936
70411 1250
85223 1528
58706 1073
59130 1006
71735 1703
65911 1336
88114 1801
57102 1523
53184 1504
68480 1171
87611 1955
83511 1755
84801 1139
88261 1575
71702 1794
55518 1738
64765 1165
58718 1651
98035 1290
75858 1253
89836 1635
78581 1211
81077 1455
61170 1557
60573 1400
86355 1611
50542 1889
55068 1207
68158 1126
78436 1799
99456 1050
87053 1921
96111 1729
97589 1775
70735 1047
96748 1266
87906 1591
91716 1685
82619 1943
61224 1730
88735 1492
55558 1765
95987 1667
87416 1165
51907 1796
65560 1218
81764 1221
99933 1482
68978 1175
64089 1652
71622 1041
85161 1977
53008 1353
90954 1172
88540 1416
58550 1494
73889 1837
88015 1415
51240 1566
81523 1412
75972 1069
99334 1762
97150 1401
71506 1625
85628 1941
68941 1196
92919 1841
95863 1917
98069 1190
80952 1761
81365 1742
86795 1406
95283 1521
90369 1623
50981 1089
71036 1914
51059 1512
70295 1135
86561 1334
88657 1804
91695 1274
83950 1014
99400 1617
82146 1782
92090 1495
92443 1415
97418 1682
72673 1088
63766 1190
86062 1562
69408 1415
61292 1514
60651 1568
93610 1728
70758 1028
65717 1909
60820 1239
72628 1814
76374 1666
99236 1967
56553 1057
61454 1487
83063 1083
77499 1637
97674 1900
80197 1668
96316 1804
69401 1456
73492 1352
98472 1321
77378 1157
87100 1863
73348 1814
95122 1622
96290 1562
91649 1472
57964 1220
86264 1423
76011 1679
82557 1899
62974 1310
72470 1338
74310 1965
66227 1545
58025 1221
60894 1271
57669 1347
70308 1109
81693 1558
76217 1329
99539 1075
87003 1431
66217 1086
95290 1979
96877 1090
88981 1647
65449 1040
85354 1520
85379 1310
86672 1551
54464 1037
78627 1814
55104 1183
75751 1277
91590 1517
84094 1631
94608 1424
51487 1183
99082 1813
74635 1406
77605 1430
68264 1019
94205 1382
82794 1728
55717 1446
88620 1987
65225 1136
55985 1018
97619 1323
78048 1850
76155 1934
71149 1643
67299 1107
92918 1486
68044 1468
50147 1497
72437 1137
76398 1819
51180 1661
71443 1243
97459 1892
94458 1640
89461 1637
89599 1975
74910 1577
78083 1039
71800 1129
72469 1183
56691 1929
82708 1704
72140 1855
74449 1192
52805 1024
94792 1125
54320 1283
79240 1018
56522 1220
94539 1136
54129 1222
93196 1881
92588 1398
84542 1703
76575 1220
72677 1100
91095 1437
56247 1994
99449 1603
69980 1386
86938 1541
67207 1568
57825 1484
76436 1167
61464 1850
61352 1408
92263 1930
51760 1706
91810 1834
82487 1837
81031 1592
81307 1707
60226 1564
77062 1235
86077 1779
99477 1302
65000 1589
94011 1973
73658 1235
84857 1828
90164 1035
60925 1693
98323 1955
60673 1309
69181 1827
58651 1638
74351 1773
70702 1948
94137 1058
77203 1549
68577 1879
71269 1788
82618 1025
52426 1689
92161 1060
70360 1876
72700 1451
82968 1997
59743 1539
58569 1615
92028 1751
72232 1503
83158 1155
64509 1971
88112 1194
70711 1972
92771 1438
87100 1227
56362 1038
50854 1485
83748 1043
58764 1001
95208 1516
85373 1577
90742 1292
64893 1853
57324 1074
62386 1630
59048 1338
85279 1983
89074 1747
96984 1867
73090 1315
81652 1489
72148 1606
77802 1254
66708 1439
74870 1380
51733 1620
99409 1909
62398 1654
77841 1523
90212 1552
79192 1801
50579 1713
82635 1859
51315 1742
51359 1328
61633 1237
75512 1848
71121 1710
80967 1933
50343 1200
73577 1484
70561 1397
63592 1626
60705 1677
77029 1404
80546 1243
83555 1433
54611 1608
91804 1354
93903 1022
79692 1308
79979 1874
93792 1461
53839 1175
72545 1558
90558 1905
94782 1550
57165 1963
59939 1118
82493 1806
57164 1216
81128 1963
60427 1760
65993 1937
88146 1368
69464 1193
51496 1454
95369 1419
79861 1317
57746 1412
68179 1776
50512 1985
53998 1546
94710 1853
83705 1806
61974 1849
57611 1674
64334 1731
94448 1877
99134 1120
67573 1077
78567 1774
85062 1963
68803 1270
0 0 0 0 0 0 0 0 0 0 0 144 144 0 0 0 0 0 251 251 333 200 200 200 0 0 0 0 0 0 0 21 21 21 140 140 140 140 140 194 194 194 194 194 0 101 101 0 0 0
0 173 173 0 0 0 0 0 0 185 0 0 144 144 0 0 0 0 0 251 333 200 200 0 0 0 0 0 0 0 0 0 21 21 21 140 140 294 294 294 265 265 265 265 0 116 101 0 0 0
0 173 173 0 0 326 326 0 0 185 0 144 144 144 0 0 0 0 0 251 333 199 199 199 199 342 342 0 0 0 0 0 205 205 132 132 132 294 294 294 294 0 0 0 0 116 101 0 0 0
0 0 159 159 0 326 326 0 0 185 0 0 210 210 0 0 0 0 0 251 333 333 333 333 199 342 342 0 0 0 0 0 205 205 132 132 132 132 212 212 212 0 0 0 116 116 101 31 189 189
0 257 257 159 0 0 102 0 185 185 0 0 210 210 0 0 176 0 0 115 115 115 386 328 328 29 63 63 63 0 0 0 75 75 248 248 248 105 212 254 254 0 0 0 343 343 31 31 189 189
0 257 257 159 0 0 102 102 102 256 256 256 361 361 0 0 176 176 176 115 363 363 386 386 328 29 63 63 0 0 0 0 75 248 248 248 248 105 105 254 254 0 160 160 343 343 343 31 31 31
0 0 257 257 0 0 102 102 245 245 245 256 361 361 0 319 319 115 115 115 363 363 386 386 328 29 324 0 0 0 0 315 75 54 54 387 387 387 105 0 0 0 160 160 224 131 131 131 131 31
0 0 113 113 0 0 102 102 245 245 348 256 308 308 0 319 319 115 85 363 363 234 234 234 234 29 324 324 0 0 0 315 315 54 54 387 307 307 395 310 0 0 231 231 224 224 224 131 292 292
0 107 107 113 113 0 0 252 348 348 348 256 308 308 249 56 56 56 85 153 153 337 337 223 234 29 29 324 26 0 0 315 315 315 387 387 307 307 395 310 0 0 0 231 231 273 273 273 0 292
0 107 107 381 381 252 252 252 49 49 221 249 249 249 249 249 56 56 85 153 153 337 337 223 216 29 391 26 26 26 0 284 284 177 177 133 133 133 395 310 310 0 70 70 70 273 193 193 0 292
0 381 381 381 381 35 35 49 49 221 221 221 221 221 111 111 111 56 85 285 285 330 223 223 216 216 391 26 26 0 0 284 284 120 177 177 133 133 395 1 310 0 0 0 70 193 193 193 0 0
0 381 381 311 311 35 35 49 300 300 300 221 323 323 111 111 111 56 85 285 285 330 330 330 330 216 391 83 83 0 0 0 0 120 120 120 242 242 242 1 1 1 0 0 43 43 43 43 382 382
0 139 311 311 311 98 98 135 74 74 300 323 323 111 111 2 2 104 104 104 126 126 192 192 192 391 391 83 83 58 58 58 58 58 120 120 120 120 242 1 1 1 0 0 0 269 269 269 269 382
0 139 139 183 98 98 135 135 74 74 100 100 100 13 13 13 2 2 2 104 126 126 362 362 192 57 57 57 208 208 58 119 30 30 30 329 329 313 313 313 313 0 0 191 191 191 331 269 269 382
0 139 139 183 364 364 135 135 136 136 45 100 100 13 13 23 23 23 23 23 262 262 362 362 303 303 186 57 60 208 119 119 119 30 30 30 329 329 360 360 360 360 191 191 191 191 331 269 269 382
0 139 183 183 364 364 135 136 136 45 45 100 100 13 13 23 23 23 377 377 262 262 365 163 303 303 186 186 60 208 208 287 119 211 211 50 50 50 182 182 182 360 218 218 218 218 331 331 0 0
0 336 336 90 90 264 264 264 359 359 45 45 45 314 314 314 314 152 377 377 365 365 365 163 303 201 201 186 60 60 208 287 211 211 211 50 188 188 182 182 182 360 295 218 218 218 260 331 399 0
0 306 336 336 90 90 264 264 359 359 195 195 281 281 281 152 152 152 377 377 365 365 356 163 163 201 201 42 127 60 24 287 287 211 211 156 188 188 322 322 344 344 295 218 92 260 260 53 399 0
0 306 0 0 366 366 366 340 340 340 353 195 195 110 281 55 55 55 55 52 365 356 356 357 357 64 64 42 127 127 24 24 62 62 156 156 71 71 322 322 304 344 295 295 92 260 53 53 399 128
0 306 306 0 366 240 240 340 353 353 353 195 195 110 55 55 55 55 52 52 214 356 356 3 357 357 64 42 42 127 127 24 24 62 156 71 71 25 25 304 304 344 295 295 92 271 53 399 399 128
0 0 0 0 366 240 240 340 353 109 109 195 110 110 347 347 347 351 52 52 214 40 3 3 3 357 64 298 42 127 241 241 241 62 25 25 25 25 25 304 375 375 375 96 92 271 271 399 128 128
288 288 288 288 106 106 340 340 353 109 109 195 110 347 347 347 347 351 17 17 214 40 3 3 3 33 298 298 321 321 241 241 206 99 99 99 25 339 203 304 375 375 375 96 92 92 271 94 94 94
305 305 0 0 106 106 106 148 148 148 148 148 110 347 351 351 351 351 17 17 214 40 33 33 33 33 298 298 321 321 241 241 206 99 178 178 178 339 203 304 375 96 96 96 279 279 279 279 94 94
305 0 0 0 106 106 106 369 299 299 299 397 397 397 270 270 73 73 17 368 368 40 40 268 268 267 298 298 321 321 393 393 206 206 206 178 178 339 203 304 0 0 0 0 0 0 0 0 0 0
305 305 0 0 0 0 289 369 299 312 312 397 16 16 16 270 73 258 368 368 368 40 40 268 268 267 267 267 267 321 321 393 77 77 77 301 301 339 203 151 0 349 349 349 349 349 0 0 0 0
0 0 0 0 0 0 289 369 299 312 312 16 16 16 82 270 73 258 232 232 368 78 78 268 268 112 112 112 112 272 272 393 51 77 77 301 301 203 203 151 290 290 7 278 278 0 0 20 20 282
0 0 0 0 296 289 289 369 369 369 84 84 84 82 82 82 82 258 232 232 368 78 78 384 268 112 400 400 400 272 272 51 51 77 77 301 367 367 367 151 290 354 7 278 278 0 0 20 20 282
0 0 296 296 296 180 180 180 158 158 84 84 84 82 82 239 258 258 39 39 368 261 261 384 384 384 400 400 400 272 272 51 51 51 51 51 34 34 367 151 290 354 7 7 7 0 69 69 20 282
0 0 296 296 385 385 180 180 180 158 158 350 350 350 350 239 258 39 39 39 39 261 261 22 341 341 341 172 172 68 68 396 396 274 274 34 34 34 367 346 346 354 325 325 283 283 283 69 282 282
0 0 296 125 385 385 6 233 233 219 219 219 219 350 350 239 239 378 38 38 39 22 22 22 341 341 187 187 172 68 68 396 396 274 274 34 137 367 367 346 346 354 354 325 283 141 141 69 282 282
36 19 19 125 125 125 6 6 233 233 233 219 219 350 350 355 355 378 38 38 316 174 59 59 59 59 187 149 172 68 68 4 4 4 274 274 137 137 137 146 146 146 146 325 15 141 141 141 0 0
36 19 19 229 125 125 6 6 379 379 233 76 219 157 157 355 355 378 378 378 316 174 174 174 121 187 187 149 149 236 236 4 4 4 213 255 9 9 184 184 146 146 146 394 15 392 392 103 0 0
36 108 108 229 229 125 150 237 237 379 379 76 76 157 157 355 355 250 250 316 316 174 174 121 121 164 164 371 149 236 236 374 374 145 213 255 255 9 184 184 197 197 197 394 15 15 392 103 0 0
36 108 108 229 229 335 150 150 237 237 76 76 61 61 157 355 355 250 250 12 12 380 380 222 121 164 164 371 371 236 236 374 374 145 213 213 255 9 134 134 134 197 197 394 392 392 392 103 103 0
36 36 204 204 204 335 335 150 237 237 123 123 61 61 93 93 93 168 168 48 12 12 380 222 121 277 277 277 371 89 162 162 145 145 213 155 155 91 134 134 134 88 197 394 392 275 225 225 27 0
0 0 204 204 204 335 335 373 383 383 123 123 372 372 93 93 93 168 168 48 48 48 380 222 277 277 277 277 89 89 162 162 145 145 145 155 155 91 91 134 114 88 88 88 275 275 225 225 27 0
0 0 389 204 204 335 335 373 383 383 383 383 372 372 93 358 293 318 318 318 276 276 14 222 14 14 14 147 147 89 166 166 302 302 145 196 196 91 91 134 114 207 207 207 275 275 370 370 27 0
0 0 389 389 309 309 373 373 345 345 345 345 0 0 358 358 293 318 318 276 276 41 14 14 14 11 147 147 89 89 166 302 302 302 37 37 196 196 91 114 114 207 207 207 129 169 370 370 27 0
0 389 389 389 309 309 309 345 345 124 124 0 0 0 358 358 293 293 293 41 41 41 253 253 11 11 147 44 44 81 166 166 227 227 37 37 18 95 95 95 95 95 129 129 129 169 169 169 27 27
0 0 0 389 389 215 215 345 345 124 124 217 217 0 0 280 280 293 317 317 317 167 167 253 11 327 327 44 44 81 81 81 227 227 37 37 18 18 220 220 161 161 332 332 332 390 171 171 27 46
0 0 0 215 215 215 247 8 8 8 8 217 217 209 0 0 280 280 317 317 317 167 167 253 190 190 327 327 44 65 81 81 79 79 79 37 37 18 220 220 161 161 332 332 332 390 171 171 46 46
0 0 0 0 10 215 247 8 8 8 170 217 217 209 0 0 291 291 291 179 179 246 246 190 190 190 190 130 44 65 65 81 79 79 79 0 0 0 0 388 388 228 332 332 390 390 171 171 46 46
0 0 10 10 10 142 247 247 247 170 170 217 217 209 0 0 291 291 291 179 179 66 246 143 334 334 334 130 44 65 65 122 122 28 28 0 0 0 0 388 388 228 228 118 118 118 118 171 72 72
0 0 10 10 142 142 286 286 286 170 170 170 181 209 0 0 0 291 0 0 0 66 246 143 334 334 334 130 238 238 238 122 122 28 28 0 0 0 0 388 388 388 228 228 118 118 118 352 352 72
0 0 0 142 142 87 286 286 286 170 181 181 181 202 67 67 0 0 0 0 0 66 66 143 334 334 130 130 238 5 398 398 398 28 28 28 0 0 0 0 0 80 80 80 80 352 352 352 352 72
0 0 0 0 0 87 87 286 286 170 266 266 202 202 67 67 32 32 32 0 0 0 143 143 117 117 130 130 5 5 398 398 398 230 0 0 0 0 0 0 0 0 0 243 243 352 154 154 198 198
0 0 0 0 138 87 87 47 0 0 266 266 202 202 67 67 226 226 32 297 0 0 143 143 117 117 263 263 263 5 230 230 230 230 244 0 0 0 0 0 0 0 0 243 243 243 154 154 198 198
0 0 0 138 138 138 47 47 0 0 0 0 86 86 67 67 226 297 297 297 0 0 0 0 376 376 263 338 338 5 0 0 0 244 244 0 0 0 0 0 0 0 0 0 243 243 154 154 198 198
97 97 97 138 175 175 47 259 259 259 259 0 86 86 226 226 226 0 0 0 0 0 0 0 376 376 376 338 338 0 0 0 0 244 244 0 0 0 0 0 0 0 320 0 243 235 235 154 0 0
97 97 138 138 175 175 175 259 259 259 259 0 0 0 226 226 0 0 0 0 0 0 0 0 0 0 0 0 0 0 0 0 0 244 244 0 0 165 165 165 165 165 320 320 320 235 235 0 0 0
