50 400 20
93723 1281
59638 1215
58720 1916
90199 1810
74805 1462
78661 1190
72783 1076
95201 1462
70690 1810
76868 1499
62639 1205
71126 1340
77098 1581
96717 1546
97419 1005
96706 1365
83603 1038
62933 1463
65133 1105
72427 1882
76707 1934
96877 1698
91372 1279
76090 1416
81940 1801
71233 1431
91545 1978
86362 1320
90735 1976
70394 1401
94979 1000
51890 1764
60655 1278
50066 1854
90151 1943
95755 1724
58529 1291
62959 1910
73346 1682
99988 1350
65236 1028
73568 1723
61111 1910
90374 1305
99951 1995
91270 1690
76355 1824
60556 1712
59987 1642
92483 1080
73078 1434
74546 1335
53370 1320
82563 1416
56199 1476
96357 1367
99617 1212
66290 1349
50416 1894
80809 1246
58145 1416
88811 1689
72042 1597
62788 1606
61476 1398
89254 1193
74942 1489
82373 1429
94946 1872
51065 1044
94112 1355
70766 1845
97162 1218
77093 1711
55795 1164
70421 1922
89141 1925
74812 1520
60529 1656
86111 1781
58562 1803
55529 1444
93781 1048
50269 1825
95986 1917
79074 1391
84419 1066
61091 1904
81153 1645
75474 1827
87332 1220
81718 1845
81790 1646
94475 1257
79278 1081
59942 1976
85557 1679
57473 1508
55644 1770
75006 1602
58477 1820
88248 1116
75226 1902
83888 1561
62035 1837
72511 1805
64756 1188
87200 1714
65075 1563
58427 1492
79751 1111
80037 1954
75477 1988
56467 1075
76280 1391
67248 1002
71488 1434
81888 1972
53608 1605
85011 1744
71547 1540
52020 1569
92212 1264
72903 1499
53118 1348
94957 1301
99033 1291
79760 1983
64769 1727
67094 1241
94775 1504
85540 1162
80202 1386
82343 1622
80423 1466
68100 1928
62403 1002
90956 1734
58159 1556
78210 1161
81825 1675
64308 1545
66249 1084
68288 1073
79827 1591
58989 1186
59276 1823
75371 1206
80373 1177
58243 1558
67669 1237
66859 1742
79162 1394
80659 1681
69506 1431
93576 1177
57213 1765
52269 1772
66350 1220
72222 1337
67454 1588
57825 1934
65563 1064
99750 1570
66108 1276
94644 1038
82916 1855
76542 1533
66123 1475
66971 1174
59789 1067
56772 1203
63603 1173
79963 1538
94851 1741
66388 1931
67860 1835
67187 1518
61439 1326
70613 1087
73981 1405
52729 1675
62640 1487
79232 1629
76063 1193
69717 1019
55876 1832
80261 1570
78140 1737
50938 1039
76461 1805
68424 1039
80913 1794
77687 1672
94301 1889
63023 1200
57114 1668
88201 1674
67886 1456
59548 1272
91205 1550
65921 1816
50308 1822
74085 1291
56214 1193
57558 1324
99589 1338
54493 1435
78820 1511
82737 1383
67024 1641
71455 1080
85976 1571
65280 1782
60281 1921
76462 1522
57131 1726
73646 1183
68388 1152
63216 1361
93893 1274
85453 1990
88588 1248
52459 1713
97750 1349
99285 1371
84331 1060
74090 1281
70294 1245
56026 1082
82211 1325
58377 1150
85872 1540
69868 1993
85031 1888
98810 1378
91954 1082
92635 1451
54250 1340
94556 1496
50706 1839
70646 1527
53454 1571
73785 1154
81874 1287
65272 1288
52946 1733
65446 1982
52066 1751
86503 1295
82926 1038
89825 1957
52643 1463
62143 1514
82987 1712
86983 1767
63533 1681
95164 1436
80475 1671
66964 1530
86191 1016
80194 1686
51714 1429
69050 1137
63727 1198
70630 1911
75276 1685
78106 1176
85059 1751
89626 1188
72589 1058
73462 1985
94677 1567
94243 1879
69245 1320
99889 1704
57721 1817
76706 1939
99393 1651
83671 1492
68618 1482
96389 1223
87623 1866
55160 1822
77896 1141
97745 1545
55083 1824
63516 1879
83015 1409
63665 1340
98141 1864
58281 1399
70283 1412
54458 1058
69358 1324
97255 1535
58812 1631
52053 1743
65122 1679
82207 1787
82669 1167
63217 1304
79238 1009
51782 1396
71778 1064
84678 1178
63307 1808
92878 1106
64322 1518
50715 1484
78430 1466
93807 1253
55018 1303
50091 1252
95494 1894
57351 1266
69436 1092
55895 1400
95550 1499
84640 1977
56709 1141
64835 1703
88147 1652
67981 1542
75953 1920
61239 1795
73025 1898
95438 1940
56816 1175
57686 1123
57448 1659
85374 1375
89450 1950
64519 1896
52664 1902
76151 1323
94783 1689
99168 1852
80076 1512
97415 1511
68089 1722
57224 1136
57167 1034
61598 1303
88674 1208
51518 1806
76061 1004
58811 1649
63601 1323
88721 1683
70495 1390
98996 1699
65841 1185
64956 1274
58693 1596
60904 1884
62752 1593
55736 1226
68499 1716
64798 1905
74707 1366
95679 1552
66913 1266
63112 1281
87334 1999
52279 1079
64028 1658
81812 1616
52400 1915
98631 1659
51417 1673
92439 1498
96838 1545
91165 1905
86383 1210
62763 1274
50188 1358
96529 1464
60749 1179
92542 1660
93745 1275
55486 1168
93709 1820
87989 1722
56331 1770
57302 1664
71900 1027
52552 1964
56180 1275
90737 1955
79541 1653
92097 1770
63868 1855
93535 1319
75324 1679
99134 1631
66187 1670
69203 1487
91065 1039
54320 1726
134 134 0 0 304 27 27 0 28 0 0 0 0 0 0 0 0 0 0 0 0 0 0 0 0 0 39 0 0 0 0 0 0 180 180 0 0 0 0 0 0 0 0 288 288 288 55 55 0 0
134 134 0 0 304 27 0 0 28 0 0 0 0 0 0 0 0 0 0 0 0 0 364 0 39 39 39 323 323 0 0 0 0 180 180 0 0 0 0 0 0 0 0 288 55 55 55 55 69 0
134 134 134 304 304 27 0 28 28 28 28 339 339 339 0 0 0 0 0 0 0 364 364 0 0 0 39 323 323 0 0 0 0 92 92 240 0 0 0 0 0 0 0 255 255 334 334 55 69 0
210 210 0 0 0 68 68 162 162 162 162 339 339 339 0 220 220 0 0 0 0 364 364 0 0 0 323 323 323 0 296 296 0 92 92 240 240 145 369 369 369 0 0 255 255 334 334 0 69 69
210 210 0 0 0 68 68 68 0 0 0 294 339 0 0 220 220 0 0 0 0 364 364 0 0 0 12 12 12 296 296 296 0 92 92 92 240 145 369 369 29 396 396 157 157 0 0 0 0 0
0 0 0 0 0 0 0 0 0 0 0 294 339 363 363 363 363 0 0 0 0 229 229 26 26 0 12 12 84 38 296 296 0 0 392 92 145 145 146 146 29 29 396 396 157 157 0 0 0 0
0 0 98 98 0 0 85 0 0 0 0 294 294 294 209 75 75 263 263 0 0 229 229 26 26 319 84 84 84 38 38 38 38 392 392 165 165 165 146 146 122 29 239 239 157 157 347 347 347 347
381 0 98 98 0 0 85 85 85 85 114 114 269 294 209 75 75 263 263 0 0 83 83 42 319 319 84 84 84 76 76 76 76 392 30 165 30 30 30 122 122 29 239 239 106 106 215 215 0 347
381 0 98 98 98 0 0 0 81 81 114 397 269 209 209 22 22 22 22 78 78 83 353 42 41 319 319 49 49 31 31 161 161 35 30 30 30 23 23 122 194 194 194 194 106 106 215 215 0 0
381 0 0 72 72 0 217 217 81 81 114 397 269 269 22 22 329 78 78 78 83 83 353 42 41 41 41 41 49 49 31 161 161 35 359 359 359 224 23 23 194 194 194 194 106 106 106 215 0 0
381 0 0 72 72 0 217 217 81 81 81 397 397 397 329 329 329 342 342 342 88 353 353 42 186 186 41 41 31 31 31 161 161 35 359 359 359 224 311 311 311 187 187 187 106 119 119 0 0 0
381 266 266 266 266 0 217 217 217 217 333 397 397 397 243 243 172 342 342 342 88 133 133 387 186 186 226 226 226 226 182 182 161 35 359 359 253 224 130 238 311 187 116 116 116 119 119 0 0 0
381 266 66 66 266 0 0 399 399 333 333 394 164 164 243 243 172 172 342 88 88 133 133 387 387 387 387 58 58 182 182 182 206 253 253 253 253 224 130 238 238 238 238 154 116 0 0 0 0 0
381 181 66 66 0 0 0 399 399 333 394 394 164 164 243 243 243 172 376 293 293 133 133 133 62 237 58 58 58 156 156 206 206 230 253 286 286 378 130 130 5 238 238 154 0 0 0 0 0 0
181 181 372 0 0 0 0 105 344 344 394 394 164 330 330 120 120 376 376 293 293 104 62 62 62 237 237 58 58 156 40 206 206 230 112 112 286 378 378 130 5 126 126 154 0 0 0 0 0 0
181 181 372 0 0 0 0 105 344 344 344 344 164 330 260 120 120 376 376 44 44 104 104 104 62 62 237 40 40 156 40 169 173 230 112 112 286 378 378 130 5 5 126 154 0 0 0 0 0 0
372 372 372 140 140 295 105 105 77 344 344 330 330 330 260 120 120 120 185 185 44 176 176 96 96 188 188 40 40 40 40 169 173 230 230 286 286 286 198 130 5 126 126 292 73 73 0 0 196 196
0 0 0 140 366 295 295 295 77 67 67 330 308 308 260 260 260 185 185 185 44 176 176 96 96 188 79 79 335 169 169 169 173 173 158 158 158 141 198 198 198 292 292 292 73 73 0 0 196 196
0 0 140 140 366 366 295 295 77 67 67 308 308 365 365 118 118 118 298 45 44 60 60 60 60 188 79 79 335 320 320 169 147 158 158 158 128 141 336 336 307 307 287 287 73 382 254 254 280 280
0 0 0 366 366 366 366 225 77 67 67 380 365 365 365 362 362 118 298 45 45 45 60 60 60 60 79 335 335 320 320 147 147 400 400 128 128 141 141 336 307 307 287 287 382 382 254 254 280 280
0 0 0 0 174 225 225 225 225 380 380 380 365 365 362 362 362 213 298 298 300 45 300 250 250 79 79 65 65 65 65 147 136 400 218 218 128 128 128 336 336 336 290 290 290 382 382 254 254 254
0 0 0 174 174 225 225 152 225 380 380 37 37 274 362 251 213 213 298 298 300 300 300 300 250 256 256 115 115 65 178 136 136 400 218 218 218 395 93 137 137 137 290 233 290 148 148 254 257 257
0 0 0 174 174 123 123 152 152 152 380 37 37 274 274 251 264 213 213 15 15 300 89 89 250 256 115 115 178 178 178 136 289 289 395 395 395 395 93 93 93 137 290 233 233 233 148 389 257 257
0 0 0 174 123 123 123 123 123 265 265 110 110 274 251 251 264 264 264 15 52 52 89 89 89 256 115 115 64 64 284 289 289 289 395 395 395 179 179 179 93 137 290 0 0 0 148 389 389 0
0 0 0 174 129 129 190 190 190 265 265 110 110 274 274 315 315 244 244 15 52 52 248 248 89 89 64 64 64 64 284 284 289 373 373 285 285 179 179 179 361 361 80 80 0 0 0 389 389 0
0 0 0 0 0 129 190 184 184 265 341 341 315 315 315 315 244 244 244 59 52 52 248 248 183 64 64 291 327 284 284 284 289 373 373 285 285 301 301 179 361 361 80 80 0 0 0 0 0 0
0 0 0 0 0 129 184 184 184 297 297 341 341 345 345 13 13 13 273 59 59 59 248 248 183 291 291 291 327 284 234 234 227 227 227 227 301 301 301 179 191 361 258 258 258 0 0 0 0 0
0 0 0 0 0 129 184 184 297 297 297 91 91 345 345 13 262 262 273 273 273 59 248 248 183 183 305 305 327 327 234 234 111 223 223 212 301 301 191 191 191 2 258 299 214 214 214 214 0 0
0 0 0 0 10 355 355 355 355 328 297 91 16 16 351 13 262 262 143 277 273 95 367 367 6 183 183 305 327 327 234 202 111 111 223 212 212 222 222 2 2 2 258 299 261 261 0 0 0 0
0 0 90 90 10 10 10 348 348 328 91 91 16 16 351 351 143 143 143 277 273 95 367 367 6 6 6 305 205 202 202 202 386 111 223 223 212 222 222 222 2 2 2 299 261 150 150 0 0 0
3 90 90 90 132 132 10 348 348 328 328 328 16 168 168 351 18 276 276 277 95 95 33 33 33 33 6 205 205 205 386 386 386 111 321 321 316 316 316 51 393 393 203 299 261 150 150 0 0 0
3 3 90 90 171 132 132 348 348 375 328 328 175 168 168 18 18 276 276 277 267 267 267 33 33 33 6 6 205 205 124 124 111 111 321 321 316 32 32 51 393 393 203 203 203 150 0 0 142 142
3 3 275 275 171 97 97 348 348 375 375 204 175 358 358 18 18 278 278 302 267 267 267 33 86 349 349 349 349 349 124 124 124 312 138 138 138 32 32 51 393 393 203 203 242 242 0 0 0 142
3 3 275 275 171 97 97 166 166 270 375 204 175 358 268 268 268 278 278 302 267 281 281 86 86 86 86 86 14 14 124 124 124 312 138 221 221 32 32 51 393 393 17 17 242 242 0 0 142 142
245 245 245 195 171 97 97 166 166 270 270 204 175 358 268 268 268 331 331 302 302 281 281 86 14 14 14 14 14 14 272 135 135 312 82 221 221 82 388 388 332 332 17 314 242 242 242 117 142 142
0 245 245 195 195 195 25 25 25 25 270 204 175 8 8 8 331 331 331 310 281 281 281 235 235 235 379 379 379 272 272 135 312 312 82 82 82 82 388 388 332 332 17 314 314 314 314 117 101 101
0 0 0 0 201 1 1 1 1 100 100 100 125 193 8 8 331 331 331 310 374 374 374 374 235 337 337 379 379 272 272 135 113 113 113 390 390 207 207 216 216 332 216 216 356 356 314 117 101 343
0 0 0 0 201 201 107 107 107 100 125 125 125 193 193 193 252 252 310 310 374 374 374 374 235 337 337 337 337 272 272 135 177 177 113 390 390 207 207 207 216 216 216 170 170 356 356 117 101 343
0 0 0 0 201 371 107 107 189 189 189 189 125 94 94 252 252 252 252 310 24 24 24 21 21 337 337 53 53 53 74 74 177 177 113 113 113 113 207 207 398 398 216 170 170 121 356 343 343 343
0 0 201 201 201 371 107 107 189 189 189 189 46 46 94 94 192 48 282 282 24 24 24 24 21 21 108 53 53 53 74 74 177 177 352 352 317 317 317 197 398 398 61 61 61 121 121 0 0 0
0 163 163 163 163 371 371 211 200 200 354 354 354 46 46 192 192 48 48 282 318 318 318 309 309 309 108 370 370 370 370 352 352 352 352 352 139 317 317 197 197 398 61 61 61 121 121 0 0 0
0 0 87 87 160 371 0 211 200 200 354 151 151 127 46 192 47 47 48 282 4 4 318 309 309 108 108 338 338 57 57 352 391 391 391 7 139 139 139 197 197 197 61 61 322 121 121 377 0 0
0 0 87 87 160 0 0 211 211 211 211 151 151 127 127 20 20 47 48 4 4 4 350 350 350 350 338 338 57 57 236 236 303 391 391 7 7 7 102 324 306 306 313 322 322 377 377 377 0 0
0 385 385 87 160 0 249 249 63 63 103 151 151 246 127 20 20 47 9 9 149 149 149 50 50 50 338 228 236 236 236 303 303 70 232 232 102 102 102 324 306 306 313 322 322 36 36 11 11 326
0 385 385 87 160 0 249 249 63 231 103 151 151 246 246 246 9 9 9 54 346 346 149 50 50 50 228 228 357 357 357 303 70 70 232 232 102 102 71 324 324 0 313 36 36 36 11 11 326 326
0 43 43 271 271 0 368 368 63 231 103 199 199 199 199 199 9 9 34 54 54 346 149 50 228 228 228 228 357 357 384 384 325 70 70 70 71 71 71 0 0 0 313 241 241 241 241 241 326 326
0 0 43 271 0 0 368 368 19 231 103 103 199 199 340 340 340 340 34 54 54 346 346 279 279 155 155 357 357 357 384 384 325 325 325 325 283 0 0 0 0 208 313 241 0 0 0 0 0 0
0 0 43 271 0 0 56 368 19 231 259 259 109 109 0 0 340 34 34 360 360 346 159 279 155 155 155 0 167 167 0 0 144 383 383 283 283 0 0 0 0 208 247 0 0 0 0 0 0 0
0 0 0 0 0 0 56 368 19 259 259 259 109 109 0 0 340 99 99 99 360 159 159 279 159 155 0 0 167 167 0 0 144 383 383 283 283 0 0 0 0 208 247 131 131 0 153 153 153 153
0 0 0 0 0 0 56 56 19 19 19 19 0 0 0 0 0 99 99 99 360 159 159 159 159 0 0 167 167 0 0 0 144 144 144 144 0 0 0 0 208 208 247 247 131 131 219 219 219 219
