50 400 20
53956 1216
96439 1050
91024 1789
84810 1238
79728 1725
59303 1532
67357 1503
59688 1492
99321 1014
66348 1177
89384 1821
82239 1148
70923 1871
54100 1549
64443 1659
92393 1208
53369 1531
83114 1893
72145 1867
63398 1450
91701 1949
63321 1154
83216 1072
76519 1712
81744 1292
58017 1083
96398 1111
67943 1526
88208 1580
99475 1472
58134 1027
50654 1623
88120 1668
55203 1823
97362 1603
52526 1351
68443 1201
80034 1540
85637 1357
52546 1462
86774 1310
93700 1086
84830 1428
61873 1421
85171 1290
72527 1214
70121 1119
98226 1191
79320 1301
58330 1854
84581 1224
66972 1489
64771 1471
70951 1778
71204 1067
91492 1160
97125 1784
59859 1216
79346 1459
83368 1418
89172 1814
76712 1228
76459 1394
66832 1889
83250 1194
75293 1818
76996 1400
91799 1815
86610 1968
96134 1970
61993 1362
94375 1245
56991 1347
59927 1718
76015 1923
52618 1892
57116 1680
67444 1747
64088 1207
69467 1557
74607 1711
56689 1926
93601 1551
54725 1793
55959 1959
79070 1720
64037 1344
84208 1573
77881 1648
80821 1634
76733 1092
61417 1578
80653 1054
69360 1815
61477 1302
77483 1237
83269 1242
92535 1851
78491 1274
83217 1876
74103 1175
87906 1947
57158 1907
81344 1142
75830 1921
60987 1574
75868 1680
62907 1724
88192 1423
65493 1203
99663 1090
76273 1549
88280 1060
98356 1855
84694 1841
92062 1514
50687 1223
84115 1212
98978 1593
85062 1693
83885 1192
77686 1529
70301 1182
74238 1506
98346 1487
94259 1296
53849 1771
89082 1273
80542 1886
51158 1851
98000 1102
62646 1688
81311 1808
53435 1650
55911 1540
79583 1589
85994 1101
87447 1353
51799 1973
80135 1151
55545 1007
72266 1346
54951 1578
84640 1214
85519 1537
75672 1863
74573 1057
88109 1526
61237 1772
79778 1817
59056 1801
60379 1267
65227 1855
77725 1485
90017 1859
82059 1841
95564 1839
73574 1131
89873 1751
66583 1267
73575 1637
64358 1808
93749 1599
71118 1599
90736 1650
72875 1587
71669 1927
96978 1341
53037 1877
80721 1615
51007 1399
62017 1401
75742 1249
92635 1979
74704 1784
86265 1847
74000 1742
66400 1053
53741 1496
97534 1249
54600 1616
82685 1736
63319 1077
52473 1143
50527 1714
74033 1774
83488 1735
72117 1330
92004 1497
72119 1103
96803 1262
63172 1554
52859 1920
79168 1222
91982 1026
86280 1691
62438 1307
91684 1964
87290 1775
70108 1495
62306 1607
88869 1906
67419 1356
93123 1924
78949 1488
69593 1828
63811 1095
61741 1018
58809 1244
53823 1166
67805 1066
90748 1261
86912 1299
97424 1711
80684 1351
66099 1918
74716 1429
79989 1403
71258 1290
82181 1166
92457 1604
63358 1724
88198 1837
62629 1901
64898 1877
87642 1306
99495 1629
63221 1483
53039 1658
58524 1343
74843 1730
64460 1784
52763 1929
66903 1596
55441 1386
81054 1235
54177 1681
69433 1375
67982 1477
88334 1344
51470 1447
61058 1464
63253 1202
53803 1964
57269 1194
82712 1941
88023 1121
87549 1562
62711 1833
89476 1511
64305 1695
64879 1954
87717 1779
53271 1146
94331 1012
53950 1675
81898 1983
82327 1437
52899 1993
74895 1296
63835 1040
91993 1036
62408 1486
91521 1818
97631 1973
67851 1079
94532 1688
76018 1107
87408 1872
81874 1680
92170 1093
73728 1270
95463 1326
50408 1572
92622 1687
51494 1797
79240 1538
61731 1763
92482 1807
62277 1442
58517 1045
74879 1424
63947 1054
71340 1207
97075 1441
56725 1335
92791 1290
95900 1728
60032 1010
51227 1260
68766 1258
51788 1789
54637 1535
69354 1544
52078 1475
93333 1088
86017 1124
66918 1232
94424 1372
73270 1717
97077 1759
74318 1352
77988 1611
59235 1318
77477 1569
60714 1065
91395 1361
62251 1005
81043 1164
55945 1451
99708 1013
61244 1329
82148 1192
98393 1639
58916 1307
91465 1820
59725 1024
89878 1865
67806 1630
85319 1820
50449 1296
54015 1888
95556 1540
90321 1126
58120 1461
62561 1609
70685 1153
81749 1612
50179 1504
54539 1845
88141 1920
75358 1202
73617 1407
69805 1551
92097 1073
63367 1933
50749 1783
60754 1963
60595 1532
57589 1376
56717 1805
94988 1263
95434 1617
98991 1716
96913 1074
91497 1623
70050 1603
71624 1320
85958 1498
60925 1693
79583 1387
77744 1204
60877 1003
91440 1651
58399 1965
85357 1949
51616 1656
65050 1173
78962 1519
80940 1232
50602 1097
94585 1060
65551 1083
81684 1793
84369 1967
67501 1685
87115 1716
98916 1418
72914 1505
54275 1092
62211 1382
55987 1411
67068 1418
68502 1838
94379 1101
72822 1308
67521 1519
88980 1208
50162 1623
81887 1174
83605 1075
63380 1848
57548 1459
58012 1514
86837 1411
70535 1204
73684 1637
64319 1187
78578 1750
57142 1897
80665 1261
54856 1046
67055 1115
73030 1953
71849 1299
92312 1614
89362 1665
62136 1219
73100 1858
56196 1441
0 0 0 181 181 181 294 294 294 0 0 0 87 87 376 376 394 394 115 115 0 0 0 0 0 0 0 0 0 0 0 0 0 0 0 0 0 0 135 382 382 24 24 24 24 0 0 302 302 302
0 108 108 181 102 102 294 294 56 56 0 0 87 376 376 394 394 394 115 115 115 0 0 0 0 0 0 0 0 0 166 180 0 0 0 0 0 0 135 382 382 52 52 24 0 0 302 302 81 81
108 108 108 102 102 102 294 56 56 0 0 0 87 376 376 336 394 131 131 131 136 0 0 0 0 333 333 4 4 0 166 180 180 0 0 0 0 0 135 382 382 52 52 281 281 281 144 80 80 81
30 30 30 145 145 200 200 200 200 0 0 0 49 49 376 336 394 131 136 136 136 0 0 99 99 99 333 333 4 166 166 180 180 0 0 0 0 0 135 240 240 231 231 281 281 144 144 80 80 81
30 30 30 145 145 259 259 259 0 0 0 0 49 49 106 336 336 131 131 7 7 320 320 99 130 130 130 130 4 4 4 0 0 0 0 23 23 23 240 240 231 231 231 231 0 144 144 339 339 339
0 30 30 374 2 2 2 259 0 55 59 59 59 59 106 106 106 7 7 7 7 7 320 320 320 245 245 130 130 130 4 0 0 358 358 23 23 23 86 86 86 231 0 0 0 339 339 339 339 328
0 0 0 374 374 2 2 55 55 55 338 338 338 59 298 298 106 123 123 123 398 398 398 320 245 245 245 72 72 72 72 0 0 216 358 358 23 23 86 0 0 0 0 0 0 0 47 227 227 328
0 34 0 0 374 282 282 161 161 161 338 338 338 59 298 298 123 123 303 303 398 398 117 245 245 266 266 118 118 239 239 216 216 216 158 158 158 1 86 0 0 0 0 0 0 0 47 227 227 328
0 34 0 0 374 282 282 161 313 313 313 338 338 389 389 389 163 303 303 297 398 398 117 31 31 206 266 266 118 118 239 220 369 369 369 158 158 1 0 0 211 211 0 0 0 0 47 47 328 328
0 34 0 368 374 282 282 313 313 313 313 273 273 389 163 163 163 230 230 297 297 297 117 117 31 206 266 266 151 118 239 220 369 19 19 217 1 1 0 211 211 0 0 0 0 0 0 0 328 328
0 34 34 368 374 282 276 276 276 276 276 273 273 126 385 385 163 230 230 297 297 297 263 263 31 206 206 266 151 235 235 220 220 19 19 217 217 217 218 85 85 0 0 0 0 0 0 0 0 0
0 0 368 368 374 138 138 138 48 48 48 334 126 126 385 385 163 230 14 14 14 14 263 263 31 206 206 206 151 235 235 220 321 321 75 247 247 218 218 85 85 85 0 0 314 0 0 0 0 0
0 0 368 249 249 33 138 185 48 334 334 334 126 126 111 111 324 324 324 324 14 337 337 337 337 337 337 206 151 186 235 321 321 75 75 247 247 218 218 0 0 319 319 0 314 0 0 0 0 0
0 0 0 249 33 33 138 185 185 185 334 334 334 126 111 111 199 199 199 199 35 195 241 241 337 186 186 186 186 186 235 235 75 75 330 344 344 63 63 0 0 0 319 0 314 0 0 0 0 0
0 0 0 249 33 210 210 210 210 193 193 193 193 193 327 327 327 199 199 199 35 195 241 256 256 171 186 186 114 114 114 254 254 238 330 330 344 63 63 0 0 319 319 314 314 314 0 177 177 0
0 0 312 312 82 82 210 242 242 193 193 193 327 327 327 66 66 35 35 35 35 195 241 256 256 171 171 105 105 292 114 254 254 238 238 330 344 84 84 84 0 0 0 128 128 128 128 177 177 384
0 0 308 312 82 82 210 242 242 112 112 112 233 233 66 66 66 205 274 35 35 195 22 232 232 171 171 105 105 292 114 17 254 253 238 64 64 84 84 84 84 0 0 0 37 69 69 384 384 384
0 308 308 312 260 260 260 260 175 175 175 112 233 233 233 184 205 205 274 274 22 22 22 232 232 171 26 26 26 292 17 17 254 253 64 64 64 125 125 125 125 0 0 0 37 69 69 353 353 384
0 308 341 341 341 260 260 149 175 175 175 386 386 160 184 184 205 205 100 274 22 22 22 232 232 232 26 345 345 292 17 192 253 253 285 285 388 388 60 60 0 0 0 0 37 37 37 353 353 353
0 308 341 191 176 176 284 149 175 137 137 386 386 160 184 184 340 205 100 274 157 157 157 157 157 348 348 345 345 215 192 192 192 74 285 285 388 388 60 60 60 0 0 0 0 0 0 0 353 353
0 140 140 191 176 284 284 149 149 137 137 160 160 160 340 340 340 205 100 27 27 237 237 237 348 348 51 51 215 215 192 192 192 74 74 74 107 107 107 54 60 0 0 0 0 0 0 0 0 0
0 140 140 191 176 284 284 251 149 137 97 387 387 387 387 387 293 293 100 27 27 27 237 237 395 395 395 51 215 215 215 221 221 74 74 172 54 54 107 54 264 0 0 0 0 0 0 0 0 0
0 0 0 191 191 284 284 251 68 68 97 97 387 301 301 301 293 293 94 94 94 27 92 92 395 349 349 51 113 113 113 221 221 172 172 172 54 54 54 54 264 0 174 0 0 0 0 0 0 0
0 0 0 0 191 0 0 251 251 68 68 97 387 360 360 301 154 154 94 94 12 12 92 92 349 349 349 51 51 363 113 25 25 25 5 225 225 225 393 264 264 0 174 0 0 356 356 0 0 0
0 0 0 0 0 0 0 251 278 278 278 97 97 360 360 301 154 154 16 16 12 12 92 92 92 349 289 289 289 363 363 25 25 25 5 5 5 225 393 393 393 174 174 0 0 356 356 207 0 0
0 0 0 0 0 278 278 278 278 244 244 188 97 360 360 360 360 139 139 16 16 359 359 110 228 228 228 289 289 289 363 124 124 280 280 390 21 21 21 183 393 393 393 0 0 0 250 207 0 0
0 0 0 0 0 28 28 278 244 244 188 188 317 317 317 317 296 139 139 359 359 359 359 110 228 228 228 228 228 122 44 124 124 280 280 390 21 21 21 183 183 183 53 53 53 53 250 207 207 207
0 0 0 0 0 28 28 28 271 271 188 188 351 351 296 296 296 296 364 364 364 347 347 110 110 122 122 122 122 122 44 44 280 280 390 390 93 93 309 309 162 162 162 162 162 250 250 179 342 342
0 0 0 65 65 98 98 98 271 271 271 351 351 396 270 270 270 270 364 364 364 347 347 110 392 248 248 248 122 236 44 44 280 280 326 326 93 93 309 309 162 365 365 365 365 179 179 179 342 134
0 0 0 65 89 98 98 98 271 271 271 351 351 396 396 396 290 290 198 198 364 364 347 110 392 248 329 236 236 236 44 44 326 326 326 367 367 8 8 8 8 365 132 70 365 179 179 179 342 134
0 0 0 65 89 89 89 89 101 101 101 224 224 224 224 396 290 198 198 198 198 109 109 110 392 83 329 329 212 212 361 11 11 11 11 367 39 39 76 91 91 132 132 70 70 70 70 70 43 134
0 0 0 0 127 127 127 127 325 101 101 101 190 190 224 143 290 383 366 219 198 109 109 109 392 83 329 329 212 212 361 361 165 165 165 367 39 39 76 91 91 132 173 194 194 194 194 194 43 134
0 0 0 0 127 127 127 127 325 101 306 306 190 143 143 143 383 383 366 219 219 219 346 346 346 83 329 329 310 310 361 361 165 307 307 367 20 20 76 88 88 173 173 155 155 194 265 194 43 43
0 0 0 0 0 0 325 325 325 142 306 306 190 143 305 305 383 366 366 219 219 219 3 346 346 83 246 310 310 310 332 267 267 307 307 182 20 20 76 88 88 173 155 155 155 155 265 194 43 43
0 0 0 0 354 354 354 343 343 142 306 190 190 190 305 305 383 201 201 219 277 277 3 3 83 83 246 310 310 310 332 267 267 267 267 182 182 77 77 214 214 173 173 155 155 265 265 229 229 120
0 0 0 291 291 354 354 343 343 142 142 178 335 335 159 159 79 79 201 277 277 121 46 3 370 370 246 246 246 13 332 332 332 332 332 182 77 77 214 214 133 133 133 331 331 265 268 268 229 120
304 291 291 291 291 262 262 343 343 234 234 178 335 335 159 375 79 79 201 121 121 121 46 46 46 370 208 208 246 13 13 13 197 197 332 182 315 315 214 133 133 331 331 331 331 265 268 268 229 120
304 291 373 373 373 262 262 203 203 234 234 178 178 178 159 375 279 279 279 121 202 202 73 73 73 370 208 208 208 208 208 197 197 352 352 182 315 315 295 133 133 299 299 299 397 397 0 0 0 120
304 304 304 373 373 156 156 203 95 95 95 380 380 380 159 375 283 279 279 279 202 202 372 73 73 73 67 357 357 258 258 197 36 36 352 352 315 315 295 295 133 299 299 18 397 397 0 0 0 0
0 399 399 399 373 311 156 203 95 391 391 104 380 380 159 375 283 283 209 209 209 372 372 372 67 67 67 357 357 258 258 36 36 352 352 352 275 275 295 295 116 116 299 18 18 42 42 0 0 0
0 399 399 243 311 311 156 156 95 355 391 104 380 380 159 322 322 283 286 209 209 372 45 45 10 10 10 323 350 350 350 103 103 103 103 103 275 275 295 295 116 116 90 18 18 42 42 42 0 0
0 399 243 243 311 156 156 150 95 355 391 104 104 61 159 322 322 286 286 209 209 372 45 45 10 62 323 323 350 350 350 152 152 147 167 167 204 204 204 204 90 90 90 90 18 42 42 141 0 0
0 78 243 243 78 378 150 150 169 355 355 196 104 61 252 252 252 286 286 261 261 38 38 38 38 62 323 323 213 213 350 152 152 147 147 167 32 32 168 168 90 164 164 164 18 141 141 141 0 0
0 78 243 243 78 378 150 150 169 355 355 196 196 61 61 61 252 400 362 261 261 38 38 38 38 62 71 71 213 213 226 152 40 40 147 167 170 32 32 168 168 164 164 164 141 141 316 0 0 0
0 78 78 78 78 378 150 169 169 29 355 355 196 61 61 61 400 400 362 261 362 362 96 96 96 62 71 71 71 213 226 40 40 189 189 170 170 0 32 257 257 257 257 257 316 316 316 0 318 0
0 0 0 269 378 378 6 6 29 29 29 0 0 223 223 223 223 400 362 362 362 362 96 96 96 129 71 71 71 0 226 40 146 189 189 170 0 0 0 0 0 257 257 316 316 318 318 318 318 0
0 0 0 269 187 187 6 6 29 29 29 0 0 0 50 50 223 400 400 379 379 379 96 272 272 129 129 129 129 0 226 40 146 146 146 58 0 0 0 0 0 9 9 316 255 255 255 57 0 0
148 0 0 269 187 187 0 0 0 15 15 0 0 0 50 50 0 287 287 379 379 379 371 272 272 377 377 377 0 0 300 300 300 300 58 58 0 0 0 222 222 9 9 0 0 0 255 57 57 119
148 0 148 269 381 381 0 0 0 15 15 15 0 0 288 288 0 41 287 287 379 379 371 371 371 377 0 0 0 0 300 300 300 300 58 153 0 0 0 222 222 9 9 9 0 0 119 119 57 119
148 148 148 269 381 381 0 0 0 0 0 15 0 288 288 0 0 41 41 41 0 0 0 0 0 377 0 0 0 0 0 0 0 0 153 153 153 153 0 222 222 9 0 0 0 0 0 119 119 119
