50 400 20
79278 1797
94750 1889
52699 1231
76507 1011
57005 1449
98573 1534
63212 1382
82338 1697
79958 1621
59041 1156
64090 1871
69099 1658
86611 1645
74029 1227
99905 1580
81063 1178
72470 1212
79364 1588
74983 1542
94682 1058
62928 1060
56443 1201
62511 1801
99891 1746
55472 1995
99344 1816
98032 1924
76403 1675
95089 1761
90612 1846
66558 1759
75827 1891
71509 1439
86194 1736
69815 1673
91807 1455
54263 1876
86897 1850
79547 1822
55837 1618
68564 1173
59140 1514
57886 1590
64234 1433
66669 1822
89724 1148
66316 1027
69516 1655
84960 2000
89359 1451
65198 1401
69131 1433
55293 1756
67403 1397
87665 1255
92778 1282
68168 1358
77143 1679
79931 1359
94661 1843
59723 1554
61837 1453
67760 1835
59594 1508
51701 1223
53283 1137
81063 1312
59166 1423
89895 1701
54159 1987
56071 1183
78409 1936
94123 1021
92447 1157
64030 1297
65674 1360
53451 1924
85127 1214
75127 2000
53894 1203
89565 1252
73614 1488
94596 1163
91442 1288
95574 1743
67309 1819
84101 1211
89689 1692
76088 1366
95437 1846
79926 1876
69659 1292
81498 1290
81613 1822
72682 1942
88087 1116
80535 1160
71768 1188
98402 1721
87869 1128
72546 1232
75084 1646
62335 1037
61886 1652
74512 1436
61666 1014
53846 1408
88737 1652
85101 1586
94816 1950
96659 1006
83366 1825
59813 1666
82755 1242
89951 1827
93344 1724
55652 1227
55002 1820
73285 1845
83252 1245
90281 1850
53378 1222
63308 1411
63477 1021
51254 1055
69894 1147
99742 1115
78003 1404
75924 1648
61427 1412
82891 1497
54365 1532
81848 1418
96072 1637
59052 1267
86117 1893
61958 1717
50551 1739
92020 1185
89904 1031
59883 1208
99335 1472
52860 1844
78140 1283
89944 1610
69864 1565
66806 1645
62094 1989
81877 1708
68655 1620
56662 1137
85667 1714
68313 1878
79561 1784
79919 1295
83971 1977
90656 1646
87690 1088
51935 1068
57536 1775
87784 1373
72998 1104
83939 1049
90043 1423
85616 1662
54080 1795
87122 1964
85714 1368
93910 1390
90891 1010
60422 1258
73684 1334
83657 1864
91396 1022
80794 1351
59359 1220
92108 1357
83504 1630
64056 1627
92988 1893
87361 1217
70510 1672
90435 1931
69122 1745
78993 1160
60445 1763
97447 1419
78187 1707
71509 1181
86935 1419
52295 1847
70234 1197
71831 1158
90951 1412
96500 1013
56792 1485
99250 1445
82668 1010
63423 1278
82751 1325
59405 1336
78537 1624
73693 1954
55858 1519
64626 1181
97052 1806
66806 1251
62363 1764
53211 1665
93361 1918
89244 1028
85524 1846
99973 1358
58045 1583
72044 1622
66024 1658
70174 1730
89666 1340
77708 1241
52368 1177
52797 1145
76094 1289
89933 1024
81686 1418
74247 1487
76961 1575
95154 1966
64734 1721
76097 1529
93582 1310
88459 1702
91941 1626
75098 1870
51537 1543
52147 1867
85601 1086
65264 1716
99019 1988
92772 1969
91619 1123
61419 1731
51336 1799
92027 1089
97140 1627
61080 1861
55200 1435
58903 1821
64459 1100
63221 1953
59985 1666
56035 1929
78105 1643
74123 1773
50484 1006
62460 1684
64292 1278
79484 1464
55114 1620
66944 1441
92680 1037
59806 1551
66599 1846
57042 1098
53819 1779
98913 1241
88739 1124
72255 1081
80835 1850
70173 1040
87981 1284
62930 1607
94033 1092
90189 1423
76646 1963
59714 1377
65095 1564
89703 1654
50347 1922
52463 1858
52191 1777
64655 1712
62428 1703
50011 1096
87933 1929
90577 1288
52825 1926
84586 1152
65996 1063
59161 1760
74418 1226
98360 1976
85075 1320
55107 1094
95800 1945
60108 1367
94848 1423
54498 1135
90650 1488
95332 1587
78637 1649
57345 1971
50844 1108
72601 1562
82339 1526
72817 1350
86232 1819
79778 1550
91561 1751
52353 1747
68386 1389
81263 1915
81718 1475
91838 1585
63401 1162
62625 1115
67827 1477
86659 1183
60663 1517
52172 1851
61686 1771
50041 1915
89244 1366
56547 1471
59914 1096
77329 1523
93625 1787
57771 1954
71302 1021
52867 1745
52171 1839
57979 1758
90568 1874
93760 1658
99758 1654
72106 1660
75565 1819
89779 1922
95362 1345
94443 1284
87783 1241
50957 1374
99045 1710
69666 1304
97428 1983
51950 1023
50884 1689
99769 1227
72207 1592
95341 1323
91248 1357
70965 1841
89118 1709
73138 1796
79298 1269
94856 1033
92467 1022
82405 1862
66154 1859
61651 1886
51159 1981
87230 1742
85969 1172
83188 1830
95803 1482
50307 1429
72278 1049
99781 1137
99593 1018
52580 1315
85358 1388
59108 1686
69158 1855
59744 1470
84598 1124
66709 1621
78438 1092
88122 1695
91953 1945
98465 1411
76017 1774
96181 1811
76444 1792
55975 1596
97959 1170
99351 1746
59573 1718
61440 1739
72984 1358
64805 1216
83279 1870
81586 1418
57615 1961
82744 1916
95051 1349
69310 1098
87254 1748
70412 1051
61877 1112
68595 1263
97660 1796
208 208 208 0 0 331 331 331 85 85 85 0 0 0 0 43 283 283 283 283 0 212 212 212 212 212 384 384 384 384 384 0 0 0 0 0 0 0 209 209 317 0 0 0 0 0 0 0 0 0
208 208 0 0 331 331 305 305 305 304 85 0 0 0 0 43 283 283 283 146 0 0 0 0 217 217 217 384 368 271 271 0 0 0 0 0 0 0 209 209 317 0 0 0 253 253 253 253 0 0
208 239 239 222 331 331 305 250 304 304 0 0 0 0 0 43 43 8 146 146 33 33 0 333 217 368 368 368 368 271 271 0 0 0 0 0 0 317 317 317 317 274 0 0 253 253 354 354 0 0
208 239 239 222 222 222 305 250 304 304 57 73 73 73 125 219 219 8 146 146 33 33 0 333 217 217 217 265 265 271 271 0 0 0 0 0 152 152 152 274 274 274 0 0 0 145 145 354 354 0
0 0 0 0 222 222 250 250 304 304 57 73 141 141 125 219 8 8 321 321 226 226 333 333 217 273 273 265 265 271 271 0 0 0 0 0 152 152 152 152 0 0 0 0 0 44 145 139 139 139
0 0 0 0 0 0 0 169 304 57 57 141 141 141 125 219 219 219 321 321 226 226 389 389 389 273 273 273 265 265 265 265 348 348 348 0 245 245 245 245 245 237 237 44 44 44 145 0 139 139
0 0 0 0 24 24 24 169 57 57 57 57 325 325 125 228 228 228 321 321 64 64 64 64 389 273 273 273 374 374 182 182 390 188 348 0 165 165 165 165 165 237 237 0 0 0 0 0 0 0
0 0 0 24 24 0 0 169 169 169 169 325 325 325 42 42 228 228 367 367 367 191 191 191 92 92 92 374 374 182 182 390 390 188 0 0 165 165 165 315 315 201 0 0 0 0 0 0 0 0
0 0 0 0 0 0 0 0 0 35 35 35 325 372 42 230 230 230 367 367 367 191 191 394 394 92 92 374 374 182 182 390 188 188 0 302 302 302 150 315 315 201 201 201 0 0 0 0 0 0
0 0 377 0 0 267 267 0 231 231 35 35 325 372 42 230 230 230 142 4 4 4 111 394 394 92 94 246 246 246 246 188 188 188 302 302 63 63 150 150 150 299 299 201 201 0 0 164 0 0
0 0 377 192 192 267 267 0 231 231 323 323 372 372 263 263 230 98 142 142 142 4 111 109 109 92 94 246 293 293 293 293 302 302 302 262 262 63 63 375 299 299 201 201 359 359 164 164 0 0
0 377 377 0 192 311 311 311 81 81 323 323 357 357 263 6 230 98 98 98 229 111 111 109 109 92 94 94 293 162 162 293 293 41 72 262 262 375 375 375 375 240 240 359 359 359 164 164 0 0
0 0 0 0 192 311 193 193 99 81 81 357 357 357 263 6 6 98 98 98 229 229 229 109 109 94 94 94 162 162 162 264 293 41 72 194 194 375 375 197 197 240 240 255 255 269 164 164 0 0
12 12 0 0 0 82 82 193 99 99 357 357 345 345 345 6 6 98 13 223 223 223 168 109 109 266 266 25 25 278 278 264 264 41 72 194 194 194 133 197 197 383 383 255 255 269 110 110 49 0
12 12 0 0 0 82 82 193 193 99 99 345 345 345 345 167 167 13 13 223 338 338 168 168 266 266 25 25 278 278 68 68 264 41 72 258 258 194 133 197 383 383 383 89 269 269 110 110 49 49
12 12 0 0 39 39 39 373 373 99 187 334 334 327 327 167 157 13 13 13 338 338 338 168 266 266 289 289 278 278 68 68 264 258 258 258 286 194 133 133 133 133 89 89 89 269 330 330 330 49
0 12 0 0 39 147 39 373 373 332 187 334 334 327 327 167 157 13 65 65 338 338 168 168 266 266 289 248 278 218 379 379 206 206 103 103 286 286 286 10 10 112 89 89 89 272 272 123 330 49
0 12 22 147 147 147 391 391 332 332 187 187 187 327 327 56 157 65 65 339 339 122 225 225 225 289 289 248 218 218 379 379 206 206 103 103 286 286 286 10 112 112 112 112 112 272 272 123 55 55
0 0 22 22 147 147 105 391 332 332 332 187 187 327 327 56 157 157 157 339 339 122 225 225 225 303 248 248 218 46 60 60 60 59 59 103 234 1 1 10 241 241 241 241 0 272 123 123 55 55
34 34 22 22 147 213 105 391 369 177 177 185 185 175 175 56 56 56 21 21 21 122 122 144 144 303 303 303 46 46 60 60 60 59 59 103 234 1 1 127 127 241 241 114 0 205 205 205 0 0
34 34 22 22 213 213 105 369 369 177 297 297 185 175 175 170 341 21 21 21 21 122 122 144 144 46 46 46 46 71 71 71 60 227 227 227 234 234 388 127 127 241 241 114 0 205 205 0 0 0
34 34 0 179 213 202 105 369 369 177 297 297 185 170 170 170 341 347 347 159 395 395 122 122 96 398 398 398 91 91 314 71 60 227 118 118 118 388 388 52 52 257 114 114 0 0 207 207 0 0
34 34 0 179 213 202 244 244 30 30 284 284 284 287 287 287 341 347 159 159 395 62 62 101 96 96 53 398 91 91 314 314 314 104 118 118 388 388 388 52 52 257 257 257 257 0 207 207 207 0
0 0 0 179 179 202 244 244 244 30 284 284 284 287 27 27 341 347 159 396 395 62 101 101 96 96 53 371 91 314 314 314 314 104 104 370 80 80 388 52 52 257 257 15 257 0 0 0 0 0
195 0 0 0 202 202 202 202 244 30 291 291 291 291 27 27 204 204 204 396 62 62 101 101 96 53 53 371 366 366 366 310 310 310 104 370 80 80 137 137 137 137 137 15 15 15 189 385 385 385
195 195 0 0 0 0 180 180 180 180 291 181 181 181 17 355 355 355 204 396 396 62 74 74 74 53 371 371 366 366 366 310 310 310 310 370 370 370 148 148 137 137 336 336 336 189 189 37 385 385
195 195 9 340 340 134 134 108 108 69 181 181 17 17 17 355 355 355 83 83 83 83 83 74 220 220 220 378 378 196 196 196 238 238 281 148 148 148 148 148 214 214 336 259 259 189 189 37 385 385
195 9 9 340 340 134 134 108 108 69 17 17 17 17 40 296 355 83 83 235 380 380 74 74 155 220 220 378 135 135 196 196 238 238 281 281 281 281 360 214 214 214 336 259 259 189 189 37 37 0
0 9 9 340 277 277 277 128 128 69 69 69 69 40 40 296 296 235 235 235 380 380 155 155 155 220 220 378 378 135 116 116 343 343 343 252 360 360 360 360 0 0 0 0 0 0 0 0 0 0
0 0 0 277 277 277 128 128 128 5 5 29 29 40 113 296 296 296 124 124 124 280 280 280 215 215 36 36 36 135 116 116 23 23 343 252 252 360 360 298 186 186 0 0 0 0 0 335 335 335
0 0 0 0 0 0 128 166 166 5 5 29 29 29 113 176 176 176 124 151 151 280 280 320 320 215 36 163 163 163 163 116 23 23 77 77 252 252 252 298 186 186 0 0 0 0 0 335 335 335
0 0 0 0 0 0 128 326 166 5 29 29 140 113 113 216 176 176 124 151 151 280 280 320 320 215 215 160 160 163 163 163 23 23 77 77 252 298 298 298 363 363 0 0 117 117 86 86 86 335
224 224 14 14 0 0 0 326 166 140 140 140 140 132 132 216 176 176 124 172 172 280 190 190 190 38 215 215 160 160 160 163 342 158 158 158 158 19 19 298 363 363 363 0 117 117 86 86 86 0
224 224 14 14 0 326 326 326 100 100 140 132 132 132 216 216 251 251 124 172 172 190 190 190 190 38 306 306 160 275 261 261 342 342 342 342 158 158 19 292 292 292 363 0 117 117 358 86 0 0
224 243 243 161 254 16 382 382 100 100 285 285 346 346 216 216 247 251 251 70 211 211 211 211 211 38 306 306 275 275 261 261 276 276 276 342 386 386 19 292 292 279 279 0 358 358 358 86 0 0
243 243 161 161 254 16 382 382 61 61 285 346 346 346 216 247 247 251 70 70 288 288 211 211 211 38 38 306 275 183 183 183 276 276 276 342 386 386 386 106 106 279 279 0 344 344 344 0 0 0
243 161 161 161 254 16 16 178 178 61 285 285 285 285 216 247 247 247 70 70 288 349 349 349 349 7 7 306 306 183 183 183 183 54 54 342 386 386 386 106 106 249 87 87 87 87 344 0 0 0
0 0 0 161 254 254 178 178 178 61 130 130 130 130 67 67 174 352 352 352 288 288 45 349 349 7 7 356 356 236 236 316 54 54 54 54 54 294 249 249 249 249 249 221 0 0 0 0 0 0
0 0 0 66 66 48 48 178 48 61 319 319 319 67 67 174 174 352 174 138 138 138 45 328 328 149 149 356 356 236 236 316 54 313 313 313 313 294 294 221 221 221 221 221 0 0 0 75 0 0
198 198 198 66 66 50 48 178 48 319 319 319 95 95 95 95 174 174 174 138 88 88 45 328 328 149 149 356 84 256 316 316 120 120 120 129 129 294 294 221 221 79 199 199 0 0 75 75 0 0
0 198 198 198 50 50 48 48 48 319 200 200 153 153 115 115 115 300 300 88 88 88 45 328 328 149 84 84 84 256 290 120 120 290 120 129 171 350 350 203 79 79 199 199 199 75 75 0 0 3
0 20 20 50 50 282 282 2 2 260 260 200 153 153 115 115 115 300 119 119 156 156 154 154 361 361 318 268 268 256 290 290 290 290 376 129 171 350 350 203 203 79 79 79 351 365 322 3 3 3
0 0 20 20 282 282 78 2 2 260 200 200 337 337 337 337 337 300 119 119 156 173 154 154 361 318 318 397 268 256 307 307 376 376 376 171 171 350 350 381 203 351 351 351 351 365 322 322 322 322
0 0 329 282 282 282 78 78 78 260 200 18 58 337 210 28 28 308 308 119 156 173 173 361 361 318 318 397 268 256 307 307 376 376 376 121 393 393 381 381 0 0 0 0 365 365 364 364 0 0
0 90 329 329 329 131 131 131 131 18 18 18 58 47 210 28 28 0 308 173 173 173 362 11 11 11 11 397 397 392 392 392 392 143 143 121 393 393 381 381 270 270 270 0 0 0 364 364 0 0
0 90 97 97 309 309 309 309 51 51 58 58 58 47 210 0 0 0 308 76 76 76 362 11 0 11 11 107 392 392 392 392 353 143 143 121 102 393 381 381 270 270 26 26 0 0 126 126 0 0
0 90 97 97 97 309 309 309 51 51 58 242 242 47 210 0 0 308 308 0 0 76 362 0 0 0 0 107 107 0 0 0 353 400 400 121 102 387 387 136 270 232 232 26 0 0 126 126 0 0
0 90 97 97 97 0 0 32 32 32 32 242 242 47 0 0 0 0 0 0 0 0 362 0 0 0 295 295 107 0 0 0 353 400 400 102 102 387 387 136 93 232 232 26 0 0 0 0 0 0
0 301 301 233 233 0 312 31 31 31 31 242 0 0 0 0 0 0 0 0 0 0 0 0 0 295 295 399 0 0 0 353 353 102 102 102 324 324 136 136 93 0 232 232 0 0 0 0 0 0
301 301 233 233 0 0 312 312 312 312 0 0 0 0 0 0 0 0 0 0 0 0 0 0 399 399 399 399 0 0 0 0 353 184 184 184 184 324 324 93 93 0 0 0 0 0 0 0 0 0
