50 400 20
78291 1057
70188 1508
62510 1267
93740 1326
63471 1007
56220 1160
90408 1457
99840 1268
75850 1547
91413 1488
65577 1152
58755 1692
88043 1491
88506 1009
60929 1207
97570 1549
61045 1396
85295 1909
79006 1570
70844 1429
92560 1248
56135 1306
50951 1231
63025 1294
98060 1799
61646 1270
65386 1357
65579 1070
77226 1399
58412 1873
97968 1517
77654 1289
57934 1903
67289 1001
91358 1692
99680 1114
77391 1322
87326 1403
66454 1591
90049 1737
54301 1976
80147 1945
98834 1998
96921 1527
74966 1967
76395 1233
94069 1599
77254 1513
57929 1770
73697 1433
74524 1703
68860 1119
57995 1379
77068 1395
68567 1204
59762 1820
91126 1507
59478 1672
82794 1457
80916 1821
60593 1901
80856 1984
68904 1295
61729 1965
51147 1954
93209 1092
93873 1675
69071 1780
63639 1948
97278 1449
65727 1495
57805 1506
85711 1419
87446 1645
73708 1577
94860 1952
84649 1617
50733 1407
72489 1165
75740 1501
54762 1002
65716 1075
77214 1744
95063 1949
75620 1741
66703 1105
50108 1151
70020 1433
82583 1065
63075 1367
84851 1011
63118 1298
91499 1333
70950 1092
53701 1972
50241 1966
79605 1703
82617 1602
57135 1266
54515 1800
83217 1299
95302 1991
61995 1413
64244 1985
55777 1103
57308 1599
87686 1677
80572 1909
95504 1817
64205 1575
58071 1982
71899 1675
57552 1846
78320 1594
56263 1150
90354 1451
87042 1339
61332 1648
83149 1490
52980 1284
97258 1388
87289 1042
75096 1836
73286 1628
59489 1042
52978 1398
82327 1743
52831 1542
91220 1304
89165 1198
83681 1246
61335 1744
99499 1784
71855 1568
74238 1235
79728 1527
99410 1930
75160 1750
69662 1759
89724 1828
66082 1074
59841 1337
88719 1548
96290 1864
67767 1296
67659 1723
55062 1264
86631 1777
67968 1036
82638 1932
96660 1951
97228 1767
71686 1669
79443 1778
95496 1407
51553 1191
65772 1892
51863 1954
94208 1006
85278 1246
96145 1966
61831 1067
55397 1807
67098 1768
83773 1511
75823 1864
81420 1051
70185 1637
98151 1245
93424 1184
50476 1105
99737 1758
56385 1657
59972 1833
71624 1507
75548 1409
59814 1369
52592 1900
78708 1393
98528 1196
92023 1433
69419 1046
85460 1013
96233 1782
76664 1237
59187 1179
75307 1125
62995 1641
99211 1644
90622 1555
74860 1904
50145 1571
99261 1658
55651 1091
94329 1227
86461 1506
83083 1542
60667 1545
50885 1412
59159 1126
70143 1479
65070 1337
59067 1844
76752 1142
95724 1463
81978 1017
78060 1372
68113 1175
75429 1243
69608 1766
74994 1128
72103 1459
59171 1693
63370 1292
63638 1129
54572 1712
73613 1496
89206 1115
78387 1465
54573 1099
74988 1802
90397 1212
62091 1073
70451 1670
59424 1926
87924 1017
82364 1099
52677 1977
59393 1320
94716 1176
84093 1868
50876 1242
82805 1230
85424 1573
73922 1884
89488 1967
50192 1499
55503 1410
84608 1704
64065 1785
74602 1902
84317 1722
91748 1995
92966 1240
92107 1561
81351 1861
87455 1325
95299 1563
79964 1853
98100 1524
58888 1559
87776 1759
55523 1105
81981 1951
91150 1702
87494 1438
69845 1253
80981 1031
50357 1698
72965 1110
96875 1506
61884 1599
57356 1924
62498 1907
50982 1209
54596 1752
87201 1096
95211 1626
64139 1016
85137 1012
88963 1453
84816 1616
77753 1700
50763 1747
89860 1010
66693 1590
99868 1822
69670 1221
67904 1958
84156 1029
90607 1686
67777 1524
90940 1567
94922 1081
69621 1412
51868 1868
59718 1608
93182 1655
54939 1001
71032 1558
82558 1086
51011 1780
59354 1393
51027 1683
53397 1678
89929 1358
96070 1140
91632 1575
79680 1200
70459 1697
82901 1242
86047 1615
69636 1735
99107 1779
65201 1239
85608 1684
80958 1602
82471 1775
54423 1527
51065 1828
64336 1451
50202 1747
56608 1260
88866 1554
51446 1421
79405 1655
62157 1819
69264 1984
72288 1980
73435 1282
66723 1530
77143 1551
80152 1047
55983 1869
64028 1934
83805 1330
64059 1955
71063 1391
83742 1330
63843 1666
58252 1869
67061 1021
77521 1409
58765 1980
80570 1593
53772 1611
61848 1689
98489 1672
70711 1788
72538 1380
53607 1022
79230 1679
63064 1993
82359 1314
69391 1291
83011 1897
91320 1375
66943 1334
86989 1140
85718 1663
62562 1408
51479 1758
61529 1416
70116 1907
99608 1975
60610 1537
68474 1026
74158 1298
66167 1911
95958 1211
59968 1673
74132 1256
98602 1955
65972 1680
68369 1639
86449 1022
96960 1349
82013 1723
70777 1716
97895 1957
78164 1797
60032 1611
69611 1106
87390 1391
66606 1175
98399 1528
92819 1041
94759 1949
51906 1842
66649 1522
87995 1006
78388 1109
99408 1226
66230 1582
93244 1500
62604 1712
84351 1725
99868 1122
94244 1295
98103 1946
68641 1362
88234 1211
67094 1218
99915 1763
94581 1830
85406 1317
59609 1891
72321 1671
56407 1620
80072 1098
305 305 191 191 191 0 0 0 0 0 0 0 0 0 0 17 17 17 0 0 0 344 344 344 0 0 0 207 207 113 75 75 75 0 316 256 256 0 0 0 0 0 0 0 0 267 267 52 52 52
305 305 305 191 191 0 0 15 15 231 231 231 181 181 0 17 70 70 0 0 0 344 1 1 137 0 0 207 207 113 113 0 75 0 316 316 256 256 0 0 0 0 0 0 0 267 267 52 52 52
0 0 41 0 0 0 0 15 15 231 157 292 181 0 0 17 17 70 18 18 282 282 282 1 137 137 137 137 190 190 113 0 0 0 134 316 316 256 0 0 0 0 0 112 0 0 267 0 0 240
0 0 41 0 0 0 379 228 228 231 157 292 181 357 147 147 17 70 18 18 282 282 282 1 77 77 137 246 190 190 0 0 0 134 134 365 316 373 373 0 0 0 112 112 0 0 0 0 240 240
0 0 41 372 372 0 379 228 228 231 157 292 292 357 357 147 17 294 294 184 184 184 184 77 77 252 252 246 190 248 0 0 0 134 134 365 365 373 373 0 0 0 112 43 0 0 0 0 240 240
0 0 41 372 372 379 379 228 228 0 157 157 292 357 357 147 294 294 143 143 143 363 343 343 252 252 246 246 190 248 0 399 399 399 134 134 365 43 43 43 43 43 43 43 0 0 0 0 0 240
0 0 41 0 0 0 0 228 0 0 157 157 71 71 71 71 307 294 143 363 363 363 343 343 252 24 24 248 248 248 0 399 238 238 238 186 186 88 88 302 302 302 302 0 0 0 0 0 0 100
0 0 41 131 0 0 327 327 0 0 0 0 32 32 51 51 307 307 172 172 172 135 135 135 252 24 24 360 360 360 0 238 238 238 238 186 186 88 88 302 104 0 0 0 0 0 0 100 100 100
0 131 131 131 0 0 327 327 0 0 155 0 32 236 236 51 51 307 172 172 398 398 135 135 252 360 360 360 360 375 375 375 232 232 232 232 239 88 104 104 104 0 0 335 0 227 227 100 0 0
247 247 0 0 0 0 0 0 0 0 155 155 32 236 236 95 95 172 172 271 156 398 398 164 164 164 164 164 313 375 375 203 203 232 232 239 239 158 104 104 104 335 335 335 227 227 346 346 346 0
247 247 0 0 0 0 0 0 0 0 155 155 314 167 95 95 95 110 110 271 156 156 156 164 323 323 323 164 313 313 313 203 203 232 232 239 239 158 264 264 264 0 0 0 0 0 346 346 346 0
247 0 0 0 0 0 0 0 272 272 314 314 314 167 167 167 167 110 110 271 86 156 156 116 323 323 323 258 258 313 313 313 174 345 239 239 239 158 158 264 264 0 148 0 0 0 0 0 9 9
0 0 0 0 0 0 0 0 272 272 27 27 320 320 167 167 167 199 199 271 86 156 156 116 116 116 16 16 258 258 174 174 174 345 345 345 345 49 49 49 148 148 148 0 0 0 9 9 9 9
0 0 0 0 0 0 212 118 118 96 27 27 320 320 298 298 298 199 199 271 86 57 57 380 380 116 16 16 356 356 356 356 174 345 50 202 202 202 276 49 210 210 0 0 0 0 9 9 0 0
54 54 0 0 212 212 212 118 118 96 96 96 63 63 298 298 298 298 370 271 86 57 57 380 380 116 275 275 356 326 326 356 50 50 50 202 83 83 276 276 210 210 0 0 0 0 0 0 0 0
54 0 0 0 35 35 35 266 266 266 96 96 63 331 331 331 331 370 370 119 119 380 380 380 380 116 275 275 326 326 326 356 366 366 342 342 83 83 276 276 210 210 0 0 0 0 0 0 0 0
54 14 0 0 35 266 266 266 266 266 96 333 63 63 291 74 74 370 370 119 119 119 235 235 7 7 7 175 326 326 194 194 366 366 342 342 342 317 317 276 352 0 0 0 0 0 0 0 0 0
14 14 14 14 35 162 162 332 332 76 76 333 63 291 291 74 74 74 383 383 119 235 235 265 265 7 7 175 175 175 175 194 194 260 260 342 317 317 396 396 352 352 352 306 306 0 0 0 0 0
0 0 0 206 206 255 162 391 332 76 76 333 63 291 291 322 322 74 74 383 383 235 235 265 265 265 7 133 133 133 175 194 67 67 260 260 109 109 396 396 321 321 4 306 306 0 0 161 0 0
0 0 0 0 206 255 162 391 332 76 76 333 333 37 37 322 322 311 311 151 235 235 145 145 265 265 133 133 133 36 175 67 67 310 310 109 109 109 150 150 321 321 4 4 306 161 161 161 297 297
0 0 0 0 206 255 255 391 391 76 349 349 333 61 37 37 322 180 311 151 145 145 145 205 265 66 89 89 89 36 36 204 204 310 310 139 139 139 150 150 318 318 273 4 169 169 304 304 297 297
0 115 0 0 0 183 255 55 55 76 349 349 61 61 37 37 37 180 311 151 263 263 205 205 205 66 66 89 89 36 36 204 13 13 13 139 139 219 318 318 318 273 273 169 169 304 304 146 297 297
115 115 0 0 183 183 55 55 55 44 44 44 61 259 381 381 37 180 223 151 263 263 205 205 205 66 66 85 85 36 364 204 382 382 13 139 219 219 318 374 374 124 273 273 193 193 56 146 146 0
115 336 0 0 183 183 117 117 44 44 44 44 259 259 381 381 381 180 223 151 151 5 5 5 5 66 66 85 85 36 364 364 364 382 13 219 219 219 219 374 374 124 124 124 193 193 56 56 146 0
336 336 0 0 183 183 117 117 44 217 217 217 259 259 259 259 179 180 223 82 82 5 5 87 6 6 33 33 249 249 47 47 364 382 13 219 68 394 394 374 46 46 46 182 296 56 56 56 0 0
336 0 0 0 0 117 117 117 122 217 217 217 281 259 281 179 179 179 223 82 82 87 87 87 6 6 33 33 249 249 47 47 22 22 173 173 68 394 42 42 90 90 46 182 296 198 198 0 0 0
336 0 0 166 166 99 138 138 122 221 221 26 281 281 281 179 179 179 82 82 163 163 62 220 220 220 141 33 33 249 249 22 22 22 173 173 68 394 42 42 90 90 230 182 296 296 198 0 84 84
371 371 166 166 99 99 138 138 122 221 26 26 281 53 53 111 111 111 111 163 163 329 62 220 220 141 141 33 40 40 40 300 300 300 289 173 68 315 230 230 230 230 230 182 182 182 198 84 84 84
371 395 395 395 395 99 99 122 122 221 26 8 8 53 53 111 111 111 111 308 388 329 62 62 62 141 141 141 40 69 69 69 208 300 289 173 68 315 315 315 315 230 251 251 251 251 198 253 84 84
371 0 213 213 213 213 99 122 176 176 152 8 8 286 286 245 245 308 308 308 388 329 62 62 149 244 40 40 40 69 69 208 208 289 289 355 355 92 171 171 214 214 30 251 251 251 283 253 0 0
0 0 0 132 132 213 99 176 176 152 152 152 152 286 286 245 245 308 312 312 388 329 392 392 149 244 244 384 384 189 189 208 358 358 289 355 355 92 92 171 214 214 30 287 283 283 283 253 0 0
168 168 0 132 132 324 324 339 339 339 339 152 28 28 101 101 101 312 312 337 388 329 329 392 149 244 244 384 189 189 177 187 358 358 218 218 269 92 92 171 214 214 30 287 287 287 253 253 0 0
168 168 0 132 132 324 324 387 387 339 339 28 28 368 368 101 224 224 224 337 337 39 39 392 149 244 244 384 384 384 177 187 218 218 218 269 269 81 348 348 21 21 30 30 38 11 253 0 0 0
168 168 0 132 295 120 120 387 387 165 165 165 165 368 368 101 224 215 215 337 337 39 39 392 392 125 125 234 378 384 177 187 187 218 218 269 81 81 348 348 21 21 38 38 38 11 253 0 0 0
293 293 293 132 295 120 120 299 299 299 165 165 72 72 72 101 215 215 215 390 390 39 39 347 347 125 125 234 378 378 177 187 340 340 277 81 81 81 25 25 21 21 38 38 11 11 102 102 102 102
0 293 293 295 295 114 114 299 299 299 45 45 45 290 72 215 215 58 58 390 390 390 350 350 347 347 125 234 234 378 64 340 340 64 277 277 80 80 25 25 25 38 38 274 11 11 102 31 196 196
0 0 0 93 114 114 114 299 299 108 45 12 12 290 290 103 103 58 58 390 390 390 285 350 350 125 125 234 338 338 64 64 64 64 277 192 192 80 80 385 385 385 160 274 274 11 102 31 196 196
0 0 93 93 114 114 114 121 121 108 108 12 12 290 103 103 140 140 354 354 354 285 285 233 233 233 233 233 338 338 129 129 129 129 277 192 192 80 80 385 160 160 160 274 274 11 31 31 257 257
93 93 93 268 268 268 121 121 108 108 353 353 353 290 290 290 140 354 354 354 354 285 285 106 106 106 319 319 319 211 129 129 129 226 226 280 192 192 192 127 160 209 209 209 209 209 136 257 257 257
0 0 0 268 268 29 29 10 10 108 353 353 59 59 59 59 140 201 201 328 285 285 285 106 23 185 319 319 319 211 129 128 226 226 222 280 280 280 270 127 127 127 209 209 3 3 136 0 0 0
0 0 0 268 268 29 29 10 97 107 107 153 153 361 361 393 393 201 201 328 328 328 328 328 23 185 185 185 185 211 128 128 78 78 222 222 280 280 270 334 127 127 209 3 3 3 136 0 0 0
0 188 188 188 188 188 10 10 97 97 107 153 153 361 361 393 393 197 201 201 328 229 229 23 23 185 185 241 211 211 400 128 78 200 222 262 262 262 270 334 334 334 3 3 126 126 136 0 0 0
0 0 0 0 0 98 154 154 97 97 107 48 48 48 48 393 393 197 309 309 309 229 65 65 65 185 241 241 400 400 400 128 78 200 222 262 142 142 270 284 284 288 79 79 126 126 136 0 0 0
0 325 325 325 0 98 154 154 97 97 303 303 303 170 48 48 197 197 195 195 309 229 65 0 279 279 241 301 301 278 278 386 386 200 200 242 142 142 178 284 284 288 79 79 20 20 389 0 0 0
159 159 0 325 0 98 154 154 376 376 376 303 170 170 397 397 397 397 195 195 377 377 377 0 279 279 243 243 301 278 278 386 386 237 362 242 242 242 178 178 284 288 19 79 20 20 389 389 0 123
159 0 0 325 325 98 376 376 376 376 376 303 170 0 0 397 0 0 254 254 0 0 377 0 0 0 243 243 301 301 278 386 237 237 362 362 0 242 178 178 284 288 19 0 0 0 389 389 0 123
159 0 0 325 94 94 261 261 34 34 0 0 0 0 216 216 216 0 254 254 0 0 377 0 0 0 243 301 301 278 278 386 237 237 362 362 0 242 369 330 19 19 19 0 0 0 0 0 0 123
0 0 0 325 94 94 261 34 34 34 0 0 0 0 359 216 216 0 0 91 91 0 0 0 0 0 73 73 73 367 367 367 237 237 362 0 0 369 369 330 19 351 351 0 0 0 0 105 105 123
0 0 225 94 94 250 261 34 144 144 0 60 0 0 359 216 216 0 0 91 91 0 0 0 0 0 73 0 73 367 130 130 0 0 0 0 341 369 369 330 330 330 351 351 351 2 2 105 105 105
0 0 225 225 225 250 250 250 144 144 0 60 60 60 359 359 0 0 0 91 91 91 0 0 0 0 73 0 0 0 0 130 130 0 0 0 341 341 341 330 330 330 351 351 351 2 2 2 2 2
