50 400 20
95910 1978
53143 1235
68985 1040
63435 1770
57461 1156
57356 1712
52059 1645
68127 1136
62171 1320
50472 1233
62617 1036
97124 1857
99476 1295
86544 1518
99267 1438
92984 1851
60471 1812
96863 1306
95774 1969
54161 1979
60721 1709
50511 1243
91629 1320
63867 1500
52800 1485
82756 1349
72942 1300
92317 1146
71983 1770
59821 1403
58717 1758
54658 1592
85509 1625
69329 1837
53488 1911
80786 1001
95477 1897
83897 1040
53708 1597
62749 1246
83778 1944
88291 1263
55182 1618
91932 1670
87153 1200
94239 1233
72165 1985
52990 1115
74470 1731
99957 1198
79070 1389
78758 1409
83195 1135
87534 1094
66946 1189
66902 1728
57292 1546
64005 1446
53643 1448
54772 1029
91212 1085
66727 1952
52027 1471
89467 1389
93694 1222
89657 1916
84089 1775
73485 1484
77599 1957
60103 1429
53998 1363
67501 1586
62981 1648
65072 1986
84022 1900
89909 1360
90370 1241
58001 1348
76258 1197
89931 1427
61021 1465
51187 1656
84918 1203
51208 1685
99299 1463
55603 1667
77534 1700
66013 1408
93790 1067
76078 1931
62310 1686
74720 1878
78892 1500
54538 1271
87278 1714
64044 1378
79292 1472
60810 1031
90180 1266
75207 1395
57768 1824
56343 1312
91671 1504
82924 1759
62994 1820
64634 1799
91475 1075
82535 1522
67739 1475
69181 1051
77219 1234
93459 1873
82784 1246
80805 1499
68260 1633
78943 1656
61236 1400
72919 1885
70451 1497
65765 1830
50053 1028
72116 1745
84505 1863
74060 1823
88346 1622
91562 1987
62087 1478
83223 1976
66616 1153
96808 1840
58820 1001
95787 1942
71750 1840
57314 1147
97227 1081
75505 1003
77976 1919
65122 1846
60173 1825
76134 1166
89971 1957
89409 1764
92196 1736
86175 1270
88459 1020
76402 1167
59282 1146
56229 1727
77626 1709
69428 1662
65863 1348
72198 1063
53009 1577
93385 1176
94528 1522
70000 1181
75288 1248
98237 1209
80511 1139
60618 1894
72792 1564
50212 1711
76564 1168
91849 1519
70193 1596
77945 1251
76903 1777
85560 1699
61078 1341
70653 1464
98869 1476
58517 1037
89410 1997
90346 1811
65595 1956
61290 1919
81326 1690
87338 1894
71486 1241
89577 1966
63609 1481
97315 1902
86849 1456
79495 1938
82294 1580
50600 1823
99168 1003
68163 1616
66155 1953
70596 1554
67043 1482
59997 1747
52635 1196
94878 1789
79027 1863
58747 1020
59792 1869
65407 1464
74207 1043
89000 1566
98087 1257
55182 1688
81372 1729
68143 1498
61317 1013
63016 1697
88209 1241
90126 1705
63900 1028
68146 1734
84030 1891
78576 1810
93516 1736
55631 1600
76414 1643
86319 1879
96354 1806
76723 1417
50373 1597
65762 1017
73218 1330
97338 1981
95702 1423
55527 1265
93316 1073
65384 1408
80191 1687
93201 1152
75305 1961
63929 1199
85885 1088
77737 1896
66416 1772
94029 1606
91749 1835
80303 1226
70745 1517
86854 1336
60998 1858
79943 1544
96635 1944
55186 1281
96360 1281
78158 1880
98922 1686
81808 1071
51822 1173
62064 1832
82997 1207
70478 1267
86849 1522
99715 1601
92716 1276
94885 1655
52822 1386
78324 1122
63628 1763
79709 1391
56252 1838
72535 1269
97515 1959
59135 1376
66000 1853
63991 1127
72273 1189
50723 1049
57369 1959
53109 1545
84549 1668
67797 1900
94402 1969
68172 1810
54915 1779
66435 1009
57875 1085
70073 1732
56995 1726
65290 1426
80482 1797
67016 1150
82329 1838
95115 1052
67451 1149
89898 1764
97283 1875
94238 1412
89655 1906
51041 1471
85823 1724
97356 1599
51808 1203
71208 1872
80295 1403
81804 1001
50405 1445
73002 1584
63931 1077
86664 1884
64172 1876
86951 1694
90379 1416
99409 1148
99396 1022
72752 1858
66744 1948
99159 1949
68367 1201
96842 1267
86381 1096
62421 1866
79352 1062
54567 1552
56612 1180
61781 1371
65611 1511
57476 1794
83512 1405
61653 1501
63302 1045
89114 1545
77253 1091
96649 1264
56968 1392
73016 1264
72782 1098
91558 1638
63463 1161
83555 1389
74624 1831
86903 1400
73766 1139
93078 1063
97737 1567
50819 1115
92989 1350
62998 1041
50920 1276
95408 1903
87862 1194
68652 1136
66228 1171
73801 1137
84084 1644
88712 1229
83784 1249
71244 1626
54133 1342
60019 1183
90902 1146
71422 1800
89582 1095
97219 1822
54876 1014
63284 1336
83985 1010
91914 1437
78934 1659
91318 1547
76096 1500
79549 1226
57926 1035
67905 1909
68499 1065
95257 1095
82715 1298
90358 1270
61270 1324
71736 1006
94918 1161
57962 1141
90304 1486
53711 1029
63195 1833
80863 1952
65049 1227
86806 1157
75236 1173
65476 1246
52653 1999
56574 1470
75074 1136
65510 1459
50877 1371
70569 1062
81388 1356
65487 1710
75932 1891
79898 1859
58974 1802
89368 1279
86183 1756
94006 1475
86542 1221
76750 1096
98628 1034
60191 1693
93593 1146
83776 1063
95846 1104
65482 1269
237 237 237 279 178 178 178 380 380 0 0 0 0 145 145 145 0 0 0 0 0 0 138 138 138 0 0 0 0 139 139 47 47 47 305 305 353 353 353 353 353 322 322 322 322 322 0 104 104 104
237 0 0 279 178 178 98 380 380 0 0 0 0 0 145 145 0 0 0 0 0 0 0 138 138 0 0 0 0 139 139 47 47 47 385 305 371 371 144 95 353 322 322 0 0 0 0 93 93 104
0 0 0 279 50 178 98 384 384 131 0 393 393 393 393 360 102 0 0 67 67 67 0 138 234 0 0 0 0 0 0 385 385 385 385 305 371 297 144 95 353 353 95 0 171 354 354 93 93 104
0 346 346 279 50 50 98 384 384 131 131 393 393 393 393 360 102 0 0 67 67 67 0 138 234 234 0 0 0 0 0 0 0 0 305 305 371 297 144 95 95 95 95 0 171 354 0 0 0 0
0 346 346 210 210 50 98 97 97 131 131 55 55 130 130 360 102 102 0 67 67 269 269 1 0 234 0 0 0 0 118 0 0 0 229 305 305 297 144 151 151 151 151 0 171 354 354 0 0 0
0 0 210 210 210 210 367 97 44 44 44 55 55 130 130 360 102 251 0 0 269 269 269 1 0 0 0 0 0 0 118 118 118 0 229 24 24 297 144 37 37 37 17 17 171 218 218 218 0 0
0 0 0 0 0 367 367 97 97 44 44 55 55 55 375 251 251 251 319 202 202 202 316 1 1 0 316 0 0 0 118 183 183 183 229 229 24 24 252 37 37 37 17 17 171 218 218 218 0 0
99 99 0 0 0 367 303 303 303 303 44 339 339 375 375 375 217 217 319 202 202 202 316 316 316 316 316 0 0 183 183 183 183 183 112 68 68 68 252 252 252 267 267 45 45 45 45 218 0 0
99 99 99 0 0 0 168 399 399 303 44 339 238 238 228 375 217 319 319 202 6 6 266 266 266 316 176 176 0 38 285 285 285 112 112 68 221 133 133 133 133 267 267 45 304 211 211 0 0 0
99 0 0 0 0 0 168 399 399 78 78 339 238 238 228 375 217 217 217 202 6 6 266 266 266 176 176 109 0 38 38 38 285 112 112 221 221 133 133 133 255 255 204 204 304 211 211 0 327 327
99 99 344 344 207 168 168 165 165 165 78 339 238 238 228 228 217 391 7 7 6 6 195 195 266 176 176 109 109 38 114 114 291 291 221 221 221 133 231 231 255 255 215 204 304 304 329 329 329 327
283 283 344 344 207 312 168 173 173 165 78 326 228 228 228 228 391 391 391 7 7 6 195 195 357 357 109 109 119 38 57 114 291 291 203 370 221 370 91 231 231 215 215 204 79 159 159 329 329 327
283 227 227 207 207 312 173 173 249 326 326 326 149 149 26 26 391 177 177 177 368 368 368 357 357 357 109 119 119 57 57 114 291 291 203 370 370 370 91 231 208 215 204 204 79 159 159 0 0 0
283 227 227 175 175 312 312 361 249 326 326 326 149 149 149 26 26 61 177 177 368 368 368 368 83 83 83 119 119 57 57 199 199 199 203 370 91 91 91 91 208 208 204 204 79 79 79 0 0 0
157 157 157 175 175 312 312 361 249 249 310 310 149 196 196 196 196 61 284 284 201 201 201 368 100 100 83 372 372 225 225 199 39 39 203 260 260 91 91 152 208 208 324 324 272 272 295 295 0 0
157 157 46 46 46 193 312 361 361 361 310 310 149 196 196 196 196 61 284 284 169 169 201 167 100 100 28 372 372 225 225 209 39 39 379 260 260 260 152 152 208 364 324 324 272 272 295 295 0 0
107 107 46 321 321 193 312 20 20 62 62 62 62 74 74 74 61 61 61 61 8 169 169 167 167 100 28 28 359 209 209 209 88 379 379 356 356 260 152 65 65 364 364 364 281 281 281 52 0 0
0 107 107 321 321 193 193 20 20 142 142 74 74 74 198 66 66 42 42 8 8 8 8 167 167 167 167 28 359 209 88 88 88 379 379 356 356 356 280 280 65 65 330 184 281 281 281 52 52 52
0 0 0 155 155 155 193 162 162 36 142 142 142 142 198 66 66 66 42 42 8 8 224 224 224 348 174 28 359 359 359 88 88 88 125 125 125 125 280 280 330 330 330 184 5 5 5 70 70 278
345 345 186 155 186 155 162 162 36 36 36 36 30 142 198 198 66 66 42 42 42 154 154 224 224 348 174 341 341 341 282 88 355 355 120 125 125 125 212 280 280 330 330 184 184 90 5 70 70 278
345 186 186 186 186 259 259 259 36 36 36 30 30 397 397 84 84 84 233 233 42 154 154 224 348 348 174 174 174 341 282 282 355 355 120 120 212 212 212 197 280 293 293 293 90 90 214 214 278 278
345 0 0 0 259 259 259 127 127 127 30 30 30 397 397 84 84 84 233 185 13 13 13 224 189 189 189 189 174 282 282 282 172 172 373 120 212 212 212 197 197 293 293 293 90 250 12 214 278 278
0 0 0 0 0 0 0 72 127 127 30 243 30 161 161 84 84 233 233 185 13 13 13 287 287 189 189 89 89 16 16 282 172 373 373 258 258 258 258 258 197 293 293 250 250 250 12 214 188 188
0 0 0 0 0 0 0 72 127 170 243 243 271 161 161 350 233 233 185 185 185 13 13 287 287 189 189 89 89 16 16 136 172 373 373 383 383 383 219 219 35 190 190 250 111 111 12 12 188 188
0 135 135 164 164 396 396 72 127 170 243 271 271 161 161 350 350 216 216 328 328 328 261 261 261 261 337 337 77 77 307 136 172 172 172 383 383 383 219 35 35 190 105 105 111 111 0 0 0 0
0 135 135 164 164 396 396 72 340 170 170 271 271 161 161 180 350 216 216 140 328 134 134 134 134 134 337 337 77 77 307 136 136 314 383 383 226 226 219 35 35 190 190 105 105 19 19 19 0 0
0 0 29 164 340 340 340 340 340 170 153 271 121 121 121 180 180 122 122 140 328 134 299 299 337 337 337 337 307 307 307 136 314 314 362 362 226 226 400 35 35 358 358 351 351 19 179 313 313 313
0 0 29 146 146 146 69 69 315 315 153 153 153 153 121 180 180 122 122 140 140 140 140 299 230 230 363 129 235 235 235 235 314 314 10 362 226 226 400 400 400 358 358 351 351 179 179 313 313 313
0 0 29 146 146 69 69 101 315 315 315 153 153 153 248 248 122 122 374 392 116 140 140 299 230 363 363 129 270 270 270 314 314 314 10 362 128 141 141 141 141 40 40 265 351 179 256 213 0 313
0 0 29 146 146 101 101 101 315 315 11 11 248 248 248 248 122 374 374 392 116 116 116 299 230 363 363 129 129 87 270 270 398 10 10 362 128 141 141 14 14 40 40 265 256 256 256 213 0 0
0 286 286 320 320 320 101 349 349 11 11 123 123 123 132 132 347 374 392 392 116 116 116 257 137 137 106 106 87 87 270 270 398 18 10 362 128 128 128 14 14 352 352 265 265 265 213 213 25 0
0 286 306 306 306 320 349 349 349 296 296 296 123 123 132 132 347 374 374 374 254 240 257 257 257 137 106 106 87 86 395 398 398 18 63 63 128 128 128 352 352 352 352 242 242 213 213 213 25 205
0 286 306 289 289 289 349 296 296 296 0 0 0 0 0 0 347 347 347 374 254 240 257 143 143 137 317 106 87 86 395 398 18 18 381 63 63 222 222 298 298 298 352 242 242 213 53 53 25 205
0 0 0 0 0 289 349 349 0 0 0 0 0 0 0 332 332 347 347 117 254 240 240 143 143 317 317 106 86 86 395 398 75 75 381 381 222 222 331 298 253 298 0 0 71 71 53 53 25 205
0 0 0 0 0 0 0 0 0 0 0 288 0 0 336 332 332 117 117 117 254 254 48 48 274 274 317 86 86 86 395 75 75 9 9 381 331 331 331 331 253 298 0 0 71 71 71 25 25 205
0 0 0 0 0 0 0 0 0 288 288 288 41 41 336 336 275 108 108 108 333 192 48 48 300 274 317 389 389 206 395 395 262 262 9 9 331 331 241 253 253 298 0 0 0 0 0 25 25 205
54 54 54 0 0 0 33 33 33 33 32 32 32 41 41 336 275 108 108 108 333 192 48 48 300 274 23 23 389 206 206 262 262 262 311 9 241 241 241 247 247 298 110 110 325 0 0 0 0 0
54 54 54 80 0 0 33 15 15 390 390 390 32 386 386 275 275 302 302 302 333 192 192 300 300 318 318 23 389 206 292 292 262 262 311 311 187 294 247 247 276 276 110 110 325 325 160 160 0 0
0 54 54 80 80 0 0 15 15 390 390 323 32 386 386 4 4 92 302 302 333 94 94 60 60 318 318 23 23 206 292 292 166 166 311 311 187 294 294 247 276 276 342 342 342 325 160 160 0 0
0 308 308 309 80 80 194 369 369 334 323 323 32 76 76 4 4 92 92 333 333 94 94 60 60 264 223 223 23 56 56 56 166 59 59 311 187 187 294 51 34 34 342 342 342 64 0 0 0 0
0 308 308 309 309 194 194 369 369 334 323 76 76 76 76 4 4 246 92 92 22 22 264 264 264 264 223 223 56 56 56 56 166 59 59 191 147 51 51 51 34 34 273 273 342 64 64 0 0 0
0 0 365 365 309 194 194 31 31 334 334 76 76 377 377 4 246 246 92 246 22 22 264 264 27 27 27 27 394 394 156 156 156 59 191 191 147 147 338 338 338 273 273 376 376 376 64 0 0 0
0 0 365 365 0 0 31 31 31 158 158 158 158 377 377 377 377 246 246 246 200 200 200 236 236 236 335 335 394 394 290 156 156 191 191 191 147 147 73 73 338 338 338 113 113 376 376 0 43 43
0 0 387 387 0 0 31 31 0 0 158 158 0 0 0 124 124 124 124 124 200 200 200 82 236 236 378 335 335 290 290 290 0 0 0 191 147 147 73 0 268 268 268 113 113 376 85 0 43 43
0 232 232 387 0 0 0 0 0 0 0 0 0 58 81 81 245 245 245 82 82 82 82 82 239 378 378 0 0 290 290 290 0 0 3 3 3 3 73 0 0 268 268 85 85 85 85 388 388 388
0 232 232 387 0 0 0 0 0 0 0 0 343 58 81 81 245 245 245 0 0 0 0 82 239 378 378 378 0 0 0 0 0 0 3 3 3 0 0 0 0 268 301 85 85 0 0 388 388 0
0 263 263 220 220 182 182 182 0 0 343 343 343 58 58 2 2 245 245 21 21 0 0 239 239 163 378 378 0 0 0 0 0 0 0 0 0 0 0 0 0 301 301 148 148 0 0 0 0 0
0 263 263 220 220 182 0 0 0 0 0 0 0 0 2 2 2 2 21 21 21 0 0 163 163 163 181 103 103 244 244 382 382 0 115 0 0 0 0 301 301 301 148 148 126 126 0 0 0 0
0 263 263 263 0 0 0 0 0 0 0 0 0 0 0 0 0 0 0 277 277 0 163 163 163 181 181 103 103 244 244 150 382 115 115 0 96 0 0 0 0 49 49 49 126 126 126 126 0 0
0 366 366 366 366 366 366 366 366 0 0 0 0 0 0 0 0 0 277 277 277 0 0 0 181 181 181 150 150 150 150 150 382 115 96 96 96 0 0 0 0 49 49 0 0 0 0 0 0 0
