50 400 20
77418 1875
71683 1202
76268 1841
66976 1673
66130 1831
62360 1607
70019 1146
85620 1921
98137 1556
77603 1118
69638 1535
92845 1471
57297 1508
64894 1475
70603 1258
89599 1976
64071 1186
81529 1146
58421 1461
99186 1843
70691 1715
75737 1693
83563 1416
51257 1645
98733 1299
79367 1866
90335 1305
61908 1419
76957 1204
66990 1894
97792 1283
96882 1604
60303 1957
73101 1959
99125 1721
64740 1103
54383 1916
52254 1355
85342 1714
89466 1650
67856 1200
84546 1020
89542 1835
51680 1138
77513 1542
96156 1417
94317 1119
68554 1714
94295 1549
82679 1979
66307 1185
72474 1810
88252 1351
81012 1143
59788 1175
83581 1969
98412 1445
58768 1263
74677 1774
89262 1154
58257 1161
86247 1571
57537 1134
57960 1935
63388 1652
90885 1106
80969 1924
99441 1619
79167 1807
79078 1737
51487 1347
97108 1475
69013 1288
59830 1430
95974 1595
73141 1748
89047 1819
68302 1852
97543 1213
97389 1802
99920 1532
63606 1564
52495 1579
81430 1946
57174 1372
55377 1747
93931 1466
98494 1643
93427 1079
66024 1508
61096 1134
87102 1955
76977 1355
99670 1701
71345 1171
99748 1697
84078 1449
62093 1052
59430 1666
99808 1610
98999 1804
85828 1442
50503 1452
58654 1223
95174 1143
85148 1930
68182 1131
88366 1734
89960 1305
65999 1502
96135 1699
54219 1521
77446 1925
89498 1034
72649 1517
53517 1194
54125 1738
98906 1699
71342 1489
65460 1086
85112 1700
80527 1300
69539 1758
71118 1062
72432 1421
54777 1358
73890 1752
93131 1847
60606 1584
54815 1369
88206 1785
70075 1559
68459 1687
80717 1596
65621 1414
85512 1409
94354 1184
77811 1490
95602 1109
83929 1227
93890 1053
74802 1001
60931 1931
82607 1234
84966 1810
64378 1057
57555 1023
51680 1329
66933 1724
60738 1306
52989 1317
56927 1446
74764 1520
75788 1709
93075 1442
70561 1371
97081 1914
54677 1179
62596 1537
63261 1524
74026 1971
99876 1678
56603 1168
66941 1642
62788 1580
88033 1802
52318 1372
50885 1630
97828 1251
93232 1496
82743 1732
55171 1637
77774 1568
62895 1307
79790 1290
70916 1574
59267 1949
76023 1811
96927 1960
95852 1523
69772 1339
92869 1904
68453 1060
70004 1105
79847 1124
84451 1602
98393 1188
77487 1264
85028 1676
99455 1606
90934 1914
52686 1669
60601 1136
76640 1976
90400 1740
78728 1985
78492 1632
80273 1599
64810 1298
89538 1523
81621 1023
84873 1668
95033 1560
58487 1833
70189 1452
78943 1947
70745 1061
52703 1439
83648 1059
83599 1082
77670 1784
50409 1628
92003 1247
77268 1735
84690 1296
51684 1358
98233 1524
85106 1457
63767 1267
78306 1268
69895 1201
54361 1573
51782 1253
69096 1511
52205 1013
92748 1695
98652 1398
76091 1418
95950 1794
95951 1680
81060 1192
75488 1251
71003 1601
61481 1018
82272 1482
86916 1571
81611 1578
60455 1687
58851 1471
91255 1162
94003 1584
55189 1774
92812 1507
56784 1525
55343 1912
76827 1025
86884 1369
82456 1890
62554 1444
93997 1362
91439 1334
60662 1107
81918 1414
96207 1475
76719 1891
93348 1544
98682 1852
85267 1578
64275 1612
92238 1318
54501 1265
61373 1612
95989 1976
92186 1079
56400 1225
76190 1849
63501 1663
64761 1077
73754 1717
72901 1695
57805 1950
66903 1898
96980 1065
89537 1867
97403 1330
83743 1935
89974 1221
50677 1111
63258 1113
65038 1248
58482 1569
85356 1021
81307 1449
70362 1150
75441 1971
62374 1778
91599 1887
53308 1778
79815 1824
87180 1848
80756 1359
74097 1632
92680 1434
66092 1976
85329 1289
93444 1327
98212 1777
50214 1939
64274 1338
67690 1809
82879 1495
70495 1547
84771 1866
68808 1803
84885 1689
98927 1431
97633 1688
74695 1594
58447 1981
68361 1846
89056 1056
94964 1727
99125 1367
64143 1760
54076 1256
86776 1480
93936 1441
83002 1215
62921 1464
81833 1711
89266 1904
65543 1176
71641 1082
87734 1926
75985 1178
94439 1921
51346 1919
93137 1475
72557 1510
70575 1269
59049 1478
99746 1701
77770 1455
68272 1999
74504 1172
85298 1050
79999 1848
99223 1464
53997 1402
59984 1813
68207 1964
66884 1312
89543 1680
89362 1809
69141 1940
89140 1771
56918 1661
50537 1270
80694 1528
90656 1289
68008 1290
71237 1447
69232 1321
63368 1917
70419 1729
71279 1368
88591 1575
72034 1830
74267 1575
58867 1037
88690 1422
62366 1094
87071 1366
54725 1400
51208 1699
77569 1450
78502 1614
61065 1344
67257 1609
62270 1433
73183 1730
96339 1707
93207 1940
60596 1436
61512 1203
90092 1398
99550 1436
65020 1270
96179 1565
69027 1438
58321 1463
66910 1319
98985 1181
99555 1342
82470 1338
54153 1784
64398 1084
93469 1501
93761 1826
67266 1165
68189 1164
54479 1510
50853 1329
56307 1183
82682 1198
63573 1492
95727 1335
72449 1230
83783 1140
67474 1651
381 381 381 240 240 78 78 78 78 78 0 0 0 0 0 0 0 389 0 0 43 43 43 43 0 0 0 0 0 0 0 0 0 0 0 0 0 0 0 0 0 0 0 0 0 0 0 0 0 0
381 381 240 240 354 354 391 391 78 0 0 0 0 0 0 166 166 389 389 0 0 43 43 43 0 0 0 0 0 0 0 0 219 0 0 272 0 0 0 0 0 0 0 0 0 0 0 0 0 0
0 0 240 354 354 354 391 391 0 0 343 0 0 0 0 166 166 30 389 0 0 115 393 393 26 0 0 0 0 0 0 0 219 0 0 272 272 272 272 11 28 28 28 28 0 38 0 0 224 224
0 0 0 0 0 179 179 179 0 0 343 343 0 0 0 166 166 30 389 0 0 115 115 393 26 0 0 0 0 162 219 219 219 235 235 235 87 87 11 11 11 171 28 28 28 38 38 38 388 224
349 349 349 349 0 179 179 321 0 0 274 343 0 339 339 166 166 30 30 346 346 346 115 393 26 26 0 162 162 162 279 279 279 164 164 235 87 155 155 261 11 171 171 171 288 38 38 38 388 224
0 0 0 190 190 179 58 321 0 274 274 343 276 339 339 339 339 339 339 99 99 346 93 393 265 265 0 162 162 162 279 279 279 164 164 235 87 155 155 261 171 171 171 171 288 38 388 388 388 388
311 0 0 190 190 58 58 321 321 274 41 41 276 276 52 52 128 99 99 99 133 133 93 265 265 243 243 333 333 49 49 279 279 383 383 235 235 382 382 261 261 53 53 53 288 288 307 0 0 0
311 311 311 311 190 58 2 2 223 223 41 41 41 276 205 52 128 128 80 80 80 133 93 265 265 243 333 333 320 49 49 188 188 188 383 383 382 382 382 53 53 53 53 53 307 307 307 0 0 0
0 186 186 311 22 200 200 2 223 375 375 375 156 276 205 52 52 128 128 128 80 133 93 176 176 243 243 243 320 320 320 328 328 188 383 323 323 323 212 212 374 374 374 0 307 307 307 307 0 0
0 186 177 311 22 22 200 2 223 375 156 156 156 156 205 386 386 268 268 181 181 93 93 176 176 369 369 175 175 175 175 328 328 188 383 323 323 323 212 212 374 56 56 0 0 0 0 0 0 0
0 186 177 177 22 22 200 375 375 375 109 109 109 109 205 386 386 268 268 181 181 303 303 303 176 369 369 175 175 46 46 46 46 12 323 323 102 102 102 216 56 56 56 0 0 50 50 50 50 0
0 186 186 177 352 200 200 200 132 48 48 48 285 21 21 268 268 268 347 113 398 303 303 275 275 275 275 175 175 233 233 7 7 12 12 111 102 216 216 216 56 293 56 0 0 50 50 50 0 0
44 44 352 352 352 200 132 132 132 48 48 48 285 21 21 268 347 347 347 113 398 398 398 275 275 275 117 117 233 233 7 7 7 7 12 111 111 216 216 216 56 293 0 0 296 296 0 0 0 0
44 44 352 352 352 132 132 363 363 363 48 48 285 285 21 373 373 373 373 113 113 398 398 304 304 304 117 117 233 395 395 395 192 7 12 111 111 211 211 211 293 293 258 0 296 296 0 0 0 0
0 45 45 206 206 54 54 54 290 363 161 84 84 315 21 315 315 144 144 113 113 398 398 304 59 314 117 233 233 395 395 395 192 7 12 12 211 211 129 129 129 129 258 258 91 91 0 0 0 0
0 45 45 206 206 194 194 54 290 290 161 84 84 315 315 315 344 144 144 113 112 112 59 59 59 314 226 226 178 178 90 90 192 123 123 123 211 326 326 129 129 129 147 258 91 91 0 0 0 0
0 0 45 193 206 194 194 24 24 290 161 151 151 47 344 344 344 144 144 361 112 112 59 59 314 314 226 226 178 178 90 90 192 123 15 15 326 326 326 340 340 340 147 147 380 380 0 0 0 0
0 0 45 193 194 194 24 24 290 290 161 151 151 47 334 334 334 324 324 361 361 112 112 59 168 314 168 168 287 287 90 90 69 69 15 116 116 116 110 29 29 340 57 147 147 380 380 0 0 0
0 0 0 193 193 193 0 0 0 0 161 357 47 47 334 334 35 324 158 158 361 86 112 145 168 168 168 218 287 287 69 69 69 69 15 116 160 160 110 29 29 340 57 141 141 141 141 0 0 0
0 0 0 193 193 193 0 358 358 357 357 357 67 67 35 35 35 324 158 158 86 86 145 145 145 139 218 218 126 126 69 69 337 337 15 15 160 371 110 110 110 390 57 57 231 231 101 101 0 0
0 0 0 0 0 0 0 358 358 358 357 357 67 67 60 60 60 60 355 158 86 255 255 255 145 139 218 218 126 126 256 256 337 337 159 301 160 371 105 105 390 390 57 57 231 231 101 101 0 0
0 0 0 0 318 0 0 0 100 100 92 92 67 213 60 136 136 136 355 14 255 255 255 255 139 139 167 126 126 256 256 256 337 159 159 301 301 371 105 105 390 222 222 57 57 231 330 286 286 0
0 366 366 292 318 318 0 100 100 92 92 92 67 213 213 136 3 3 355 14 14 353 232 232 167 167 167 126 126 6 6 256 256 159 27 301 301 371 252 252 252 252 222 222 330 330 330 286 286 0
8 366 366 292 318 318 0 0 0 0 25 25 94 94 213 277 3 3 355 14 14 353 232 232 167 167 367 367 6 6 6 203 203 203 27 27 229 371 252 252 131 131 222 222 330 330 269 286 286 377
8 8 8 292 318 81 81 0 0 0 25 25 94 94 213 277 277 277 355 355 283 353 353 97 97 97 367 367 106 106 203 203 278 27 27 27 229 229 299 299 131 131 85 222 222 330 269 269 286 377
8 0 0 292 70 81 81 208 208 0 25 25 297 297 325 325 399 399 283 283 283 353 353 97 97 97 400 400 106 106 278 278 278 278 278 27 229 229 299 299 173 173 85 85 4 4 4 269 377 377
0 0 0 292 70 70 70 103 208 208 332 332 297 297 297 325 399 399 399 283 283 36 36 36 97 394 394 400 400 400 278 329 329 329 336 264 264 257 257 257 173 119 119 85 4 368 368 377 377 377
0 0 292 292 127 127 70 103 103 284 387 332 163 163 297 325 399 399 399 283 283 36 118 36 97 394 394 104 104 104 278 329 329 329 336 264 264 257 173 173 173 119 119 18 368 368 33 33 107 107
234 298 298 298 127 127 70 70 103 284 387 332 332 163 163 16 16 61 61 61 82 82 118 118 118 246 322 37 104 104 204 204 204 204 336 336 264 316 316 96 96 18 18 18 63 63 33 33 107 107
234 298 298 234 127 127 319 319 319 284 387 332 332 372 163 16 16 61 61 13 82 281 281 246 246 246 322 37 104 104 204 207 135 135 135 135 135 316 316 96 96 18 18 121 63 63 270 270 0 107
234 234 234 234 350 350 350 202 319 284 387 372 372 372 201 201 201 201 378 13 82 82 281 246 246 305 322 37 98 98 207 207 88 88 135 135 135 316 316 96 150 18 18 121 313 313 270 270 0 0
234 89 89 89 221 350 350 202 202 202 372 372 372 302 302 302 302 378 378 13 13 75 281 246 250 305 322 37 98 98 207 207 244 88 88 262 262 316 316 83 150 150 150 121 313 313 313 0 0 0
0 191 89 89 221 221 266 266 23 23 236 236 34 34 9 9 302 378 378 308 308 75 75 250 250 305 305 68 68 207 207 244 244 88 88 262 262 83 83 83 83 199 199 121 313 313 313 0 0 0
0 191 191 191 280 221 266 64 23 23 236 236 34 34 9 9 1 378 77 77 308 75 75 250 259 259 68 68 68 68 244 244 180 180 180 180 180 83 83 356 356 199 199 95 95 0 0 0 0 0
0 0 280 280 280 125 266 64 64 64 64 153 153 34 1 1 1 39 77 77 308 75 250 250 259 259 259 259 259 379 379 149 149 149 149 227 189 189 189 356 356 95 95 95 143 143 143 370 370 20
0 0 0 154 154 125 125 230 64 64 64 153 362 34 34 124 300 39 39 39 39 75 250 237 237 237 396 396 259 379 379 149 149 149 149 227 189 189 356 356 356 356 95 209 143 40 40 370 370 20
0 0 0 0 154 125 125 230 170 170 170 153 362 124 124 124 300 138 138 228 228 360 360 237 187 187 396 396 217 247 247 247 247 247 227 227 189 210 210 210 210 238 238 209 209 40 40 220 20 20
0 291 0 351 154 125 125 230 230 267 170 362 362 124 124 300 300 138 306 228 228 360 360 74 74 187 187 187 217 62 62 62 62 248 248 248 189 210 210 210 210 239 238 209 196 196 220 220 0 20
0 291 351 351 376 317 317 230 230 267 170 170 170 124 183 183 183 138 306 306 306 282 282 74 74 142 142 187 217 217 214 214 214 214 214 248 348 348 348 348 239 239 238 209 196 196 220 220 0 0
0 291 351 376 376 317 317 230 267 267 170 66 66 124 183 245 245 245 306 51 51 282 282 73 73 73 142 142 142 217 169 169 169 169 169 273 273 55 10 10 239 31 31 31 335 335 0 0 0 0
291 291 130 376 376 317 317 317 42 42 42 66 66 172 338 338 245 245 306 51 51 73 73 73 140 73 73 341 249 169 169 72 72 157 273 273 273 55 55 10 10 174 174 31 335 335 0 0 0 0
291 291 130 130 130 263 263 289 42 42 42 66 172 172 32 338 338 225 225 51 51 140 140 140 140 341 341 341 249 249 72 72 72 157 148 122 197 197 55 174 174 174 364 364 385 251 251 251 251 0
165 130 130 130 263 263 263 289 289 289 392 392 172 32 32 338 338 225 225 51 51 253 253 253 253 242 242 242 249 249 72 359 157 157 148 122 122 197 17 174 271 271 364 364 385 251 251 251 251 0
165 137 295 295 295 295 263 0 0 392 392 0 0 32 32 32 146 225 310 310 310 310 152 120 120 120 120 242 249 215 359 359 0 0 148 148 122 197 17 0 271 271 385 385 385 365 365 365 0 0
165 137 137 137 0 0 0 0 0 392 392 0 0 0 76 76 146 225 225 71 71 294 152 114 114 114 242 242 215 215 359 0 0 0 148 148 148 17 17 0 271 65 65 385 385 365 0 0 0 0
165 165 254 254 0 0 0 0 0 392 392 0 0 0 76 76 146 146 71 71 71 294 152 152 114 114 242 108 108 215 0 0 0 0 331 331 0 0 17 0 0 65 65 309 309 365 0 0 0 0
184 327 327 254 254 254 0 0 0 342 342 0 19 19 345 345 345 79 79 79 294 294 0 152 0 0 108 108 108 215 0 134 134 331 331 397 397 0 0 0 260 65 65 309 309 365 0 0 0 0
184 184 327 327 254 5 0 0 0 342 342 0 19 19 0 0 345 79 0 0 0 0 0 152 0 0 185 185 0 215 0 134 134 331 0 0 397 0 0 0 260 65 0 0 309 198 198 241 241 241
184 184 0 0 5 5 0 0 0 0 0 0 182 182 0 0 384 0 0 0 0 0 0 0 0 0 185 185 0 215 0 0 134 134 134 0 397 397 0 260 260 0 0 0 0 198 198 241 241 241
184 184 0 0 5 0 0 0 0 182 182 182 182 0 0 0 384 384 384 0 0 0 0 0 0 0 185 185 0 0 0 195 195 195 195 0 0 0 0 0 0 0 0 312 312 312 312 312 241 241
