50 400 20
60694 1534
54877 1723
97755 1614
67443 1867
86174 1324
93399 1490
99495 1801
82987 1845
61976 1484
76642 1471
54687 1765
67455 1574
61932 1428
54416 1193
66127 1208
83380 1594
60336 1430
55828 1269
95398 1730
56731 1760
63560 1005
92635 1678
61808 1193
75870 1657
93447 1573
84992 1978
73996 1742
77046 1505
83458 1436
64475 1646
94961 1865
82245 1549
51638 1508
99794 1854
73236 1018
76792 1267
59351 1246
50302 1711
59912 1992
94071 1758
61639 1039
73481 1300
69566 1795
82129 1940
68174 1089
70823 1051
71287 1561
92328 1158
94037 1036
57542 1308
77637 1275
96630 1742
55973 1972
99059 1583
63388 1708
67291 1578
57824 1237
96502 1390
91500 1395
97797 1538
93566 1612
69962 1447
55557 1908
84164 1834
65453 1745
62424 1346
71338 1219
76793 1805
82964 1463
78636 1335
83639 1780
61316 1007
93660 1202
71730 1843
54528 1800
91937 1026
95853 1550
89929 1289
69393 1990
84892 1164
59086 1905
58477 1664
86312 1215
76269 1216
95043 1491
96779 1951
57382 1981
72806 1055
84232 1563
51669 1757
51239 1961
80443 1557
68388 1231
77092 1906
64463 1076
51580 1887
86908 1691
63425 1255
81055 1954
71855 1152
62774 1106
87034 1627
64714 1954
68102 1728
63439 1573
73331 1899
63382 1696
99295 1663
72209 1596
63005 1093
86472 1131
88377 1729
77324 1186
51941 1890
59808 1568
60850 1974
82947 1762
99946 1101
98174 1936
82870 1511
54166 1462
96763 1060
65994 1337
62910 1383
85052 1880
67446 1914
74636 1300
80327 1467
90184 1443
57312 1146
72399 1363
66634 1427
83916 1670
67687 1027
58078 1004
56142 1026
95391 1709
89893 1985
96869 1465
76039 1511
90762 1526
59485 1410
56062 1193
63044 1409
96324 1810
77337 1788
82242 1806
85303 1174
70148 1945
69210 1002
50764 1729
94937 1820
94346 1761
96373 1912
90416 1644
89718 1553
74261 1677
55061 1792
55057 1468
76637 1366
63637 1238
78442 1516
86678 1618
69416 1195
74169 1034
76705 1903
52806 1533
98036 1832
99044 1810
82950 1009
67513 1556
80466 1701
79459 1643
78645 1054
99244 1525
98102 1126
95336 1814
51837 1459
61071 1502
79344 1136
95191 1691
60284 1344
59827 1794
57418 1108
58733 1270
51808 1148
87654 1203
99993 1276
97053 1132
77514 1709
79130 1161
89245 1819
85612 1344
72853 1932
94934 1196
94475 1636
93750 1285
99498 1390
80272 1967
62339 1936
74925 1378
56035 1264
64765 1877
98313 1560
61214 1913
55723 1351
83917 1984
97754 1325
77476 1815
67915 1068
58532 1720
62880 1460
51975 1506
88303 1956
83479 1656
58072 1264
63895 1670
71948 1941
75506 1519
90313 1513
83416 1975
53992 1130
51805 1587
75837 1183
81668 1224
53643 1263
85249 1232
67253 1025
88626 1529
74812 1382
55179 1364
61505 1524
99821 1201
87726 1732
81135 1393
81172 1661
89597 1899
90987 1781
95708 1474
74887 1433
54095 1893
96267 1649
75348 1997
92058 1920
80985 1479
55191 1161
82985 1583
71027 1237
85881 1316
76922 1361
84775 1591
75327 1273
68332 1614
51600 1243
50399 1148
63836 1544
56159 1045
67976 1973
93480 1379
68873 1499
75327 1581
96722 1688
58975 1979
76946 1333
80433 1292
80381 1836
80948 1909
85316 1374
86747 1075
50553 1014
60898 1213
94581 1456
63115 1553
94802 1840
99267 1166
75432 1968
57502 1338
95799 1753
56037 1024
74597 1447
90837 1387
72199 1922
81640 1741
99109 1691
86076 1389
66292 1819
92698 1773
55573 1833
87214 1738
61739 1928
90638 1561
79541 1369
80801 1087
76887 1364
90313 1909
65902 1187
85167 1072
59881 1564
60272 1858
67218 1985
67653 1394
72631 1968
54548 1957
99036 1145
71749 1831
74826 1432
84710 1834
67181 1073
66783 1010
66608 1677
51347 1805
98081 1113
89168 1409
87861 1866
76464 1226
54873 1654
99942 1602
70374 1357
61542 1815
98683 1348
63076 1543
52005 1141
59336 1572
50405 1051
82146 1217
62343 1851
63102 1891
70817 1111
71895 1008
66757 1790
85598 1247
52458 1279
86021 1322
87446 1501
52961 1789
89104 1283
69850 1917
51453 1689
66836 1925
83152 1503
96664 1145
74107 1772
78685 1068
81463 1489
51748 1144
59063 1832
51485 1386
86730 1718
68412 1154
79501 1508
87872 1215
89637 1226
76433 1019
56848 1157
52777 1225
89330 1623
65670 1337
83222 1454
65026 1072
80483 1955
55663 1071
51050 1639
95061 1904
75734 1617
50561 1152
50028 1751
78046 1661
76254 1620
56703 1660
59162 1535
73251 1791
56836 1948
76932 1883
87868 1683
52066 1758
55266 1485
54021 1884
56086 1710
65390 1786
98631 1975
50547 1727
92411 1124
91772 1567
60185 1067
66010 1671
90831 1803
89803 1338
67518 1688
60145 1781
72915 1721
55125 1752
83789 1268
66874 1231
81766 1022
62084 1782
75430 1785
53963 1383
54457 1952
52141 1974
98662 1592
0 0 0 400 0 0 0 396 396 396 0 0 0 243 243 243 243 33 33 33 33 0 0 0 0 0 0 0 0 295 0 0 0 51 51 51 0 0 0 0 0 0 0 0 0 0 0 0 0 377
0 0 0 400 0 400 0 396 0 0 0 0 248 248 248 248 243 264 264 309 0 0 0 0 0 0 0 295 295 295 0 11 11 51 181 181 181 0 0 0 0 0 0 219 219 219 0 0 0 377
0 392 392 400 400 400 0 396 385 385 71 0 248 248 176 176 75 75 264 309 0 0 0 0 25 0 0 230 230 0 0 11 11 31 181 181 141 0 0 0 0 217 217 217 219 219 0 0 377 377
0 392 198 198 198 198 0 0 155 385 71 68 248 263 176 176 75 75 264 309 309 0 0 0 25 25 25 230 230 0 0 0 31 31 181 141 141 0 0 0 0 217 217 217 219 219 219 82 377 158
0 392 198 198 0 0 0 155 155 385 71 68 263 263 353 353 75 75 264 397 397 397 351 351 351 351 91 69 230 115 115 0 31 31 31 141 141 141 141 0 0 199 217 217 0 0 0 82 377 158
0 20 20 20 0 0 155 155 172 172 71 68 263 263 353 67 67 75 75 397 397 397 351 351 91 91 91 69 115 115 115 31 31 340 32 32 299 299 199 199 199 199 0 0 0 0 0 82 82 158
0 20 20 20 362 359 359 172 172 71 71 68 263 263 353 67 67 213 213 213 213 397 397 222 222 91 91 69 69 69 115 340 340 340 32 32 16 299 156 156 292 292 0 0 0 379 0 303 303 158
0 20 0 362 362 359 359 172 172 71 71 64 64 262 211 211 211 213 213 213 213 43 289 222 222 91 91 363 363 364 115 340 220 77 16 16 16 299 156 156 292 292 292 292 0 379 0 303 303 303
0 0 0 362 362 139 139 204 172 373 373 64 64 262 211 211 211 166 166 336 43 43 289 289 289 254 254 363 363 364 364 340 220 77 355 355 21 299 119 119 119 292 292 23 23 379 0 0 0 0
0 0 0 210 63 139 139 204 204 373 373 64 221 262 262 102 102 166 336 336 43 43 72 344 344 254 256 256 256 256 364 364 220 77 355 355 21 21 207 207 119 277 277 23 23 379 379 0 0 0
0 0 210 210 63 139 150 150 204 373 373 221 221 221 102 102 102 166 336 275 332 72 72 344 344 254 55 55 256 55 169 169 220 77 77 355 339 21 207 207 119 277 277 202 202 379 379 0 0 0
0 0 210 210 63 63 150 150 302 302 35 35 35 221 10 10 227 227 275 275 332 332 72 87 87 107 107 55 55 55 169 169 96 96 96 96 339 339 339 138 138 138 202 202 202 379 40 0 0 0
54 54 58 58 58 58 150 360 302 302 35 35 13 13 10 10 227 227 275 358 358 332 72 87 87 87 107 107 55 55 366 366 187 187 187 46 46 46 46 259 259 138 202 202 202 229 40 40 0 0
54 54 242 242 242 360 360 360 302 383 383 76 13 13 13 13 227 227 61 61 358 358 358 87 107 107 107 15 15 366 366 366 187 187 361 46 46 46 259 259 259 138 138 266 229 229 40 40 0 241
0 0 0 242 242 242 242 360 360 383 383 76 76 76 13 84 84 84 84 61 114 114 358 358 375 375 375 15 15 366 366 322 361 361 361 280 280 253 253 78 78 78 266 266 229 241 241 241 241 241
0 0 0 129 235 235 235 360 246 246 30 30 30 30 240 240 240 84 84 61 114 114 114 375 375 375 203 203 15 163 322 322 361 361 280 280 280 253 253 78 78 78 266 9 9 241 241 0 0 0
0 0 0 129 129 129 235 109 246 34 34 34 30 30 394 394 240 255 255 48 378 378 378 387 387 203 203 163 163 163 322 322 361 361 232 276 276 391 391 78 311 311 266 9 9 130 301 0 0 0
0 0 0 0 0 129 109 109 246 34 162 162 1 30 394 394 394 255 255 48 108 108 378 387 387 171 203 203 135 135 135 232 232 232 232 276 391 391 49 311 311 85 184 130 130 130 301 301 0 0
0 0 0 0 129 129 109 109 3 3 162 162 1 120 120 120 218 218 218 48 48 108 108 171 171 171 171 203 135 135 310 228 228 39 276 276 391 49 49 85 85 85 184 184 348 348 348 301 0 0
127 320 320 0 192 192 267 267 3 182 182 182 1 120 218 218 218 380 159 159 48 22 22 171 331 331 171 306 252 135 310 228 228 39 276 369 391 49 200 200 200 85 85 184 184 184 348 0 0 0
127 320 320 192 192 37 267 3 3 337 182 182 1 24 160 160 380 380 380 159 159 118 22 22 22 331 331 306 252 135 310 310 310 39 276 369 111 111 200 200 282 282 62 62 80 80 80 0 0 0
127 127 157 157 328 37 267 134 134 337 337 1 1 24 160 160 380 388 14 14 14 118 118 324 324 331 331 306 252 252 390 39 39 39 12 369 111 111 318 318 282 282 62 62 80 80 80 0 0 0
398 398 157 157 328 37 37 37 134 134 337 350 350 24 7 7 388 388 388 14 14 118 118 324 324 331 144 306 252 252 390 39 12 12 12 369 369 399 399 318 318 57 57 100 100 173 173 0 0 0
398 398 157 157 328 37 37 205 205 205 205 350 350 24 7 7 388 388 388 126 118 118 386 113 113 113 144 313 313 252 390 349 349 215 215 323 369 399 399 57 57 57 100 100 293 173 173 0 0 0
0 0 157 319 328 328 328 328 205 191 45 274 274 175 7 7 178 178 178 126 386 386 386 113 124 124 144 313 313 390 390 349 349 215 215 323 323 323 177 312 56 56 56 293 293 173 0 0 0 0
0 0 0 319 325 325 325 191 191 191 45 45 274 175 7 7 178 178 178 126 126 247 247 247 124 365 144 352 352 137 390 374 374 374 395 395 177 177 177 312 56 56 56 293 334 334 0 0 0 0
0 0 0 319 319 325 325 278 278 66 66 45 274 175 389 389 389 178 178 165 165 247 247 247 124 365 365 352 352 137 271 374 374 374 395 395 177 177 312 312 56 260 283 293 334 334 0 370 370 0
0 0 0 319 298 18 18 278 278 66 66 257 257 175 196 196 389 389 165 165 345 345 247 247 124 365 352 352 226 137 271 271 297 297 186 381 88 88 88 88 260 260 283 293 372 372 0 370 370 239
0 0 0 298 298 18 18 367 367 367 367 257 258 175 196 196 26 26 345 345 345 345 2 2 124 365 352 352 226 137 271 271 297 297 186 381 381 381 183 260 260 283 283 372 372 372 371 371 370 239
0 0 0 298 298 117 180 290 290 74 74 257 258 317 317 197 197 26 356 356 356 314 2 2 145 145 145 226 226 137 137 271 326 326 186 186 183 183 183 260 260 133 133 206 206 206 371 371 239 239
0 338 0 117 117 117 180 290 290 74 74 257 258 258 317 317 197 26 356 356 356 314 148 148 148 251 145 145 137 137 214 288 326 326 186 186 183 189 189 189 79 133 133 122 122 206 371 371 239 239
0 338 338 338 131 146 180 290 290 209 209 257 29 29 29 354 197 197 132 193 193 314 314 314 148 251 251 251 234 234 214 288 288 326 186 41 41 189 59 59 79 5 195 122 122 371 371 239 239 225
0 131 131 131 131 146 180 290 290 209 209 209 29 354 354 354 291 291 132 193 105 105 314 314 251 251 251 251 234 234 214 288 288 326 326 41 41 59 59 79 79 5 195 195 195 195 164 164 164 225
0 131 307 188 188 146 146 146 376 376 29 29 29 354 354 291 291 132 132 193 105 105 86 86 86 86 86 151 151 384 214 288 286 286 89 89 41 59 79 79 79 5 5 8 8 164 164 164 164 225
0 0 307 188 188 300 300 300 376 231 231 244 244 6 291 291 154 154 154 193 193 193 92 92 92 92 92 151 151 384 341 341 286 286 89 89 110 110 81 81 81 8 8 8 8 327 327 27 27 225
0 0 307 307 307 269 269 300 376 231 231 244 244 6 47 47 47 154 154 335 335 284 284 92 92 393 393 151 384 384 341 341 287 287 179 179 110 110 81 81 305 305 8 8 268 327 327 27 27 225
0 0 0 307 269 269 269 269 136 136 136 244 6 6 47 47 47 47 154 335 335 284 53 53 53 393 393 393 0 0 0 0 287 287 179 179 110 110 110 110 305 305 304 304 268 268 268 27 147 147
0 0 0 307 0 0 65 65 136 136 285 285 42 42 42 42 42 42 333 333 284 284 53 53 343 343 393 393 0 0 0 0 236 236 179 179 179 94 94 329 329 304 304 304 194 194 194 147 147 0
0 0 28 28 0 0 65 65 316 316 285 285 245 245 245 245 245 116 333 333 284 284 284 190 343 343 223 223 0 0 0 236 236 237 237 101 101 94 329 329 329 270 125 125 194 194 194 17 17 0
0 0 28 28 0 0 0 123 316 316 161 161 161 161 245 245 245 116 116 116 249 4 4 190 343 343 223 223 0 0 236 236 128 237 237 101 101 94 94 329 329 270 125 125 121 308 308 17 0 0
0 0 0 0 0 0 0 123 123 342 161 161 321 321 0 0 347 347 347 347 249 4 4 190 190 190 190 0 0 0 0 128 128 237 237 170 170 201 201 98 140 270 270 121 121 308 308 17 0 296
0 0 0 0 281 0 357 357 123 342 342 342 279 321 0 0 0 347 347 249 249 382 382 142 142 190 294 0 0 0 152 128 237 237 170 170 170 201 201 98 140 140 265 121 44 44 44 99 0 296
0 0 0 281 281 216 216 357 357 342 279 279 279 321 0 0 0 0 19 249 249 382 142 142 294 294 294 0 0 0 152 152 0 0 73 73 73 201 98 98 98 140 265 265 44 44 99 99 296 296
0 0 0 281 216 216 216 238 238 93 93 93 368 368 368 0 0 0 19 19 19 382 382 212 212 208 272 272 272 0 152 152 0 0 73 73 73 201 201 98 98 174 265 265 265 97 99 99 99 296
50 50 104 104 104 104 104 104 238 93 93 106 106 368 368 368 0 0 0 0 19 19 212 212 0 208 208 167 272 0 153 153 153 0 250 73 73 103 36 36 0 174 97 97 265 97 273 273 99 346
50 50 0 0 0 70 70 104 238 93 106 106 106 185 0 0 0 0 0 0 19 0 0 0 0 208 208 167 272 0 0 90 153 0 250 250 103 103 36 36 0 174 0 97 97 97 273 273 346 346
0 0 0 0 0 70 70 104 106 106 106 0 185 185 0 0 0 0 0 0 19 0 0 0 0 233 233 167 0 0 0 90 90 0 0 250 103 60 60 0 0 174 0 0 149 149 149 149 346 346
330 330 224 224 224 95 95 0 83 83 0 0 185 261 0 0 0 0 0 0 0 0 0 0 0 233 233 167 0 0 0 90 90 0 0 103 103 60 60 0 0 0 0 112 112 168 168 168 168 346
330 330 0 0 224 95 95 0 83 83 0 0 261 261 0 0 0 0 0 0 0 0 0 0 315 233 52 52 0 0 0 0 0 0 0 0 0 0 0 0 38 38 38 38 112 143 143 0 0 0
330 330 0 0 224 95 95 0 0 0 0 0 261 0 0 0 0 0 0 0 0 0 315 315 315 315 52 52 0 0 0 0 0 0 0 0 0 0 0 0 0 38 38 38 112 143 143 0 0 0
