50 400 20
86898 1385
60464 1579
92083 1458
88092 1257
59839 1018
58023 1188
82524 1351
93370 1877
71882 1979
92282 1302
62592 1079
96497 1151
87154 1637
75533 1527
98277 1380
92833 1187
57838 1187
98643 1836
54037 1456
65133 1699
78325 1289
95988 1280
54183 1195
60020 1296
55225 1929
52898 1641
56987 1427
75626 1426
56501 1481
64341 1997
71849 1769
53772 1282
58685 1523
58664 1842
69285 1875
65485 1630
90015 1972
83523 1478
62099 1523
63781 1876
98063 1485
86493 1826
72961 1316
94732 1609
61176 1623
58238 1197
55343 1317
61588 1359
85156 1070
66399 1392
68940 1913
75428 1117
93533 1471
93550 1005
81145 1933
73588 1297
68607 1319
60019 1581
68536 1956
59331 1414
91298 1539
60249 1993
88045 1638
59067 1971
97148 1516
91148 1119
94700 1610
76188 1870
60391 1763
58191 1058
93628 1512
61552 1006
90985 1953
68614 1326
71827 1646
82437 1643
75369 1240
51572 1169
90582 1969
50105 1785
89282 1902
54580 1360
57652 1768
77755 1341
84110 1268
56423 1994
75529 1690
99353 1486
86796 1582
93648 1170
96697 1149
99412 1211
86534 1910
65220 1820
94477 1042
59392 1470
85694 1414
71103 1109
87488 1524
97756 1046
63452 1472
97829 1534
50264 1917
57741 1547
75113 1747
60903 1427
92001 1999
51174 1369
88439 1415
96503 1711
67059 1501
65517 1198
84620 1924
80544 1658
71104 1867
98181 1244
91779 1540
61438 1578
66713 1803
93823 1190
78561 1949
67556 1452
64277 1128
83721 1014
62507 1734
71429 1404
97952 1769
69164 1082
54745 1633
89299 1344
76872 1296
80171 1727
68738 1972
76277 1561
84972 1701
98095 1545
92222 1114
87283 1416
87637 1658
55665 1080
66158 1580
96065 1688
65806 1395
66049 1606
78558 1299
50017 1620
66768 1665
79302 1679
55832 1620
56620 1600
71921 1587
67157 1014
73874 1398
60617 1420
83130 1910
94351 1389
73843 1627
71169 1236
89014 1616
72558 1864
72544 1083
95068 1003
87183 1780
83003 1186
77987 1827
85437 1519
85209 1502
82288 1908
53053 1934
63312 1943
87217 1795
79145 1155
96699 1127
95526 1900
58475 1353
57300 1145
81666 1795
52131 1070
54361 1098
69688 1214
64887 1011
50740 1766
52436 1294
93638 1823
80511 1676
64479 1266
74661 1359
90092 1387
85774 1954
77837 1814
50170 1865
91308 1248
59755 1242
61172 1190
94618 1471
84199 1422
84418 1179
96619 1797
55165 1481
83167 1864
79968 1004
71284 1185
88438 1129
85486 1875
62940 1028
81931 1926
56381 1628
96026 1707
55053 1883
64194 1876
66897 1254
54096 1764
69350 1088
79762 1671
59435 1476
93006 1971
83822 1913
89420 1912
75066 1387
81963 1034
97519 1473
69957 1760
56195 1976
57920 1611
82508 1141
77163 1931
80428 1837
55575 1657
75990 1034
59302 1901
99690 1516
85049 1226
94681 1019
52933 1504
71841 1551
96789 1121
88771 1223
68848 1250
55049 1346
54299 1016
57149 1850
80844 1181
79517 1483
65273 1182
76333 1328
92459 1026
69871 1511
73699 1818
90102 1355
66652 1585
86534 1580
82763 1915
74228 1717
78106 1653
51295 1585
68568 1961
66963 1125
77923 1572
93984 1928
70546 1619
78059 1661
84179 1495
57073 1995
82296 1168
97241 1274
98048 1785
52172 1681
70091 1481
59172 1849
57953 1179
99381 1468
58199 1974
64369 1951
80208 1573
55607 1882
80839 1685
71399 1478
59116 1825
72602 1321
79592 1477
73767 1794
57481 1209
61811 1130
86691 1200
83068 1871
57725 1874
69167 1879
54695 1833
97529 1443
92129 1454
78496 1454
85114 1494
51060 1553
73877 1696
83488 1807
84645 1653
81163 1649
82155 1514
71485 1811
73643 1079
96848 1902
88442 1275
83751 1757
79727 1940
52054 1074
61469 1416
89094 1165
53341 1620
93799 1556
82814 1196
85035 1816
70485 1934
94157 1994
60179 1314
89320 1278
63014 1246
74757 1992
78106 1103
85988 1663
50481 1114
51420 1027
96840 1165
56880 1177
86955 1723
53358 1088
94812 1742
53760 1833
85243 1633
79717 1332
84163 1830
51869 1943
95623 1078
82883 1312
51992 1784
72791 1630
72157 1407
62438 1688
92285 1649
84742 1612
65582 1182
97598 1347
70707 1848
63555 1095
76585 1003
62139 1516
90270 1346
59629 1429
53986 1109
92620 1348
80742 1798
53398 1954
97203 1768
52792 1667
94673 1427
57887 1032
81839 1326
99556 1621
95230 1150
63467 1898
96898 1268
57131 1543
53518 1265
55762 1533
79285 1902
55418 1225
52419 1529
95761 1059
56385 1670
57243 1474
70594 1723
89529 1376
90119 1085
52995 1733
97104 1709
98628 1790
70577 1794
90440 1983
66934 1138
64218 1321
96198 1848
68640 1046
75400 1611
73372 1539
75272 1508
83480 1412
82592 1865
96794 1314
78590 1306
83186 1350
81459 1202
65672 1682
82111 1443
88918 1384
90581 1268
65463 1583
54480 1855
97120 1955
72192 1229
54716 1882
62690 1706
50 50 234 234 234 234 0 0 0 0 0 54 54 0 0 0 0 0 0 0 0 0 0 0 0 193 193 237 237 237 0 0 0 0 0 0 0 0 112 112 112 112 399 399 399 0 0 0 0 0
50 50 50 50 0 0 0 0 0 137 137 54 54 22 87 87 87 0 0 0 0 6 374 374 0 193 193 193 237 237 0 0 0 335 335 0 0 0 0 342 342 0 399 399 399 399 399 0 0 0
361 361 361 50 0 0 0 0 0 137 137 394 394 22 87 87 87 0 0 0 6 6 70 374 374 70 193 193 204 281 281 0 0 0 335 335 0 0 0 342 342 0 215 329 202 202 202 247 0 0
361 11 11 11 90 0 0 0 0 294 394 394 394 22 22 22 87 0 0 0 6 97 70 70 70 70 204 204 204 281 281 0 0 0 136 136 0 0 0 0 0 0 215 329 253 253 202 247 247 0
361 11 90 90 90 0 0 0 0 294 118 118 98 98 0 0 0 0 0 0 104 97 70 97 79 79 79 79 281 281 281 0 0 136 136 136 136 117 33 33 215 215 215 329 253 253 307 247 247 247
0 0 147 147 90 0 0 0 0 294 111 118 118 98 0 0 0 0 0 104 104 97 97 97 97 175 175 286 286 286 286 34 34 34 126 126 136 117 117 33 215 211 211 329 176 307 307 0 0 0
0 0 147 147 90 224 224 0 0 294 111 111 111 98 0 0 0 0 104 104 104 65 65 65 97 175 2 2 286 286 99 34 34 34 107 126 126 126 117 117 215 211 211 176 176 307 307 0 0 0
0 0 147 244 244 244 224 0 62 62 62 88 111 98 157 157 0 0 358 358 104 65 245 175 175 175 2 2 286 52 99 34 373 107 107 107 107 364 364 364 364 364 176 176 384 384 261 0 0 0
0 0 0 0 0 244 224 62 62 88 88 88 346 346 157 157 149 149 358 358 65 65 245 265 265 265 32 32 32 52 99 209 373 373 373 392 364 364 26 26 26 364 176 176 384 384 261 114 114 114
0 0 0 197 197 197 197 62 352 352 352 352 360 346 149 149 149 149 358 73 73 245 245 67 265 265 372 372 32 52 99 209 209 219 219 392 392 392 26 26 26 165 165 165 165 384 261 114 114 114
0 0 0 388 388 10 10 62 360 360 360 360 360 346 346 154 154 149 358 73 73 158 158 67 57 57 372 52 52 52 209 209 209 219 310 89 191 191 101 101 59 59 12 165 165 165 261 261 135 135
263 263 0 77 388 10 10 308 308 280 280 280 360 360 218 218 154 149 358 73 158 158 67 67 57 57 372 359 359 359 231 231 219 219 310 89 191 191 101 101 59 59 12 12 12 12 12 12 0 135
263 263 263 77 388 10 10 308 308 18 280 280 351 218 218 154 154 319 319 319 319 105 105 105 57 57 359 359 42 231 231 231 231 310 310 89 191 101 101 327 327 327 63 63 4 4 4 0 0 135
396 396 263 77 77 275 275 31 18 18 351 351 351 339 339 154 154 134 319 319 319 105 105 187 187 140 140 42 42 171 171 171 27 201 201 89 89 293 243 243 243 327 63 217 4 4 258 0 0 0
396 396 172 172 172 275 275 31 18 18 18 351 339 339 339 134 134 134 30 48 48 105 49 49 187 140 140 140 42 42 171 171 27 27 201 293 293 293 243 320 320 160 63 217 120 258 258 258 0 0
396 396 172 172 102 102 31 31 18 18 45 351 355 355 339 339 30 30 30 48 48 105 49 187 187 145 145 370 370 42 171 196 196 27 201 326 326 35 243 320 320 160 81 217 120 258 258 0 0 0
302 302 324 324 102 102 20 20 305 45 45 351 355 355 381 213 213 301 301 301 301 49 49 162 162 145 145 370 370 171 171 267 196 196 201 326 326 35 35 35 160 160 81 217 120 120 0 0 0 0
302 324 324 324 102 102 20 20 305 45 45 121 121 121 381 213 213 301 301 301 8 8 8 162 162 145 145 51 51 367 367 267 267 196 196 194 194 194 377 377 377 81 81 195 195 240 0 0 366 366
302 324 64 190 190 190 129 129 305 305 305 121 121 381 381 257 257 257 257 301 8 186 162 162 162 162 51 51 300 367 367 267 267 196 194 194 194 68 377 3 377 255 255 195 195 240 240 240 366 366
354 324 64 64 64 190 129 242 242 305 305 121 121 381 314 314 331 331 257 322 322 186 186 186 282 282 282 300 300 367 267 267 287 287 287 287 287 68 3 3 377 255 144 144 0 0 0 0 0 0
354 354 354 146 146 146 129 242 242 395 395 395 356 381 314 314 331 331 257 322 322 276 276 186 186 78 282 300 226 226 226 226 287 287 316 316 316 68 133 3 377 255 144 144 0 0 9 9 0 0
354 354 354 146 146 146 178 178 178 395 395 260 356 381 292 292 268 268 268 74 74 276 276 380 186 78 282 368 273 273 226 19 19 116 116 184 316 68 133 3 377 255 124 200 200 200 9 9 390 390
0 0 222 222 23 178 178 178 260 260 260 260 356 356 292 292 207 207 268 74 74 74 74 380 380 78 78 368 273 273 285 19 19 116 116 184 184 68 133 3 124 124 124 0 0 200 200 200 390 390
0 0 222 222 23 23 23 323 323 260 229 229 356 356 321 321 207 207 53 53 28 28 74 343 380 380 368 368 285 285 285 277 277 116 116 184 184 68 133 298 298 0 0 0 0 200 200 0 0 0
0 47 47 47 23 23 323 323 323 260 229 229 229 321 321 353 353 207 53 53 28 28 74 343 80 80 368 285 285 285 285 277 277 24 24 184 184 184 298 298 298 398 398 1 0 0 0 0 0 0
0 47 47 47 23 23 323 323 295 29 216 216 216 216 216 353 353 207 400 400 7 7 343 343 80 80 80 80 371 371 40 382 24 24 161 161 161 298 298 297 297 398 398 1 25 25 69 0 340 340
0 0 0 0 315 315 315 315 295 29 29 60 60 60 251 220 220 220 400 400 7 7 284 174 174 170 80 371 371 40 40 382 382 61 61 61 161 161 66 66 297 386 1 1 25 25 69 0 340 340
0 0 362 315 315 106 106 295 295 295 29 60 60 60 251 220 220 220 220 182 182 182 284 174 174 170 80 350 350 40 40 382 382 61 61 291 291 256 66 66 297 386 1 1 345 345 69 0 150 150
72 72 362 362 362 106 106 295 295 272 338 55 55 60 251 251 138 138 220 182 182 182 284 365 174 170 46 350 350 336 336 188 188 306 61 291 291 256 256 256 386 386 386 386 345 345 69 0 150 150
72 72 72 0 341 341 341 272 272 272 338 55 55 55 55 251 138 138 138 221 221 304 284 365 174 170 46 350 350 336 336 188 188 306 61 61 344 344 344 96 5 5 386 386 345 179 179 0 84 13
0 0 0 0 341 341 341 141 338 338 338 236 236 183 177 177 169 169 169 221 221 304 304 365 365 46 46 208 208 208 208 306 306 306 82 344 344 344 96 96 5 5 274 274 309 328 179 84 84 13
0 0 0 103 341 141 141 141 141 141 91 236 236 183 110 177 177 169 169 169 250 304 304 365 365 365 365 208 208 210 210 306 82 82 82 344 115 85 85 96 96 274 274 309 309 328 179 84 13 13
0 0 103 103 86 141 141 91 91 91 91 283 283 183 110 110 110 252 252 252 250 250 304 330 266 266 266 125 125 210 210 210 210 115 115 115 115 85 85 159 159 159 159 309 328 328 0 0 223 13
173 0 103 103 86 86 86 86 91 334 334 283 283 183 183 183 110 252 113 113 250 250 330 330 266 266 238 125 125 38 38 210 44 44 115 115 76 393 393 17 17 17 159 328 328 143 143 0 223 223
173 0 0 0 317 317 317 39 39 334 376 376 283 283 183 183 108 108 113 113 130 130 330 330 56 56 238 238 238 38 75 75 44 44 271 271 76 76 393 192 192 17 100 100 143 143 143 0 0 223
173 312 0 0 317 317 317 39 39 334 376 376 296 283 357 357 108 108 113 113 130 130 130 330 56 56 238 238 375 38 38 75 37 271 271 271 76 76 393 393 192 192 100 36 143 143 143 0 0 0
173 312 58 58 43 43 317 14 14 334 376 376 296 283 357 357 108 108 113 113 348 348 348 330 56 248 248 248 375 38 38 75 37 37 37 279 279 279 279 393 192 192 100 36 235 235 235 235 0 0
312 312 58 58 43 43 14 14 397 334 334 334 296 296 41 357 349 349 349 349 348 348 363 56 56 248 375 375 375 128 128 92 16 16 163 163 163 163 279 393 192 369 36 36 168 168 389 389 0 0
312 0 0 0 0 155 155 155 397 397 290 290 290 41 41 357 357 357 349 349 348 348 363 363 131 131 109 109 109 128 128 92 92 16 163 163 206 299 299 393 192 369 369 369 168 168 389 389 0 0
0 0 0 0 325 325 155 155 397 391 391 198 290 41 156 230 230 93 93 93 278 278 278 363 131 131 109 109 109 109 378 378 92 16 122 122 206 299 299 299 232 232 153 153 168 168 389 389 389 0
0 0 0 0 325 325 325 262 397 391 391 198 198 156 156 230 230 93 93 93 278 21 142 166 166 166 132 132 132 109 378 181 181 16 122 122 206 199 199 199 199 232 153 153 269 269 269 269 389 0
0 0 0 0 325 325 325 262 262 262 288 288 198 156 151 151 151 151 151 93 21 21 142 166 166 166 132 347 347 378 378 181 181 122 122 122 206 206 385 385 385 232 333 153 94 269 180 15 15 15
0 0 0 0 0 0 167 167 167 288 288 288 288 156 151 0 0 0 151 93 21 142 142 225 225 166 347 347 0 0 164 383 383 383 383 122 289 289 152 152 385 333 333 153 94 180 180 15 311 311
0 0 0 0 0 0 167 205 205 71 228 228 228 123 151 0 0 241 241 241 241 142 225 225 337 337 337 337 0 0 164 164 164 383 383 289 289 289 152 152 152 333 153 153 94 94 180 180 311 311
0 0 0 0 0 167 167 119 205 71 71 71 228 123 123 0 0 0 0 0 241 0 0 0 0 203 203 0 0 0 214 214 214 383 383 387 289 289 95 95 152 333 270 270 0 0 311 311 311 311
0 119 119 119 119 119 119 119 205 71 71 71 123 123 123 0 0 0 0 0 241 0 246 246 379 379 203 203 0 0 214 264 264 264 264 387 387 387 95 95 152 212 270 270 0 0 318 185 185 185
83 83 83 0 0 127 127 303 249 249 227 227 227 227 0 0 0 0 0 0 0 0 246 313 379 379 379 379 0 0 214 0 0 0 0 254 254 254 254 0 152 212 0 0 0 318 318 185 185 185
83 83 83 0 0 0 127 303 249 249 227 227 332 332 332 0 0 0 0 0 148 148 246 313 313 313 313 0 0 0 0 0 0 0 139 254 0 0 0 0 212 212 0 0 318 318 0 0 185 185
259 259 0 0 0 0 127 303 303 0 0 189 189 0 332 0 0 0 0 148 148 148 148 0 0 0 0 0 0 0 0 0 0 0 139 0 0 0 0 212 212 233 233 0 0 0 0 0 239 239
259 259 0 0 0 0 127 303 0 0 0 189 189 0 0 0 0 0 0 148 148 0 0 0 0 0 0 0 0 0 139 139 139 139 139 0 0 0 0 212 212 233 233 233 0 0 0 0 239 239
