50 400 20
73341 1451
64512 1298
94667 1319
70071 1932
70862 1502
87779 1739
86126 1481
57252 1073
96132 1930
91803 1110
60584 1308
77033 1475
98174 1867
66805 1107
87299 1247
51672 1602
65948 1666
74522 1035
99249 1433
90100 1464
98230 1985
79526 1025
54849 1743
69308 1701
87920 1489
85375 1354
98271 1818
97454 1438
94219 1741
88569 1187
62925 1636
58460 1704
78060 1903
72945 1753
66905 1669
78675 1862
92968 1075
50566 1493
54135 1145
64448 1150
76174 1201
57470 1711
68337 1851
54208 1879
75844 1590
67672 1530
74975 1060
58285 1313
91020 1026
66335 1658
50793 1384
86707 1548
55536 1632
72018 1865
63579 1959
99277 1165
96330 1722
54381 1040
80383 1925
57922 1674
53218 1933
94591 1235
75247 1187
55132 1197
85910 1096
67212 1748
95356 1967
82593 1671
76928 1312
69613 1881
84480 1293
92051 1406
66217 1449
83913 1741
69636 1930
65482 1866
68895 1773
84631 1743
52579 1764
77485 1487
71163 1541
90092 1533
96964 1134
55059 1590
63730 1060
93528 1709
51478 1909
71042 1121
98721 1058
77080 1116
70342 1648
55950 1222
62041 1578
74367 1432
90970 1115
90235 1056
92756 1967
53713 1137
96883 1600
86813 1478
99366 1394
59960 1907
69287 1622
78025 1920
54114 1452
84211 1732
61258 1932
85413 1717
51495 1509
65258 1223
68582 1205
92985 1986
55738 1333
53149 1987
77314 1654
67769 1064
71789 1267
52233 1714
82041 1000
76181 1134
99571 1453
59051 1047
76804 1793
82980 1289
76627 1048
70391 1031
95429 1608
85263 1098
51758 1807
99530 1168
62581 1052
55534 1226
77302 1088
92586 1378
84889 1918
91316 1921
83789 1736
85046 1395
75755 1613
52326 1415
99268 1609
59499 1876
51244 1063
52213 1688
55043 1654
70884 1980
94506 1385
93613 1811
58291 1791
63480 1842
57561 1972
75766 1112
51031 1597
92188 1968
82771 1835
70829 1593
68110 1167
68772 1144
94944 1854
50767 1995
99688 1503
70320 1821
81333 1202
67936 1147
83230 1313
59689 1093
85268 1638
97212 1452
91437 1101
97072 1788
54436 1317
79607 1486
52623 1852
70030 1463
90311 1949
57392 1519
94080 1911
95457 1177
53172 1642
84553 1151
92576 1698
86508 1964
61580 1721
83100 1971
89125 1015
97573 1914
82622 1952
90118 1647
96012 1657
51531 1034
62767 1649
58780 1186
77845 1617
62812 1895
73408 1858
72646 1812
97750 1310
59171 1451
63679 1287
53195 1733
81583 1237
94816 1541
90802 1240
59310 1746
77632 1503
75287 1737
79253 1069
62652 1566
54771 1655
54451 1292
99976 1796
94873 1910
58676 1673
58880 1231
59692 1274
73248 1400
91157 1092
65365 1118
86910 1081
79860 1664
95055 1418
68234 1078
87702 1725
74339 1337
73001 1558
52397 1124
56322 1184
96221 1442
95241 1711
64882 1302
87345 1298
60927 1201
63469 1985
88845 1462
93182 1375
93703 1166
87642 1003
78964 1152
85274 1610
82993 1187
77411 1529
98873 1881
96378 1478
66766 1251
74031 1122
98360 1321
87303 1554
90068 1770
61997 1528
96719 1865
82648 1031
99345 1045
75949 1888
92662 1153
79184 1783
94783 1302
86616 1617
66541 1043
82884 1040
87353 1494
65563 1191
79529 1739
59335 1941
97199 1162
50920 1701
89116 1592
56457 1330
78739 1475
70581 1491
90887 1872
69403 1133
65763 1007
80910 1258
82362 1263
87016 1480
74411 1412
79024 1093
52214 1691
92377 1570
58159 1855
57885 1703
50172 1558
73174 1041
70156 1470
92832 1335
52018 1406
85244 1272
96619 1319
63040 1622
96853 1967
97697 1015
82755 1120
57529 1233
93515 1136
92541 1903
54135 1034
81178 1855
54849 1912
65955 1100
83152 1305
83801 1625
60837 1564
61469 1267
75481 1790
61470 1431
93214 1616
85184 1631
79404 1088
83237 1774
52528 1810
99655 1576
95606 1960
86935 1536
60868 1072
66019 1662
65854 1370
76835 1813
60981 1185
65401 1201
99608 1692
51227 1919
71543 1535
93226 1589
99563 1015
93188 1698
99277 1769
97444 1330
85531 1835
91369 1483
50264 1111
99603 1112
78274 1783
78079 1500
51083 1946
85297 1060
73263 1104
78010 1383
95784 1752
67902 1590
97572 1291
60179 1811
83251 1570
51111 1680
51473 1697
84014 1572
79332 1534
76928 1390
79952 1306
63963 1627
95248 1331
50219 1291
97514 1836
98660 1507
55171 1275
52069 1522
82788 1091
65924 1525
84295 1210
97936 1441
78115 1385
97521 1851
83499 1260
77682 1988
81016 1351
67876 1365
96697 1000
54930 1695
75841 1814
53889 1251
63226 1130
81412 1948
94523 1492
51519 1813
91522 1894
51336 1989
88953 1167
93249 1653
67698 1974
70451 1815
83770 1334
52572 1846
59898 1286
79863 1401
56242 1526
63977 1256
98354 1390
81334 1382
65589 1321
75548 1577
65942 1786
86918 1418
60752 1749
55283 1758
75363 1110
97005 1084
80492 1273
83204 1428
92187 1014
84214 1921
83291 1991
0 0 345 0 0 0 0 0 0 0 0 0 0 0 28 28 0 0 0 0 0 57 57 57 0 0 0 0 377 0 0 0 0 0 0 319 319 0 0 0 238 0 0 0 0 0 0 0 0 0
0 0 345 0 0 0 0 0 0 0 0 0 0 0 28 28 0 0 0 0 0 306 306 57 136 136 136 317 377 377 377 18 18 0 0 319 319 187 0 0 238 238 238 0 0 0 0 70 70 0
0 0 345 0 0 0 0 0 22 22 127 127 0 0 0 28 0 0 0 0 0 306 306 136 136 136 317 317 126 126 377 18 0 0 0 0 187 187 0 0 56 56 238 0 0 0 0 70 70 70
345 345 345 0 54 0 0 0 22 22 127 127 88 88 383 383 354 354 0 357 0 306 202 202 202 202 317 282 126 126 126 18 0 0 187 187 187 41 41 41 56 56 238 0 0 200 200 70 70 0
0 0 10 10 54 54 54 0 22 22 286 127 88 88 383 383 354 354 0 357 357 375 375 325 339 339 69 282 282 282 126 126 0 0 187 112 112 224 224 41 263 263 238 0 0 200 200 0 0 0
0 0 10 10 251 2 54 54 286 286 286 27 27 88 0 0 0 0 0 357 357 375 325 325 339 339 69 69 69 282 0 0 0 259 259 112 112 112 224 224 263 263 263 151 0 111 111 111 184 0
0 10 10 251 251 2 54 54 352 352 400 400 27 27 27 27 75 0 0 357 357 375 325 207 207 144 144 69 69 271 0 301 301 259 259 112 112 112 224 190 190 190 263 151 111 111 111 184 184 0
0 0 10 251 251 2 2 118 118 352 352 400 400 239 239 249 75 75 75 203 203 203 207 207 207 144 39 271 271 271 0 301 301 301 301 301 149 261 224 190 265 265 151 151 250 116 116 184 125 0
0 0 10 81 81 2 2 118 118 33 281 239 239 239 249 249 244 244 399 399 399 203 64 64 64 144 39 39 89 390 0 195 195 278 278 301 149 261 261 261 265 265 250 250 250 116 116 48 125 0
0 0 160 81 81 61 72 72 33 33 281 281 281 336 249 249 244 90 399 399 7 7 7 7 64 273 39 39 89 390 390 195 195 278 278 149 149 5 5 142 265 265 265 231 231 116 116 48 125 0
160 160 160 113 113 61 61 72 33 33 97 336 336 336 347 347 244 90 399 399 164 23 23 23 23 273 273 273 89 390 390 178 178 178 364 364 364 8 5 142 142 142 142 231 231 116 48 48 125 0
160 160 160 160 113 113 61 72 33 33 97 97 336 336 347 347 244 90 90 164 164 23 23 233 233 273 273 273 89 89 67 178 46 46 62 62 364 8 5 34 142 142 215 215 215 215 48 0 0 0
0 0 234 234 113 113 72 72 338 338 97 97 336 172 172 172 172 80 80 164 277 277 23 233 233 328 328 300 237 237 67 67 46 46 62 62 159 8 8 34 34 34 192 192 130 215 196 196 0 0
0 0 234 234 387 387 387 304 338 338 97 220 220 180 180 180 180 80 80 138 138 277 277 328 328 328 300 300 237 237 237 67 67 67 62 159 159 230 230 212 212 212 192 192 130 215 196 196 0 0
217 234 234 234 387 387 387 304 304 220 220 220 153 180 180 180 341 341 138 138 138 138 42 344 344 344 300 300 300 193 193 193 299 299 245 159 245 230 230 212 212 212 192 192 130 130 130 0 0 0
217 234 392 392 185 185 185 304 304 323 220 220 153 153 153 341 341 384 384 76 138 138 42 344 360 360 115 193 193 193 193 376 376 299 245 245 245 92 92 68 68 68 269 269 170 170 0 0 0 333
217 217 392 392 392 392 185 185 323 323 323 153 153 153 153 341 17 384 384 76 76 76 42 42 360 360 115 115 115 115 115 376 376 299 302 302 302 92 92 68 68 68 269 269 170 343 0 343 333 333
165 165 165 314 314 314 314 132 389 389 323 323 318 4 85 341 17 17 17 76 76 76 42 380 360 360 324 324 324 324 86 86 280 280 302 302 302 92 92 158 158 158 158 269 170 343 343 343 333 333
165 165 393 393 393 393 393 132 132 389 318 318 318 4 85 85 85 264 264 264 42 42 42 380 380 360 295 295 295 324 86 86 280 280 302 316 49 49 303 303 303 367 158 158 170 170 228 0 0 0
0 0 289 289 289 289 388 132 132 389 389 321 321 4 4 85 85 292 147 264 139 139 380 380 380 360 295 156 156 246 246 246 280 206 206 316 49 49 303 303 303 367 158 158 266 228 228 228 0 0
0 0 289 289 289 6 388 132 132 389 389 321 335 335 4 292 292 292 147 147 139 139 380 137 137 36 43 43 156 246 313 82 82 206 206 316 316 226 226 398 398 367 367 367 266 71 71 228 0 0
0 0 284 6 6 6 388 388 132 253 253 321 335 335 186 186 177 177 147 288 288 139 139 137 137 36 36 43 156 313 313 82 82 206 206 93 226 226 226 398 398 267 267 266 266 71 71 0 0 0
0 0 284 272 272 79 79 79 79 253 179 179 179 179 179 186 177 177 147 288 288 139 139 137 137 137 36 43 313 313 313 82 82 82 206 93 226 226 3 52 52 267 351 351 351 71 71 0 379 379
311 311 284 216 272 272 296 296 296 253 152 152 152 240 186 186 186 177 177 177 181 181 181 181 243 243 55 55 45 45 45 270 270 270 206 93 93 3 3 52 52 267 267 105 351 379 379 379 379 379
311 311 284 216 216 145 145 296 296 32 152 240 240 240 240 19 19 350 350 350 350 350 350 31 243 243 55 55 55 74 45 270 270 337 337 93 93 3 355 355 355 363 105 105 105 308 0 379 0 0
311 135 216 216 216 145 145 296 296 32 32 32 240 240 240 19 19 350 176 176 353 353 353 31 204 320 320 55 55 74 45 21 270 337 337 293 293 355 355 287 355 363 105 105 105 308 0 0 0 0
290 135 216 310 173 173 173 163 381 32 32 32 13 13 13 30 19 19 19 176 332 332 353 31 204 320 169 169 169 74 74 21 21 122 122 293 293 293 355 287 143 363 363 150 308 308 100 0 51 51
290 135 310 310 173 171 171 163 381 381 219 219 13 13 13 30 30 30 30 176 332 332 31 31 204 320 73 73 169 124 21 21 122 122 122 122 361 361 287 287 143 168 150 150 150 150 100 188 188 51
290 135 0 310 365 171 171 163 209 381 219 219 225 225 13 117 30 30 30 285 279 279 279 189 204 204 73 73 73 124 124 123 123 394 394 394 361 361 287 143 143 168 150 0 0 100 100 188 188 51
290 290 0 310 365 171 163 163 209 381 381 260 225 225 258 117 117 117 285 285 279 279 279 189 204 204 309 309 309 124 124 123 123 394 394 372 372 372 372 143 143 168 11 0 0 0 0 188 0 0
290 290 0 365 365 171 171 209 209 121 121 260 260 260 258 117 117 117 285 285 162 162 191 189 189 309 309 334 309 124 124 124 382 382 394 394 394 101 101 148 148 168 11 0 0 0 0 0 0 0
0 0 0 9 365 365 365 365 121 121 369 369 260 260 258 258 58 58 162 162 162 191 191 189 189 334 334 334 309 309 60 60 382 382 210 210 101 101 101 101 148 148 11 11 0 0 0 0 0 0
0 0 9 9 268 268 397 397 119 119 369 369 374 374 1 1 58 58 162 162 162 191 191 326 326 334 334 356 356 356 60 60 297 297 210 210 210 210 210 274 274 148 148 11 198 198 0 0 0 0
0 0 9 222 268 268 397 119 119 107 107 155 374 374 1 1 58 58 255 199 199 65 65 326 326 334 334 356 356 161 161 297 297 15 218 218 218 248 248 274 274 148 148 198 198 198 0 0 0 0
0 9 9 222 63 63 397 119 386 107 107 155 374 374 1 106 255 255 255 199 199 65 65 275 275 275 275 166 166 161 161 297 297 15 218 340 340 248 248 342 342 252 252 252 252 307 197 0 0 0
0 9 222 222 63 63 63 386 386 155 155 155 1 1 1 106 327 327 327 327 199 395 395 395 275 275 275 166 87 312 312 297 305 15 15 120 340 37 248 248 342 252 252 371 371 307 197 197 0 0
0 0 0 222 222 229 229 386 213 213 213 213 331 331 106 106 106 223 223 362 362 395 175 175 175 175 166 166 87 87 312 305 305 15 15 120 340 37 37 366 342 241 241 371 371 307 197 197 197 0
0 0 0 183 183 229 229 96 96 96 96 236 331 331 106 106 223 223 223 362 362 346 157 0 0 175 166 166 87 87 312 305 305 305 378 120 120 37 37 366 241 241 256 256 256 307 197 0 0 0
0 0 0 183 183 35 35 35 96 96 96 236 38 38 242 242 77 77 223 262 262 346 157 0 0 12 12 166 87 129 129 133 133 305 378 378 348 348 348 366 373 373 256 131 131 131 131 0 0 0
0 0 0 0 183 35 35 232 232 232 236 236 38 38 0 242 77 0 0 262 262 346 157 0 0 12 12 16 16 129 129 133 154 154 154 378 201 201 348 366 373 134 134 294 294 294 131 0 140 140
24 0 211 211 183 183 232 232 232 232 396 396 396 0 0 242 77 77 0 0 346 346 157 0 0 16 16 16 109 109 133 133 154 154 53 201 201 201 20 373 373 134 134 294 247 247 247 91 140 140
24 24 211 59 59 183 99 98 98 98 98 103 396 0 0 0 0 0 0 0 0 0 0 0 0 0 94 50 109 109 235 235 154 154 53 315 201 201 20 20 20 391 391 391 247 247 247 91 128 128
24 24 211 59 59 59 99 99 99 330 330 103 298 298 0 0 0 0 0 0 0 0 0 0 0 110 94 50 50 174 174 235 182 182 53 315 315 66 66 370 370 370 391 391 247 247 91 91 128 128
257 194 194 25 25 59 99 99 330 330 330 103 298 298 0 0 0 0 0 0 0 0 0 0 110 110 94 94 50 50 174 235 182 182 53 315 315 66 66 370 167 167 167 391 368 368 47 47 128 128
257 194 25 25 25 26 26 26 330 330 330 103 349 349 349 322 322 0 0 0 0 0 0 0 110 110 95 95 141 141 174 329 329 329 53 66 66 66 102 102 102 102 167 104 368 368 47 47 227 128
257 194 25 0 0 26 78 78 114 114 0 0 0 349 349 322 322 322 322 0 14 0 0 0 0 254 95 95 95 141 141 214 205 329 329 44 44 283 283 0 0 167 167 104 385 0 227 227 227 146
257 194 0 0 0 78 78 0 208 114 108 108 0 0 349 0 0 322 14 14 14 0 0 0 0 254 254 254 254 29 358 214 205 205 205 44 359 283 283 0 0 0 104 104 385 0 40 40 146 146
257 0 0 0 0 0 0 0 208 114 108 108 0 0 0 0 0 0 291 14 14 0 0 0 0 0 254 254 29 29 358 214 84 84 44 44 359 0 0 0 0 276 276 276 385 0 40 40 146 0
0 0 0 0 0 0 208 208 208 208 83 83 0 0 0 0 0 0 291 291 291 0 0 0 0 0 0 0 29 358 358 214 84 84 84 359 359 0 0 0 0 0 0 276 385 0 221 221 0 0
0 0 0 0 0 0 208 208 83 83 83 0 0 0 0 0 0 0 291 291 291 0 0 0 0 0 0 0 0 0 0 0 84 84 84 359 359 0 0 0 0 0 0 385 385 0 221 221 0 0
