50 400 20
89687 1056
90662 1211
94582 1018
86881 1366
91532 1095
81745 1830
60388 1250
67621 1543
76200 1093
74272 1959
93648 1551
83396 1506
69056 1671
80588 1199
64334 1708
50673 1343
63160 1971
73885 1352
91085 1277
92884 1284
84560 1208
73936 1801
67417 1518
70789 1981
67185 1848
60262 1325
92842 1380
62102 1435
82870 1021
86671 1785
50650 1713
84656 1635
64570 1710
99014 1029
64818 1485
71523 1009
60328 1921
86921 1853
86419 1970
70765 1715
66733 1336
90702 1628
83406 1517
61624 1020
60134 1859
59956 1431
58662 1563
80374 1067
94161 1986
57697 1978
60118 1544
82122 1414
94540 1546
61461 1163
90956 1367
67489 1673
61758 1132
64897 1302
86151 1095
73653 1964
91294 1380
75637 1900
78078 1440
82509 1731
94740 1328
76902 1537
95978 1470
97532 1230
82755 1244
78506 1506
75875 1950
53161 1918
65526 1663
73966 1789
67758 1885
55217 1712
77396 1735
84782 1500
84601 1767
97055 1000
88050 1310
62321 1830
96259 1968
90710 1043
66541 1064
81740 1747
54992 1377
72522 1569
82779 1926
72860 1624
75787 1301
65505 1285
59665 1795
77612 1731
83467 1904
79267 1358
69114 1588
99315 1473
84234 1706
72632 1490
63000 1886
90511 1649
89687 1956
99633 1107
82311 1176
53576 1156
98996 1234
92642 1503
77903 1706
67026 1614
65829 1534
56266 1873
64206 1832
76494 1075
88492 1056
50922 1862
51669 1655
96539 1720
73601 1977
99415 1922
83627 1422
81139 1875
73935 1187
87814 1631
55929 1482
71359 1624
78410 1375
92624 1753
99723 1378
79316 1753
73053 1946
76110 1946
52489 1857
59267 1673
55293 1871
78330 1503
69553 1435
93922 1861
65701 1996
62827 1825
62665 1344
83319 1091
88317 1139
77532 1851
90321 1971
94838 1428
69454 1364
83321 1134
76103 1613
85282 1279
81592 1882
55158 1259
87474 1844
89024 1109
55402 1942
90095 1191
78005 1487
98318 1423
90312 1690
58475 1014
68410 1944
83543 1103
84918 1437
73318 1830
62317 1045
98449 1368
79622 1545
79013 1667
60387 1854
64609 1878
60412 1490
75618 1464
76555 1729
87913 1874
60704 1519
68586 1446
92330 1467
58015 1599
88938 1635
50249 1939
60408 1667
86739 1512
71285 1268
78533 1488
78584 1995
78722 1090
52972 1582
95193 1606
69948 1331
62279 1872
84889 1043
63997 1000
90895 1876
63071 1420
70241 1131
68039 1748
68487 1887
81462 1893
75340 1794
93972 1663
81908 1036
67410 1303
93321 1985
89273 1489
93067 1714
59026 1779
56195 1655
55048 1725
91985 1850
96234 1566
56404 1361
71257 1613
88734 1555
58637 1649
75792 1038
67181 1302
97579 1619
91011 1815
70929 1764
72187 1795
86794 1739
55969 1454
94081 1152
51238 1793
63535 1772
66286 1453
71793 1996
69015 1307
68841 1886
63863 1967
84359 1910
74224 1683
91004 1638
90099 1758
52286 1432
99394 1601
71932 1975
57879 1101
99878 1815
81122 1722
86723 1296
73794 1505
92014 1532
89435 1932
70831 1142
88783 1023
95358 1359
54399 1777
67253 1518
84453 1696
93641 1251
55021 1406
66559 1964
76618 1267
87379 1114
78479 1526
67401 1244
51982 1565
94195 1698
72851 1472
72870 1677
50037 1420
78187 1204
71647 1432
92003 1843
86195 1582
71890 1325
90916 1265
92995 1274
69751 1254
99760 1558
59000 1923
88297 1704
52286 1631
60258 1931
66084 1020
77942 1544
60561 1812
56416 1687
79271 1514
84504 1707
79048 1600
65052 1659
73683 1564
64386 1924
72530 1874
94614 1130
61644 1574
92134 1237
63351 1035
77438 1098
86244 1780
79637 1203
56981 1672
93810 1011
70086 1970
82541 1423
78124 1271
60621 1296
73182 1666
98178 1282
79276 1765
65349 1722
93847 1894
70177 1199
69748 1108
93483 1902
99702 1569
88509 1927
99427 1881
94115 1256
90812 1715
50539 1739
64559 1123
50217 1650
65697 1203
78083 1880
62342 1734
52554 1373
69083 1674
59384 1930
82581 1527
86248 1184
93596 1108
97018 1199
62389 1436
63783 1548
70857 1607
75285 1672
76255 1519
54173 1922
74152 1929
76131 1449
91555 1537
81905 1494
85404 1000
51298 1481
64040 1358
95404 1255
57933 1232
97355 1191
78977 1986
59818 1518
75636 1431
54584 1009
61425 1288
95356 1170
60399 1529
59156 1019
56051 1976
79764 1514
72783 1389
92028 1325
83254 1157
80813 1634
61685 1009
58587 1537
50890 1031
75001 1424
50604 1551
57411 1957
98882 1576
82718 1778
83634 1612
72247 1075
92657 1839
63973 1346
51237 1115
65139 1572
56943 1841
71513 1596
62094 1719
90772 1456
57751 1319
70906 1144
55761 1086
72322 1364
83340 1765
74745 1576
63391 1964
99092 1073
88837 1920
61158 1205
82463 1315
50849 1094
55834 1463
95847 1294
98239 1221
68286 1826
59642 1673
67888 1320
76679 1035
79254 1828
60569 1993
91697 1361
69811 1204
62429 1051
98232 1180
73032 1147
80331 1374
0 0 0 0 0 0 0 360 360 0 0 0 0 0 0 0 0 0 0 0 0 80 80 80 80 0 0 0 0 0 0 0 333 333 333 0 0 0 0 0 0 0 316 316 316 45 0 0 0 0
0 0 0 0 43 43 0 360 52 52 52 0 0 0 0 0 93 93 0 0 0 80 85 85 0 0 65 65 0 0 0 0 343 343 333 0 0 0 0 0 0 0 316 316 316 45 45 116 116 116
0 0 0 43 43 43 0 360 52 387 387 0 0 0 0 91 91 93 0 0 0 85 85 85 233 65 65 369 369 369 379 379 343 343 333 0 0 0 0 0 0 0 316 316 267 267 45 45 45 116
0 0 0 43 43 43 278 278 278 238 387 387 0 0 0 91 91 93 0 0 0 85 85 85 233 65 331 331 331 369 379 379 70 70 70 0 0 63 213 263 263 263 199 267 267 267 270 270 270 270
0 0 0 0 0 0 278 278 238 238 387 387 0 0 232 340 340 93 389 389 0 0 0 0 233 233 233 233 331 331 379 379 70 70 70 63 63 63 213 263 263 263 199 199 267 0 0 0 0 0
0 0 0 0 0 0 0 0 238 30 30 186 0 0 232 340 340 93 389 389 0 0 342 342 44 290 290 290 331 379 379 312 88 88 88 148 148 213 213 110 110 208 208 199 0 0 330 0 0 0
0 0 0 223 0 0 0 0 30 30 153 186 186 232 232 340 340 252 252 252 252 0 342 342 44 290 290 293 378 378 312 312 88 88 148 148 148 254 254 110 110 208 208 0 0 330 330 0 0 0
0 3 3 223 0 0 0 318 318 318 153 186 186 232 232 21 21 313 313 313 0 0 0 44 44 212 212 293 378 378 312 271 88 88 6 6 144 254 254 110 110 48 49 0 0 330 192 192 0 0
0 0 3 223 223 149 149 318 318 153 153 186 186 186 21 21 174 174 313 313 0 0 0 354 154 212 212 293 293 293 312 271 117 117 6 6 144 144 47 110 110 48 49 49 317 317 192 192 0 0
0 0 3 18 149 149 166 166 224 224 179 179 179 218 218 218 174 174 181 181 0 0 354 354 154 124 124 293 293 339 339 271 117 117 281 6 216 144 47 47 47 48 48 49 317 317 317 358 358 0
0 0 0 18 146 166 166 224 224 224 179 179 179 218 218 266 292 292 181 181 181 181 354 154 154 124 124 19 19 339 339 271 27 27 281 281 216 216 362 362 285 285 8 8 59 317 317 358 358 358
0 0 0 18 146 146 219 219 215 215 215 215 266 266 266 266 20 292 292 292 181 181 354 60 60 60 124 19 19 27 27 27 27 11 11 281 281 216 362 362 362 285 285 8 59 301 301 358 358 358
0 188 18 18 146 377 377 219 219 262 215 215 266 306 266 266 20 336 336 115 115 396 354 60 60 138 138 138 33 27 27 103 103 11 310 216 216 216 367 367 39 285 285 8 59 301 301 273 273 273
0 188 188 18 146 146 377 377 377 262 262 262 94 306 306 306 20 20 336 115 115 396 396 396 138 138 138 138 33 33 33 103 103 11 310 310 310 216 367 367 39 39 39 190 59 211 211 273 273 0
0 0 188 337 337 337 337 377 36 262 262 383 94 94 94 306 20 20 336 198 198 129 396 396 114 114 114 114 34 398 398 398 398 398 310 319 310 194 194 367 39 39 39 190 59 211 211 273 273 0
159 159 159 159 164 164 337 67 36 36 262 383 383 383 306 306 20 198 198 198 129 129 129 129 161 161 161 161 34 34 210 210 210 319 319 319 201 194 194 155 334 334 190 190 0 0 0 83 83 0
241 241 159 159 164 164 294 67 67 36 203 195 195 314 24 24 361 361 198 198 105 129 129 7 7 375 375 375 375 34 151 151 210 137 201 201 201 155 155 155 334 334 190 190 163 0 0 83 83 0
241 241 241 164 164 164 294 294 67 203 203 195 195 314 24 24 361 361 105 105 105 7 7 7 111 121 121 121 375 375 151 151 210 137 137 137 99 99 155 155 69 69 163 163 163 0 0 0 0 0
241 241 241 196 196 169 169 294 67 364 203 203 314 314 206 24 24 96 104 104 356 356 111 111 111 121 13 13 382 382 321 372 132 132 132 137 99 99 155 155 46 69 178 178 163 0 0 0 0 0
160 160 346 196 196 196 169 169 169 364 364 364 314 314 206 206 206 96 104 104 356 356 102 102 102 101 13 13 382 382 321 372 372 372 132 99 99 41 46 46 46 69 178 178 163 247 247 0 0 0
160 160 346 196 196 366 95 95 95 131 131 131 97 97 97 206 206 96 72 242 242 242 102 102 101 101 351 240 240 321 321 147 147 372 372 99 99 41 46 300 300 55 55 55 55 247 0 0 180 180
160 160 346 346 346 366 366 366 131 131 353 353 78 78 97 206 280 96 72 242 242 242 102 102 101 101 351 351 240 240 240 147 147 261 261 261 41 41 46 300 300 55 82 247 247 247 156 38 38 180
183 350 350 350 350 118 118 366 131 269 353 353 368 78 16 16 280 280 72 72 72 72 102 332 175 175 351 351 119 119 295 147 147 261 261 123 123 123 123 300 300 55 82 82 0 0 156 156 38 180
183 350 350 350 205 118 118 269 269 269 269 368 368 78 78 16 16 280 72 386 386 332 332 332 175 175 351 351 119 119 295 147 147 32 32 220 220 220 220 77 77 55 82 82 0 0 0 156 38 0
183 183 205 205 205 230 230 230 230 158 269 368 197 327 327 327 280 280 320 386 332 332 390 390 390 126 277 277 295 295 295 68 68 32 32 220 220 220 220 77 77 55 82 374 374 0 0 0 0 0
0 183 0 0 0 0 230 230 230 158 158 158 197 327 327 280 280 320 320 386 390 390 390 390 126 126 277 277 277 249 249 68 162 162 81 81 81 289 289 77 57 57 374 374 256 0 0 0 0 0
0 0 0 298 298 265 265 265 9 9 274 274 197 197 327 255 255 320 320 386 386 338 338 338 126 86 277 231 231 231 249 68 162 81 81 176 176 289 289 77 57 395 374 374 256 0 0 0 0 0
0 0 0 298 298 265 265 9 9 9 274 274 274 258 327 255 255 345 345 345 386 338 338 338 86 86 277 231 231 231 249 92 162 2 2 2 176 226 226 226 57 395 374 374 256 256 256 0 0 0
0 0 0 0 71 265 265 9 9 9 258 258 258 258 258 5 244 244 345 345 386 107 130 130 86 86 277 282 282 92 92 92 229 2 229 200 176 226 248 395 395 395 0 0 0 256 0 0 0 0
0 0 0 0 71 56 56 56 31 31 31 79 79 79 79 5 244 244 348 348 107 107 130 130 122 214 214 282 282 309 309 309 229 229 229 200 275 245 248 248 0 0 0 0 0 0 0 66 0 0
0 0 0 0 71 71 150 56 344 31 31 31 5 5 5 5 253 253 348 348 107 107 335 122 122 214 214 282 282 217 217 309 309 229 229 200 275 245 245 248 326 326 399 399 399 0 66 66 168 0
0 0 0 0 150 150 150 177 344 251 251 31 5 5 228 228 253 253 348 348 127 127 335 122 288 288 246 282 225 225 217 309 170 170 200 200 275 245 245 248 248 326 399 399 399 66 66 168 168 0
0 0 0 0 0 177 177 177 344 344 251 251 228 228 228 28 28 28 227 227 127 127 335 193 288 288 246 108 225 225 217 170 170 303 200 275 275 209 133 133 248 326 61 76 76 76 0 168 0 0
0 0 0 0 0 177 177 177 355 328 221 221 228 37 37 28 28 28 227 227 127 127 335 193 207 288 246 108 225 25 25 25 25 303 209 209 209 209 133 133 133 326 61 76 311 311 0 0 0 0
0 157 157 157 189 189 189 189 355 328 328 221 228 37 37 394 28 135 135 227 84 84 23 193 207 142 246 108 108 108 287 287 287 303 209 209 112 112 112 272 272 272 61 61 311 311 0 0 0 0
42 42 98 157 98 189 189 189 355 328 328 221 4 37 37 394 394 135 135 227 84 84 23 193 207 142 142 142 29 29 29 29 287 303 283 283 283 283 112 272 272 106 61 61 106 106 0 0 0 0
42 42 98 98 98 139 139 139 355 22 4 4 4 4 4 394 89 135 135 84 84 23 23 193 207 324 142 142 140 140 296 296 287 287 370 370 283 283 283 272 272 106 106 106 106 0 0 0 0 0
173 173 347 347 307 307 359 139 355 22 22 329 329 329 4 394 89 135 135 84 84 23 152 324 324 324 142 14 140 140 140 296 296 264 264 370 268 35 35 35 35 35 106 0 0 0 0 0 0 0
173 173 347 347 307 307 359 359 359 22 22 329 329 329 299 299 89 89 89 89 152 152 152 380 380 50 50 14 322 322 322 322 322 264 264 370 268 268 167 167 167 167 87 308 308 143 143 143 143 243
173 173 260 260 260 260 136 136 136 22 22 62 62 299 299 299 299 187 187 187 152 152 380 380 380 302 50 14 14 279 172 172 315 202 202 370 370 268 268 87 87 87 87 308 0 239 239 239 0 243
0 0 12 12 54 54 257 257 136 136 136 62 62 284 284 284 299 187 305 187 152 152 376 380 302 302 50 304 279 279 172 172 315 202 202 370 109 109 165 165 87 1 1 308 0 239 0 0 0 243
0 250 250 12 54 257 257 113 113 136 51 373 373 284 284 323 323 187 305 187 376 376 376 380 302 304 304 304 279 279 400 315 315 385 385 357 109 109 165 165 10 1 1 388 0 0 0 0 0 243
0 250 250 12 54 257 113 113 51 51 51 373 373 284 284 323 323 187 305 305 376 376 75 75 75 134 134 134 100 100 400 400 400 400 385 357 357 371 371 10 10 388 388 388 145 0 0 0 0 0
0 0 54 54 54 235 235 235 235 182 26 373 373 373 323 323 323 325 325 17 75 75 75 90 90 134 90 100 100 100 100 363 363 400 385 385 357 371 371 10 10 171 171 171 145 145 0 15 15 0
0 0 397 397 64 64 235 235 235 182 26 373 141 141 323 237 237 325 325 17 75 75 222 222 90 90 90 276 276 393 100 363 363 185 185 385 384 384 384 384 171 171 171 0 0 145 204 15 15 0
397 397 397 64 64 120 182 182 182 182 26 128 141 141 141 237 237 325 325 17 222 222 222 222 291 291 276 276 276 393 185 185 185 185 185 385 191 191 191 352 352 0 0 0 0 145 204 15 15 0
0 0 0 120 120 120 182 182 0 0 26 128 128 128 40 40 53 53 325 17 381 234 234 222 291 291 125 125 393 393 185 0 0 0 0 58 58 58 191 352 352 0 0 0 0 204 204 15 0 0
0 0 0 0 120 120 184 184 184 0 0 128 128 128 40 40 53 53 381 381 381 234 234 291 291 291 125 125 236 236 0 0 0 0 0 0 58 58 58 352 352 0 0 0 0 204 204 392 392 392
0 0 74 0 74 120 184 184 184 0 0 0 0 349 349 349 286 286 0 381 381 391 391 391 391 0 0 236 236 236 236 236 236 0 341 341 58 73 58 352 0 0 259 259 259 204 204 392 392 392
0 0 74 74 74 0 0 0 0 0 0 0 0 349 349 286 286 286 0 0 0 0 391 391 391 0 0 0 365 365 365 365 0 0 341 341 341 73 73 73 0 0 259 259 297 297 297 297 392 392
