50 400 20
90280 1637
52754 1211
52931 1460
91805 1883
50420 1936
66275 1892
87720 1023
71590 1165
97964 1417
98624 1295
85394 1041
55801 1039
71696 1145
50963 1597
91902 1554
59341 1630
60499 1481
64971 1728
94451 1434
65916 1056
96935 1735
59250 1953
58054 1624
59195 1600
84065 1292
97253 1275
59273 1980
54275 1913
71548 1151
88738 1756
85936 1048
85791 1737
97121 1575
76543 1636
65242 1933
66613 1994
95822 1909
66991 1703
75215 1335
67396 1955
61434 1816
65876 1255
51101 1301
76375 1882
73813 1699
59296 1213
53104 1581
99449 1488
67614 1266
58886 1849
62330 1392
81869 1956
51179 1748
97331 1040
57130 1226
61050 1121
89128 1549
63980 1251
63941 1126
81947 1772
64400 1127
79460 1321
63936 1827
54342 1254
87111 1392
88329 1417
66084 1262
79617 1467
88155 1018
63578 1052
73642 1194
75955 1199
96844 1295
62054 1346
63333 1108
61537 1210
52190 1449
51486 1956
71802 1742
78695 1457
86130 1681
67507 1899
84680 1520
65175 1893
54981 1270
84093 1383
56942 1468
51647 1221
80726 1019
87066 1630
50294 1975
92072 1749
70416 1522
51640 1359
67955 1956
90699 1224
72475 1670
81653 1041
50517 1939
95272 1930
72506 1430
89538 1716
58028 1579
59759 1924
52703 1816
77926 1473
54335 1876
79981 1541
64608 1566
81437 1838
68739 1449
99580 1250
51145 1408
60862 1928
69599 1464
51574 1506
58531 1633
90044 1357
93276 1349
52578 1319
88859 1862
89369 1147
78475 1155
89923 1086
78989 1470
79883 1439
66976 1494
69053 1890
61192 1220
54043 1537
85591 1295
68048 1130
74364 1417
61417 1986
77405 1095
82083 1650
99106 1192
65250 1914
90973 1401
73701 1050
68049 1984
77246 1843
50600 1512
50241 1057
95627 1069
96307 1834
72461 1666
95645 1187
66503 1674
63831 1017
85869 1575
63067 1754
72525 1507
69155 1467
82157 1323
60551 1124
85486 1574
74316 1593
80097 1603
72507 1480
63476 1374
94755 1748
57090 1098
56886 1237
64285 1718
50191 1118
83739 1274
81710 1639
74103 1572
90984 1692
56546 1883
64524 1364
77399 1517
89111 1120
56128 1260
62343 1944
94050 1019
64480 1848
90796 1779
74601 1181
60455 1920
92501 1280
54436 1703
86736 1794
71381 1122
96830 1603
64643 1482
55135 1608
71621 1892
50819 1095
89527 1569
78188 1917
60169 1206
98577 1196
55604 1002
90930 1451
77291 1601
97520 1294
88980 1007
72971 1169
79078 1291
89478 1060
65007 1759
64463 1202
90681 1378
94121 1344
69308 1507
76023 1720
82097 1134
76752 1503
81312 1999
61076 1990
74336 1184
58804 1751
54005 1014
74506 1206
54799 1937
80390 1954
90607 1694
54817 1271
54670 1236
84390 1907
87439 1747
94311 1062
83005 1209
73292 1816
77128 1986
63136 1924
54035 1000
99340 1556
55040 1611
54467 1475
95697 1713
72719 1053
99053 1297
61594 1490
72289 1550
90539 1831
72613 1175
68723 1042
76598 1946
96109 1559
99158 1817
78504 1677
68205 1045
74530 1889
90161 1817
58698 1155
90192 1252
74798 1957
74766 1731
88290 1616
92131 1125
69312 1142
59925 1103
95273 1973
85347 1490
68549 1530
95353 1944
79083 1647
56758 1495
97791 1829
68088 1093
79896 1594
58502 1205
90036 1439
86266 1910
85137 1200
67890 1427
51384 1263
93452 1851
54540 1530
89514 1648
91689 1416
73942 1044
78323 1306
53955 1028
73112 1229
68313 1247
57664 1378
63474 1307
54123 1617
84770 1788
75296 1840
95706 1992
71318 1178
65987 1058
51546 1501
61174 1538
96103 1439
51813 1288
57263 1218
93200 1958
89653 1764
68869 1202
79873 1904
96188 1474
59538 1671
88831 1258
64312 1062
69333 1792
71718 1486
98699 1647
90280 1001
60850 1561
91138 2000
50103 1147
80379 1945
67058 1342
94945 1285
92480 1573
77214 1490
54250 1983
51628 1093
56135 1629
53843 1589
52666 1859
70023 1154
54885 1297
86886 1852
82069 1964
73423 1736
57705 1477
82436 1074
85223 1465
82296 1770
52373 1841
89027 1606
94899 1419
74645 1130
63872 1591
80165 1203
86455 1745
84401 1240
80047 1062
78899 1553
62481 1586
93953 1349
74775 1192
54338 1881
53535 1405
85123 1983
59762 1632
88786 1073
77590 1689
73239 1354
53304 1667
77438 1683
63303 1316
70425 1210
75488 1722
61671 1610
94525 1236
71442 1043
63565 1196
77762 1264
81459 1451
98898 1066
96704 1252
90249 1760
78377 1391
68788 1689
78055 1958
70591 1958
73248 1532
71761 1978
98501 1450
67295 1897
74144 1001
92776 1816
70821 1188
82140 1211
58051 1208
55527 1097
69957 1553
80043 1057
68247 1197
74219 1815
50634 1073
94976 1772
72894 1419
59611 1728
82436 1293
60429 1653
57626 1443
79483 1555
59909 1055
61660 1252
88443 1358
62141 1784
55776 1437
73491 1610
68549 1790
67459 1358
64226 1045
61201 1102
83295 1491
64633 1489
82317 1172
73936 1801
0 0 0 0 0 0 0 0 0 0 164 164 211 211 0 0 0 0 0 68 68 68 227 227 227 227 227 196 196 321 321 321 321 321 0 0 0 0 0 0 0 0 0 0 0 0 0 32 32 0
0 0 0 0 0 0 0 0 0 0 164 164 330 211 211 0 0 0 6 68 133 133 133 359 359 153 153 196 196 51 51 51 0 0 0 0 0 0 0 0 0 0 0 0 0 0 0 32 32 0
177 177 0 0 0 0 0 0 0 215 330 330 330 211 54 0 0 6 6 6 133 133 133 359 359 153 153 153 153 51 51 51 0 0 0 0 202 0 0 0 0 0 121 0 0 241 241 241 241 0
177 177 136 0 0 246 246 246 215 215 394 394 330 211 54 243 0 0 0 6 6 200 133 200 200 40 327 327 327 51 257 384 384 384 202 202 202 202 202 0 0 121 121 0 0 241 241 241 0 0
269 136 136 136 136 136 246 246 215 261 394 394 289 289 54 243 243 243 0 0 0 200 200 200 388 40 40 327 327 355 257 384 384 384 202 202 131 131 157 0 0 121 121 244 244 244 244 0 0 262
269 56 56 312 312 312 109 109 261 261 394 289 289 54 54 243 102 102 102 0 0 200 35 388 388 388 40 95 355 355 257 257 94 94 94 131 131 157 157 0 0 0 0 0 244 244 244 0 0 262
269 56 56 312 109 109 109 63 261 261 394 206 54 54 118 118 372 372 102 0 0 35 35 388 388 388 95 95 355 355 197 197 94 94 79 131 131 157 36 84 354 354 142 142 7 7 7 0 262 262
269 56 56 112 63 63 63 63 261 206 206 206 206 16 118 118 372 284 0 0 0 35 166 271 271 271 95 332 332 332 197 197 94 79 79 216 216 36 36 84 354 354 142 142 7 163 163 31 31 31
269 112 112 112 63 63 226 226 226 226 226 206 206 16 16 118 372 284 284 284 155 155 166 271 271 299 154 332 332 124 124 124 94 79 216 216 210 36 36 84 84 297 297 142 263 263 163 163 31 31
238 238 75 112 123 375 209 209 209 209 148 230 230 230 16 118 372 372 155 155 155 155 166 299 299 299 154 100 100 124 124 391 266 266 216 235 210 36 29 29 29 297 142 142 263 263 263 89 89 120
0 238 75 112 123 375 375 375 43 43 148 148 148 230 230 80 80 372 151 190 190 190 166 154 154 154 154 100 100 100 391 391 266 304 216 235 210 36 29 275 275 297 239 239 145 145 293 89 89 120
0 238 75 112 123 123 375 43 43 38 38 258 258 258 258 80 151 372 151 190 10 10 10 154 154 302 302 302 100 391 391 391 266 304 304 235 210 210 29 275 275 297 239 239 145 145 293 293 120 120
0 0 75 208 208 208 43 43 282 282 38 38 38 80 80 80 151 151 151 337 10 10 350 350 320 228 228 302 397 397 397 397 304 304 304 235 210 311 334 334 334 334 315 315 145 145 172 293 120 120
0 201 378 208 208 91 282 282 282 389 389 38 38 80 80 390 390 337 337 337 203 203 350 350 320 228 228 228 228 328 392 392 304 304 39 39 311 311 173 334 334 334 315 315 145 145 172 356 356 0
201 201 378 0 91 91 282 386 386 386 389 389 389 256 256 390 390 105 337 337 203 203 207 207 320 228 30 30 30 328 392 240 240 39 39 39 311 173 173 173 173 173 315 315 172 172 172 356 0 0
201 378 378 0 91 28 28 57 57 57 57 55 55 256 256 25 25 105 337 337 74 74 207 320 320 228 30 30 30 328 392 368 240 240 240 87 87 126 126 126 126 126 225 225 217 115 115 356 0 0
378 378 378 0 0 0 28 28 366 366 57 55 55 256 256 25 25 105 74 74 74 159 207 18 111 111 111 184 310 328 368 368 368 132 132 189 87 149 149 65 65 179 225 225 217 115 115 0 0 108
0 0 0 0 0 0 338 366 366 191 191 191 128 128 256 288 288 105 74 74 371 159 18 18 111 184 184 184 310 328 264 264 368 132 132 189 87 149 149 65 65 179 179 179 217 86 86 86 325 108
0 0 0 0 0 338 338 1 1 1 191 191 128 128 128 288 288 105 371 371 371 159 18 313 313 23 23 184 310 310 264 264 273 265 189 189 87 137 137 137 345 179 179 217 217 86 325 325 325 108
0 0 0 0 0 0 338 1 138 98 98 98 113 113 113 113 113 221 221 221 221 159 159 313 313 194 23 23 310 310 59 59 273 265 176 176 87 87 137 137 345 179 352 217 217 4 4 325 325 108
0 0 0 0 0 0 338 338 138 138 138 98 98 287 287 287 113 165 165 165 165 165 159 194 194 194 194 88 364 364 59 59 273 265 265 176 176 336 336 345 345 179 352 352 352 4 4 376 376 108
0 0 283 283 283 72 72 277 138 308 98 98 347 76 76 287 113 274 274 274 274 274 90 90 194 88 88 88 364 364 59 59 273 265 365 365 295 295 336 96 14 12 12 47 47 4 376 376 0 0
0 0 283 283 283 72 72 277 277 308 308 308 347 347 76 76 76 274 274 44 44 301 301 90 194 383 383 237 237 237 59 59 365 365 365 295 295 336 336 96 14 12 2 2 47 0 0 0 0 0
0 0 0 0 72 72 72 277 277 13 13 347 347 347 76 76 76 92 92 44 44 301 90 90 383 383 237 237 237 237 346 346 365 365 365 385 96 96 96 96 14 12 2 2 47 0 0 223 223 0
0 0 0 0 72 174 174 277 277 13 13 347 9 9 9 9 9 67 92 92 92 301 141 141 141 141 395 204 204 204 346 346 236 385 385 385 377 357 357 96 14 12 2 2 0 0 0 223 223 0
0 168 0 0 0 174 174 351 351 351 169 169 169 169 231 231 231 67 187 324 324 324 268 268 395 395 395 48 48 204 363 236 236 236 236 236 377 377 357 357 14 0 0 0 0 69 69 223 223 0
168 168 0 0 0 174 343 351 351 351 351 307 307 231 231 146 231 67 187 183 324 324 268 268 395 395 395 395 48 363 363 193 193 300 300 33 33 377 339 339 129 255 0 255 255 69 69 223 223 387
168 168 335 174 174 174 343 398 286 286 286 286 307 146 146 146 187 187 187 183 324 324 324 268 185 185 185 48 48 363 363 193 193 300 33 33 33 377 339 339 129 255 255 255 255 340 340 340 340 387
168 168 335 335 335 343 343 398 178 178 178 307 307 307 122 122 97 97 97 183 183 186 27 268 185 185 185 48 48 360 360 360 300 300 33 170 33 377 144 144 129 129 129 150 150 340 248 248 340 387
53 53 160 160 335 343 398 398 178 178 178 281 281 77 122 122 97 97 250 250 250 186 27 27 27 400 400 400 400 400 17 360 360 195 170 170 170 144 144 259 259 129 150 150 248 248 248 158 158 387
53 53 160 220 220 220 229 252 252 252 252 281 281 77 77 270 270 130 130 250 250 186 186 27 212 212 212 331 17 17 17 360 360 195 306 306 170 249 50 259 259 129 150 150 369 369 353 158 158 107
0 0 160 220 220 220 229 229 229 252 252 281 281 281 77 270 270 130 130 393 250 186 393 27 212 212 212 331 331 17 17 41 41 195 195 306 306 249 50 50 50 127 127 127 369 353 353 158 107 107
0 71 71 71 71 71 180 180 192 192 245 245 245 281 78 78 78 393 393 393 393 393 393 27 114 114 212 331 331 198 344 344 41 41 5 5 249 249 50 50 50 127 127 127 369 353 260 260 107 107
0 0 0 323 323 323 323 180 192 245 245 370 370 370 78 214 214 26 26 298 298 298 298 114 114 114 212 331 331 198 344 344 344 41 5 5 322 322 322 322 349 399 399 127 369 369 260 260 0 0
0 0 0 323 0 0 0 180 192 192 188 341 341 370 279 214 214 26 26 396 396 348 348 114 37 114 114 110 110 198 344 344 344 41 5 5 83 83 322 322 349 103 399 399 399 103 156 156 0 0
0 0 0 0 0 0 21 58 192 192 188 341 341 341 279 181 214 214 82 396 396 348 37 37 37 251 251 110 110 198 342 135 135 41 5 5 83 83 106 106 349 103 103 103 103 103 156 156 46 46
0 0 0 0 0 21 21 58 58 58 188 188 24 254 279 181 181 181 82 396 348 348 348 104 104 251 251 251 198 198 342 342 135 294 294 143 19 19 285 106 349 0 0 0 103 0 156 156 46 46
0 290 290 42 0 21 42 58 58 314 314 188 24 254 279 305 305 181 82 82 379 379 379 116 104 104 60 60 198 362 20 342 135 294 143 143 19 19 285 106 61 0 0 0 0 0 0 0 0 0
0 290 290 42 42 42 42 58 58 333 314 24 24 254 381 381 305 305 305 82 379 379 167 116 116 116 116 60 60 362 20 101 101 294 143 143 285 285 285 106 61 61 0 0 0 0 0 0 0 0
0 0 0 162 162 52 52 152 152 333 314 24 24 254 381 140 140 305 305 82 167 167 167 117 117 116 318 317 317 362 20 101 101 292 292 292 285 285 285 106 61 61 93 93 0 0 0 0 0 0
0 0 162 162 81 52 52 152 152 333 333 24 24 381 381 182 140 140 15 82 167 167 167 117 117 85 318 317 317 362 20 101 101 205 205 292 309 309 309 0 0 61 93 93 0 0 0 0 0 0
247 247 247 81 81 66 73 73 73 73 333 333 49 49 182 182 175 15 15 382 382 276 276 253 253 85 318 318 318 362 20 20 70 205 205 309 309 309 374 374 0 61 0 0 0 0 224 224 224 0
247 247 247 81 134 66 66 66 358 358 11 333 49 8 182 182 175 15 15 382 382 276 276 253 253 85 85 318 213 213 70 70 70 64 280 280 374 374 374 296 0 0 0 0 119 119 224 224 224 0
0 0 134 134 134 66 99 66 358 358 11 333 49 8 8 182 175 0 0 382 361 276 276 278 278 367 367 62 213 213 70 70 64 64 280 280 374 374 374 296 0 0 0 0 119 119 224 0 0 0
0 0 134 134 134 161 99 99 99 99 11 234 291 291 8 182 175 0 0 382 361 303 303 278 278 367 0 62 62 70 70 64 64 45 45 45 267 267 267 296 296 3 3 0 0 0 224 0 0 373
22 22 134 161 161 161 161 99 99 99 11 234 291 291 8 8 0 0 0 361 361 303 303 222 222 367 0 62 62 233 171 64 64 45 45 0 0 267 267 380 380 3 232 0 0 0 373 373 373 373
218 22 22 161 319 319 319 0 0 0 0 234 234 0 0 0 0 0 0 361 0 222 222 222 139 139 0 233 233 233 171 171 171 0 0 0 0 0 380 380 3 3 232 0 0 242 242 373 125 125
218 0 0 0 319 0 0 0 0 0 0 0 234 0 0 0 0 0 361 361 0 34 34 199 139 139 0 0 316 316 171 171 171 171 219 219 0 0 0 0 0 326 232 232 232 242 0 0 125 125
218 218 218 0 0 0 0 0 0 0 0 147 147 0 0 0 0 0 0 0 0 34 34 199 0 0 0 0 0 316 0 0 0 0 219 219 219 219 0 0 0 326 326 232 232 242 0 0 272 272
0 0 0 0 0 0 0 0 0 0 0 147 147 0 0 0 0 0 0 0 0 199 199 199 0 0 0 0 0 316 0 0 0 0 0 0 219 219 0 0 0 326 326 329 329 329 329 0 272 272
