50 400 20
94770 1554
57682 1451
68703 1401
78579 1722
86458 1937
59394 1916
86609 1815
66952 1232
50212 1917
83738 1437
97282 1549
51433 1781
96320 1181
91613 1290
96337 1159
84641 1873
56451 1071
79447 1286
81231 1047
84348 1464
69551 1322
73980 1365
80358 1889
98909 1088
50475 1896
60621 1381
67166 1413
75712 1262
54854 1276
78808 1618
70227 1701
90028 1327
52741 1314
70906 1758
99137 1971
85802 1737
52449 1165
58149 1014
55352 1826
76533 1803
87284 1157
80476 1990
69389 1295
51632 1537
75152 1516
90829 1602
99146 1130
84294 1198
55721 1424
81064 1441
66960 1236
51157 1106
52750 1583
73817 1086
71163 1779
83408 1328
72774 1293
95970 1683
84790 1607
57820 1151
64070 1203
91069 1016
86092 1239
51970 1031
69055 1769
81788 1426
66462 1309
77200 1361
92613 1307
95004 1022
86413 1142
70757 1150
66211 1806
85445 1037
88450 1629
93331 1407
95939 1583
72617 1612
93264 1020
85969 1054
67355 1906
74426 1817
85480 1207
95338 1047
62882 1119
97003 1303
99019 1046
77198 1145
70697 1578
59365 1624
59127 1180
78224 1121
50243 1195
87231 1701
53495 1827
97495 1666
57005 1837
68975 1410
50741 1179
71286 1820
58298 1122
88299 1489
53080 1740
55038 1568
54821 1924
53499 1641
92017 1740
77286 1654
90728 1213
82300 1103
57951 1414
74223 1507
69277 1738
77645 1534
73018 1083
94230 1770
54500 1935
60312 1904
86344 1613
78801 1272
81154 1981
68828 1541
98733 1547
73416 1006
74246 1043
69326 1282
72344 1881
77731 1576
50310 1402
90990 1544
69866 1532
62702 1864
81294 1126
94561 1981
73741 1054
99718 1241
75546 1367
85889 1085
96378 1114
78296 1274
70682 1571
76776 1921
73365 1162
75141 1782
58686 1907
63511 1656
87329 1547
66168 1378
66134 1345
75534 1765
57082 1382
95102 1011
69938 1943
76617 1583
90134 1707
81332 1080
62849 1731
52427 1042
67872 1985
86283 1709
63964 1404
58319 1845
54772 1224
53094 1905
97020 1654
77573 1624
87778 1245
65067 1082
80679 1469
86198 1214
80055 1659
69614 1263
82577 1918
72416 1897
90910 1277
88924 1952
81089 1247
50707 1743
90977 1649
93341 1637
91352 1255
94499 1910
52926 1292
95885 1926
77390 1651
72734 1817
80366 1789
62787 1532
94573 1925
54984 1027
72404 1395
92502 1692
57469 1341
55771 1277
68860 1964
52280 1031
52426 1053
73820 1471
87027 1508
90735 1519
91286 1491
75621 1617
50879 1665
56854 1564
63045 1233
64403 1025
71747 1106
73776 1598
58339 1112
79716 1880
87070 1947
73454 1687
93277 1914
88399 1185
96904 1344
83220 1472
87726 1018
55722 1594
50176 1685
87876 1753
76554 1840
61590 1447
86292 1826
65386 1157
82964 1066
90101 1080
80504 1995
79631 1832
50799 1495
55949 1555
91754 1933
59978 1273
94780 1075
77731 1847
65107 1196
98917 1345
57572 1639
56968 1086
64357 1581
52050 1520
59458 1397
99550 1935
95390 1927
87705 1692
82006 1771
81860 1126
55667 1229
78143 1462
60666 1989
53508 1695
74453 1568
75879 1946
64452 1617
62989 1144
78901 1105
89489 1371
95318 1203
89502 1795
90071 1100
94993 1205
97816 1686
67503 1262
78076 1479
76352 1122
95093 1578
74289 1908
76410 1546
54181 1254
74469 1272
76776 1985
57660 1999
81249 1344
99898 1256
78849 1242
91561 1718
66818 1177
96418 1185
54834 1731
75542 1443
83782 1149
58049 1137
54533 1834
82618 1420
88091 1200
98719 1772
54805 1265
89769 1216
65935 1600
90737 1353
53231 1891
95690 1990
93040 1462
53563 1273
59797 1464
64248 1568
70139 1520
96115 1514
88812 1809
87140 1935
74638 1696
91349 1281
63317 1019
70561 1775
68024 1808
77905 1694
73272 1762
96677 1296
99317 1085
91082 1378
82644 1289
64396 1433
68541 1735
84011 1111
82210 1836
68651 1283
89422 1342
90732 1988
63172 1798
81172 1421
87309 1787
75427 1014
98061 1795
81040 1725
99600 1106
61467 1375
78969 1506
68734 1240
53909 1890
78427 1626
60966 1911
96745 1545
54397 1065
56857 1344
88923 1655
80820 1030
58796 1853
53804 1134
74153 1159
94369 1579
67775 1802
81214 1651
99359 1929
85755 1825
76503 1257
71247 1533
82117 1836
71207 1814
93916 1282
85033 1415
81155 1420
55357 1096
88553 1336
55484 1218
65822 1773
87928 1268
62756 1280
78501 1528
82852 1559
91800 1299
55010 1972
99517 1467
61634 1982
78481 1787
53489 1461
60701 1642
93565 1108
93927 1614
58431 1300
51010 1807
61165 1895
82331 1219
78032 1545
87466 1497
93805 1515
85752 1790
53266 1013
51072 1092
65959 1786
54928 1305
70178 1349
50977 1750
50474 1864
64268 1805
75730 1962
62495 1033
85377 1233
54561 1074
70478 1260
75928 1194
56211 1318
71908 1702
67928 1350
89739 1249
76247 1463
88710 1872
72829 1723
88294 1454
76496 1560
97412 1062
90006 1930
0 0 0 0 0 0 0 0 0 0 366 0 0 83 83 83 241 241 0 0 0 237 237 237 0 115 115 115 115 115 115 0 0 92 92 92 70 70 263 263 263 263 263 376 376 306 199 281 281 281
0 0 0 0 0 0 0 275 0 0 366 366 0 83 83 83 241 241 0 0 0 0 237 237 0 115 360 360 0 0 0 0 0 0 0 70 70 70 0 230 230 230 263 376 376 306 199 281 281 281
0 0 0 0 0 0 0 275 275 275 366 366 0 284 284 0 0 0 0 0 0 0 271 271 0 360 360 360 0 0 0 0 0 0 0 0 0 0 0 329 230 230 263 306 306 306 199 199 281 385
0 0 0 0 34 34 0 275 275 275 366 366 0 284 284 0 0 0 381 381 381 381 271 271 0 28 28 28 30 30 300 2 2 0 0 0 319 319 319 329 176 176 112 306 13 13 290 152 152 385
0 0 0 0 34 34 0 275 183 183 0 0 0 0 21 21 0 0 381 381 381 381 271 271 0 28 373 30 30 30 300 2 2 204 204 204 319 143 329 329 176 176 112 112 13 13 290 152 152 385
0 0 0 0 62 62 0 0 183 183 274 274 274 274 21 21 21 0 287 287 287 214 271 271 0 28 373 30 30 30 300 378 378 204 204 204 143 143 143 0 0 176 176 112 13 13 290 290 0 385
0 0 260 260 62 62 0 0 0 0 17 17 274 274 21 50 0 0 130 130 287 214 278 278 28 28 373 203 203 300 300 378 378 204 167 167 143 143 143 0 0 0 0 112 13 0 0 0 0 385
0 0 260 260 62 62 0 0 0 0 17 17 274 274 21 50 0 384 130 130 130 214 278 276 276 276 373 203 203 261 261 261 378 88 88 167 167 121 121 121 363 0 0 0 0 0 0 0 0 0
340 340 75 75 368 368 368 57 0 0 0 0 0 27 50 50 0 384 384 315 315 214 278 276 91 328 328 328 328 261 4 4 88 88 88 88 292 238 363 121 363 363 0 369 369 0 0 0 0 0
340 340 75 75 368 368 57 57 1 1 0 0 286 27 27 27 27 27 315 315 242 242 242 242 91 328 347 347 244 244 4 4 116 116 116 292 292 238 363 363 363 305 305 369 369 0 0 0 0 0
0 0 0 368 368 368 57 57 1 1 0 0 286 286 286 89 89 27 315 90 90 242 242 242 91 91 347 347 244 5 5 5 116 264 264 292 292 238 238 238 233 305 305 106 369 0 0 0 80 80
0 0 46 46 95 47 47 47 47 282 395 395 395 221 221 221 89 82 82 90 44 44 201 201 201 280 280 244 244 379 134 5 5 264 264 292 292 362 362 362 233 233 106 106 369 0 42 382 80 80
46 46 46 46 95 95 47 47 282 282 87 395 395 221 221 221 89 82 7 90 44 44 201 201 149 280 280 244 244 379 134 134 5 293 56 56 362 362 52 52 233 233 106 42 42 42 42 382 382 382
0 46 46 95 95 95 265 47 282 282 87 87 87 221 221 108 89 82 7 7 7 44 211 201 149 149 149 149 244 379 311 134 134 293 56 56 362 52 52 48 48 361 361 361 361 239 42 382 382 382
0 0 0 0 345 345 265 265 265 282 343 87 254 254 108 108 108 98 370 370 370 44 211 211 211 171 171 86 86 379 311 134 134 293 293 293 362 52 52 48 48 304 217 217 189 239 239 308 308 0
0 0 0 0 345 345 352 177 177 343 343 87 254 254 108 84 84 98 98 98 370 44 32 211 211 171 171 104 86 86 311 255 255 131 131 131 154 52 154 357 304 304 217 217 189 239 239 308 308 0
0 0 0 317 352 352 352 177 177 343 343 170 170 257 84 84 98 98 165 223 223 32 32 32 32 212 212 104 333 258 311 311 255 131 131 131 154 154 154 357 357 304 217 217 189 189 308 308 308 0
0 0 0 317 352 352 352 177 177 177 170 170 257 257 299 299 98 165 165 165 223 356 356 356 356 212 104 104 333 258 311 126 255 131 131 154 154 154 357 357 357 304 217 59 189 189 0 0 0 0
43 0 317 317 105 97 352 273 273 273 170 170 170 257 257 299 98 393 393 165 223 364 364 364 364 212 104 333 333 258 258 126 255 144 144 144 144 20 20 307 307 59 59 59 321 0 0 0 0 0
43 43 43 43 105 97 97 97 97 273 113 113 170 257 113 299 398 393 393 208 184 184 184 364 364 374 374 258 258 258 258 126 144 144 64 64 20 20 20 191 307 307 321 321 321 0 0 0 0 0
0 0 195 43 105 97 252 102 97 273 49 113 113 113 113 398 398 71 71 208 184 184 206 206 206 374 374 194 194 194 194 126 310 310 64 64 226 226 226 191 359 359 359 359 359 0 0 109 109 109
0 0 195 43 105 97 252 102 146 146 49 49 49 45 45 398 71 71 71 208 184 253 253 206 206 270 270 270 270 142 142 142 142 310 174 174 174 335 226 191 191 302 312 312 312 0 0 0 41 109
195 195 195 168 168 252 252 102 102 146 81 23 23 45 45 398 398 398 398 208 387 387 253 74 74 372 372 243 243 243 142 310 310 310 218 174 174 335 335 302 302 302 312 107 111 111 111 111 41 41
94 94 195 58 168 313 313 313 313 146 81 23 23 45 45 232 232 232 164 164 387 387 253 74 74 372 245 245 245 243 142 348 310 310 218 174 174 210 335 335 302 302 107 107 279 161 161 161 231 41
94 94 58 58 168 73 249 249 313 146 81 23 23 23 45 232 232 232 164 330 330 330 74 74 74 372 245 245 245 51 51 348 156 156 218 218 358 210 210 380 288 302 107 107 279 161 231 231 231 231
220 220 58 58 73 73 228 249 249 146 81 185 185 35 159 159 159 159 164 330 330 147 147 147 135 135 135 135 245 51 348 348 156 156 156 218 358 358 210 380 288 288 288 331 279 161 231 248 309 309
220 220 220 220 73 73 228 272 272 272 272 101 185 35 35 35 159 159 164 181 181 147 65 65 351 351 351 186 51 51 202 202 132 132 132 132 358 358 210 380 380 99 331 331 279 279 279 248 248 309
0 0 0 246 246 246 228 228 228 224 224 101 185 185 222 222 267 267 267 267 181 181 65 65 351 351 316 186 186 202 202 227 227 227 353 353 353 353 210 210 99 99 331 331 331 138 248 248 36 309
0 0 0 246 246 246 228 228 389 224 128 101 101 222 222 222 222 267 267 267 33 33 33 33 33 351 316 316 186 339 76 76 227 227 247 247 295 294 294 210 99 37 301 138 138 138 14 14 36 36
0 0 240 240 145 145 18 18 389 224 128 394 394 394 394 222 222 267 151 151 235 235 127 33 33 336 336 316 339 339 76 76 133 133 247 247 295 294 294 37 37 37 301 301 392 392 14 14 0 36
0 0 240 240 145 145 18 18 389 128 128 314 314 394 394 318 318 318 151 151 235 235 127 33 225 336 336 336 339 339 207 207 133 133 295 295 295 294 294 294 37 37 301 301 392 213 0 0 0 36
0 0 0 0 0 18 18 18 389 251 251 314 314 314 394 318 125 125 78 78 78 78 127 127 225 336 336 336 175 175 207 207 157 157 77 77 200 294 200 79 209 209 166 166 392 213 0 0 141 141
0 0 0 197 197 197 367 367 367 367 251 314 314 314 24 318 125 125 125 78 78 78 375 182 225 250 250 250 175 175 175 175 157 157 77 77 200 200 200 79 209 209 166 166 213 213 0 0 141 141
0 197 197 197 197 197 29 29 322 367 251 198 198 198 24 125 125 397 397 163 163 375 375 182 225 31 31 250 11 11 296 296 55 55 55 77 77 323 79 79 342 61 61 0 0 0 0 0 0 0
0 0 60 262 29 29 29 29 322 322 322 198 198 198 24 24 150 397 397 163 163 375 375 182 31 31 31 85 11 11 296 296 55 55 55 77 77 323 323 323 342 61 61 61 0 0 0 0 0 25
0 60 60 262 262 29 29 53 53 349 349 349 349 198 198 24 150 150 150 66 66 66 182 182 182 31 31 85 162 162 354 354 354 354 326 326 390 390 323 342 342 61 61 0 0 0 0 0 0 25
60 60 262 262 396 396 396 53 53 349 349 173 173 383 383 54 54 291 291 66 266 266 124 124 118 155 155 85 162 162 344 344 205 205 326 326 390 390 390 342 338 0 0 0 0 0 0 169 169 25
60 8 8 8 341 341 396 68 68 68 346 173 173 383 383 39 54 54 291 266 266 266 124 124 118 155 155 85 85 236 344 205 205 205 179 179 390 390 192 192 338 338 338 338 129 129 0 169 169 25
0 0 0 8 341 341 341 68 68 68 346 346 346 39 39 39 0 0 291 266 266 266 388 388 118 148 155 155 85 236 344 344 205 205 179 179 399 399 192 192 338 19 19 19 129 129 63 63 9 9
0 93 93 122 122 122 371 371 68 68 160 100 346 140 140 0 0 0 324 324 324 320 320 388 118 148 148 155 190 236 391 391 205 216 216 216 399 399 234 234 234 19 19 19 19 63 63 0 9 9
0 137 93 93 122 371 371 371 160 160 160 100 96 140 140 0 0 0 0 0 324 320 320 388 148 148 148 187 190 236 365 391 391 216 216 216 16 234 234 289 285 285 19 400 400 400 0 0 0 9
137 137 26 26 122 3 371 337 337 337 160 100 96 119 119 119 0 0 0 0 324 297 297 388 388 187 187 187 190 190 365 391 391 216 16 16 16 234 234 289 285 285 400 400 103 0 0 0 0 9
137 137 26 26 122 3 3 337 337 337 350 100 96 119 178 0 0 0 0 0 324 297 297 388 277 277 277 158 158 158 365 283 283 216 269 269 16 289 289 289 38 38 334 103 103 103 0 0 0 0
0 0 0 26 3 3 3 110 337 337 350 100 96 120 178 0 69 69 0 0 0 0 0 215 215 277 277 277 158 158 365 283 283 269 269 10 10 10 10 10 10 38 334 103 103 103 219 219 219 0
0 0 0 26 26 3 3 110 110 350 350 120 120 120 178 69 69 69 69 0 0 0 0 215 215 15 15 15 15 114 114 114 0 0 327 327 355 355 355 355 268 38 334 334 103 117 117 117 219 0
0 0 0 0 0 298 298 298 110 40 40 40 178 178 178 12 12 12 0 0 0 377 377 139 139 139 15 6 6 114 114 0 0 327 327 327 355 355 355 268 268 153 153 153 153 325 325 117 219 0
0 0 332 332 0 298 0 0 0 40 0 0 386 386 386 386 0 12 0 0 0 377 377 139 67 67 136 6 6 0 0 0 0 0 327 327 172 259 355 268 72 72 153 153 153 325 325 117 219 0
193 193 22 332 332 298 0 0 0 0 0 0 0 180 180 180 0 0 0 0 0 377 188 188 67 67 136 136 303 303 303 303 0 0 0 172 172 259 259 268 72 72 153 256 256 256 0 0 0 0
193 193 22 22 0 0 0 0 0 0 0 0 180 180 180 0 0 0 0 0 0 377 188 188 67 67 136 136 303 303 303 303 0 0 0 172 259 259 123 123 0 0 0 0 256 256 0 0 0 0
193 22 22 22 22 0 0 0 0 0 0 0 0 0 0 0 0 0 0 0 0 0 0 0 0 229 229 229 229 229 229 229 0 0 196 196 196 196 123 123 0 0 0 0 0 0 0 0 0 0
