50 400 20
78130 1825
97627 1163
74997 1217
97019 1973
97106 1330
85899 1845
66866 1163
80481 1493
98725 1755
94782 1277
87474 1533
62688 1907
71206 1151
97895 1667
61467 1841
56621 1912
52352 1827
52620 1692
75654 1451
83349 1100
74969 1324
64342 1477
90929 1752
74594 1035
84549 1774
87737 1398
98122 1038
95556 1241
67714 1028
69778 1721
84057 1771
77775 1356
98399 1303
81862 1101
80377 1547
60999 1050
59668 1567
84056 1807
99531 1858
65721 1937
76645 1871
90055 1621
94182 1447
90171 1584
70460 1268
50776 1376
59406 1035
56150 1540
55388 1419
82665 1707
58368 1318
62832 1038
69661 1959
50345 1982
74962 1456
72868 1823
96834 1541
53411 1480
58327 1964
61301 1519
58467 1458
85129 1568
65260 1839
60707 1992
75535 1690
88662 1687
71470 1897
84850 1724
66901 1228
60173 1727
64935 1835
57740 1278
97069 1438
64375 1683
59797 1187
99015 1621
64396 1920
65197 1542
84484 1574
74421 1196
87938 1604
87341 1000
80878 1534
89895 1553
62965 1037
71454 1750
74757 1829
66709 1211
68123 1281
73724 1892
89630 1977
89201 1771
63684 1047
87540 1086
81303 1386
87075 1724
81753 1407
84374 1081
56835 1089
88091 1134
66169 1232
60291 1704
77161 1239
62962 1115
51934 1381
75689 1506
89551 1951
73977 1029
76584 1257
89665 1091
92157 1302
75405 1763
88725 1954
80711 1156
71918 1650
82420 1921
96469 1725
69407 1327
57014 1376
98333 1473
72169 1494
69145 1666
71355 1699
62385 1992
60818 1324
70908 1999
66350 1483
89037 1599
71337 1640
86675 1954
71460 1483
67825 1428
81617 1604
57546 1068
94707 1100
69768 1167
54690 1608
81963 1071
50314 1606
65857 1794
58431 1804
75112 1149
60047 1196
97122 1672
89329 1847
98258 1832
89444 1787
70942 1689
92167 1621
70286 1531
77091 1281
98521 1586
91707 1737
82719 1316
71570 1813
79241 1966
78911 1921
59171 1312
51410 1664
87909 1718
77243 1959
68726 1488
84810 1805
85017 1143
93034 1354
96265 1629
73600 1564
84581 1396
57762 1827
89155 1852
74673 1384
95798 1653
50143 1822
82843 1708
64240 1966
90574 1253
50195 1542
56849 1609
76363 1745
81160 1618
84797 1529
57092 1725
81545 1345
84147 1488
73246 1914
55319 1412
51902 1120
83493 1230
58302 1173
52645 1859
70355 1390
89091 1732
96237 1381
82465 1826
97582 1600
74486 1386
66951 1728
93113 1754
61175 1208
75621 1938
94781 1505
94028 1722
55821 1770
66043 1770
97486 1228
77164 1710
63777 1295
84589 1914
50757 1751
78752 1197
67533 1668
81928 1841
89409 1212
64591 1364
92756 1152
97193 1932
72236 1728
55538 1142
70299 1382
99061 1535
87010 1797
59154 1824
93268 1312
87171 1093
77710 1010
76777 1916
72791 1287
51683 1802
76122 1160
76573 1389
81008 1866
81952 1334
65099 1412
90912 1838
70758 1239
90780 1485
77551 1194
61671 1840
54376 1465
63323 1666
82933 1684
52944 1627
83036 1248
55088 1834
91919 1201
69829 1760
82568 1018
80940 1466
77654 1937
61739 1382
53108 1318
72412 1760
52721 1740
64239 1011
80496 1401
65693 1957
78709 1847
73968 1154
94804 1486
54371 1597
88049 1223
62864 1781
51135 1715
98416 1606
82724 1037
88523 1146
96307 1044
66381 1689
64026 1268
61967 1504
94978 1740
68186 1005
72096 1643
75368 1396
88127 1699
80593 1094
93445 1900
99083 1933
71951 1471
72364 1449
73059 1162
85635 1584
68308 1575
68120 1871
68487 1134
65718 1395
83334 1231
53240 1473
72179 1393
52428 1339
81486 1174
91327 1253
99605 1949
60147 1059
87035 1309
82592 1220
75229 1335
52705 1087
83955 1372
80021 1340
72621 1015
70621 1317
71972 1473
99796 1748
54078 1307
76204 1926
99551 1217
84591 1331
87971 1102
99615 1298
68321 1754
53328 1547
51613 1605
64381 1964
76003 1330
95876 1139
85577 1848
99165 1462
66848 1696
57058 1170
94067 1636
50312 1946
69751 1826
90685 1747
59274 1497
97525 1311
57147 1273
73745 1574
63965 1474
65062 1833
62020 1443
54024 1492
54854 1444
57479 1495
66219 1718
78199 1700
97446 1883
52987 1406
69684 1493
53739 1501
62793 1896
94447 1618
68301 1152
74014 1761
84785 1603
64294 1641
94256 1276
71933 1066
91301 1362
75343 1463
61066 1042
63917 1982
60645 1654
88766 1661
77660 1096
55081 1454
93755 1595
67743 1376
62322 1254
65320 1548
77522 1944
97891 1426
57028 1303
83513 1920
70297 1914
74562 1283
65172 1147
80977 1891
61396 1907
86862 1489
89769 1379
69597 1542
95050 1991
61336 1054
97822 1931
84012 1871
72760 1813
65395 1025
99580 1918
85683 1834
59200 1896
62872 1284
72788 1111
66902 1734
69170 1729
58015 1974
80354 1979
54072 1847
51811 1808
70013 1279
74232 1548
52029 1282
73987 1974
52209 1001
85401 1375
83783 1838
61788 1538
71370 1420
83530 1652
88599 1326
394 394 112 112 112 112 381 381 0 317 317 0 0 0 0 0 50 50 0 215 215 0 0 0 0 0 0 0 0 0 0 0 0 141 141 245 245 245 245 0 0 0 0 0 0 0 64 0 120 120
394 394 0 320 112 112 381 381 0 317 317 334 334 334 4 4 50 50 0 215 215 257 257 0 0 0 0 0 0 0 0 204 0 0 141 245 245 0 0 0 0 0 0 0 0 0 64 0 120 120
394 0 0 320 320 350 350 0 0 392 25 334 334 334 122 4 4 0 0 399 399 257 257 0 0 104 104 0 0 204 204 204 0 0 141 0 0 0 0 224 0 383 383 0 0 0 64 0 120 120
0 0 0 0 320 350 350 388 388 392 25 25 334 334 122 4 4 190 103 103 399 399 0 0 0 104 104 0 0 204 204 204 31 151 151 261 0 0 0 224 224 383 0 0 272 272 64 0 83 120
0 155 155 155 320 320 320 388 388 392 392 25 125 122 122 201 201 190 103 103 399 399 0 0 369 104 0 0 0 385 385 204 31 151 151 261 261 0 0 224 224 383 383 0 272 376 376 83 83 83
155 155 155 155 79 79 320 353 388 388 392 125 125 122 201 201 152 190 190 121 189 189 189 0 369 373 373 344 344 385 385 31 31 187 187 187 261 224 224 224 383 383 382 0 272 376 376 83 83 0
135 135 135 166 79 79 79 353 353 125 125 125 125 1 1 152 152 190 121 121 189 0 0 0 369 373 373 344 397 385 385 385 385 187 187 187 187 71 71 382 382 382 382 0 7 7 91 91 0 0
135 135 135 166 166 166 77 353 353 307 45 45 97 1 1 152 346 190 121 121 362 0 96 96 369 298 373 344 397 324 324 358 358 358 60 60 60 71 71 382 382 382 7 7 7 248 91 91 0 0
0 0 0 166 166 77 77 307 307 307 45 45 97 97 346 346 346 343 343 121 362 0 96 369 369 298 298 298 397 324 324 358 358 358 358 140 60 60 321 321 321 287 377 377 359 248 248 91 0 0
0 0 0 166 77 77 86 86 366 366 366 97 97 97 97 97 108 108 343 362 362 0 96 369 369 289 289 289 397 397 279 279 279 279 11 140 140 140 321 287 287 287 377 377 359 359 248 0 0 0
0 0 76 76 153 153 86 86 86 366 366 176 176 182 182 108 108 108 343 396 362 0 0 142 142 289 289 289 328 328 328 202 202 202 11 11 11 302 290 290 290 377 377 359 359 359 0 0 218 218
0 0 76 76 153 153 86 86 86 366 217 176 176 211 182 182 384 111 111 396 347 330 330 142 142 255 255 167 328 328 328 202 46 74 11 74 11 302 290 290 339 339 377 377 359 0 0 0 218 218
0 0 76 76 76 76 62 250 250 250 217 400 176 211 211 211 384 111 111 396 347 347 330 255 255 255 158 167 167 328 328 46 46 74 74 74 74 302 290 290 339 339 0 37 37 37 209 209 209 0
0 0 380 62 62 62 62 250 310 310 217 400 400 186 186 211 384 384 396 396 347 347 330 255 158 158 158 167 167 305 46 46 139 139 74 333 333 302 114 114 80 339 0 0 0 37 209 0 0 0
36 36 380 62 62 313 250 250 250 310 217 274 400 186 186 214 214 219 396 67 256 259 259 259 273 273 113 167 305 305 46 130 139 357 357 333 333 114 114 114 80 80 0 0 0 291 291 291 291 0
36 36 380 380 380 313 313 313 310 310 274 274 267 267 267 214 214 219 396 67 256 256 256 259 273 273 113 113 305 130 130 130 139 48 357 333 333 80 80 80 80 54 0 0 0 0 0 0 0 0
0 0 0 0 0 0 313 313 199 199 274 267 267 267 332 219 219 219 67 67 237 237 372 372 273 273 273 113 43 43 130 48 48 48 357 333 333 185 185 371 371 54 54 54 0 0 386 0 212 212
0 0 0 0 70 70 199 199 199 199 274 82 82 82 332 332 219 219 67 67 237 237 372 372 273 43 43 43 43 43 130 38 38 38 357 203 203 185 371 371 118 118 118 118 0 0 386 212 212 212
0 0 0 0 70 283 283 277 199 199 82 82 18 18 18 332 219 181 181 67 237 378 378 322 322 322 322 66 66 43 130 130 38 38 38 203 203 185 311 311 311 311 243 118 118 0 386 212 212 212
254 254 254 70 70 283 283 277 145 145 145 145 145 18 18 18 181 181 181 78 78 378 378 322 251 251 66 66 66 268 268 268 268 233 68 68 312 312 311 311 311 172 243 118 271 271 386 159 159 222
254 254 254 70 70 277 277 277 28 28 28 28 232 232 35 18 280 181 181 78 78 63 63 363 251 251 327 66 66 327 268 268 233 233 68 68 231 312 312 312 172 172 243 243 271 271 159 159 222 222
0 254 254 47 47 277 278 278 278 278 278 170 170 232 35 35 280 72 72 72 72 269 63 363 363 363 327 327 327 327 355 355 233 233 150 231 231 20 20 172 172 9 379 379 271 271 123 222 222 222
0 0 47 47 329 119 398 398 398 170 170 170 170 232 35 35 280 280 280 220 168 269 63 239 239 239 6 327 327 355 355 150 150 150 150 231 231 20 20 9 9 9 379 379 271 271 123 123 0 0
0 0 0 329 329 119 398 398 398 301 301 301 301 301 234 234 234 234 220 220 168 269 269 269 239 239 6 165 165 21 355 355 150 150 115 115 231 180 180 180 340 340 391 391 331 331 123 123 0 0
0 0 0 329 329 119 300 300 300 109 109 29 29 107 107 387 387 41 220 168 168 168 269 221 221 6 6 6 165 21 355 57 150 293 293 115 231 180 180 180 340 340 73 391 391 331 331 123 0 0
126 126 24 24 24 119 364 364 300 109 395 29 303 107 107 387 387 41 220 365 365 365 365 221 221 90 90 90 165 21 21 57 57 293 293 115 389 197 197 194 194 340 73 73 73 73 210 210 0 0
126 126 24 24 119 119 364 364 109 109 395 29 303 303 303 352 41 41 160 365 365 295 295 295 295 90 223 223 183 183 21 183 57 69 69 69 389 197 197 194 194 208 208 208 5 5 210 0 0 0
17 102 102 102 119 364 364 364 263 263 395 395 303 303 303 352 41 55 160 365 365 161 161 161 161 90 223 223 223 183 183 183 8 69 335 335 389 314 197 197 197 208 208 208 5 5 210 210 0 0
17 17 17 102 119 13 13 263 263 249 249 275 275 19 19 352 55 55 160 240 240 161 161 161 323 323 223 223 223 183 183 39 8 8 335 335 389 314 148 148 110 110 208 208 351 351 351 0 0 65
17 17 304 304 13 13 260 260 260 249 249 275 275 19 19 352 55 160 160 240 240 58 58 58 323 323 323 129 149 149 149 39 8 8 116 116 314 314 148 148 110 110 110 351 351 351 351 0 65 65
17 17 304 304 13 13 260 195 195 154 154 275 275 198 198 228 228 137 137 137 137 58 58 100 323 323 129 129 149 149 149 39 39 128 116 116 84 84 164 164 110 110 173 173 51 51 0 0 65 241
75 75 75 260 260 260 260 195 195 154 3 3 275 198 228 228 138 138 177 177 146 146 146 100 100 129 129 129 129 99 99 10 10 128 116 116 84 84 164 164 173 173 173 173 51 0 0 0 241 241
0 75 75 75 75 117 134 134 134 154 3 3 198 198 188 188 138 177 177 177 177 265 146 265 100 129 288 288 288 336 99 99 10 128 116 116 84 84 244 356 356 319 319 34 51 0 0 0 241 241
0 0 0 294 117 117 134 134 134 134 3 0 0 0 0 188 138 252 177 177 101 265 265 265 100 14 288 288 14 336 336 230 10 128 12 247 84 84 244 244 356 356 319 34 34 0 0 0 241 241
294 294 294 294 117 117 131 131 0 0 0 0 89 89 0 188 252 252 163 163 101 101 101 95 95 14 14 14 14 367 336 230 10 156 12 247 247 23 23 244 2 2 319 34 34 27 27 27 144 144
0 0 0 0 117 117 131 131 0 81 81 89 89 89 0 0 252 252 163 163 33 33 33 95 308 308 14 14 367 367 336 230 230 156 12 247 247 23 23 244 2 2 319 319 53 27 27 27 144 144
0 0 0 0 0 0 0 0 0 81 81 0 89 89 225 225 252 252 127 127 205 205 33 95 308 308 235 235 367 367 230 230 92 156 12 88 88 162 200 200 200 370 319 319 53 27 361 144 144 144
0 0 0 0 0 0 0 0 0 0 0 0 89 0 0 225 196 127 127 127 258 205 205 258 258 308 235 235 367 230 230 92 92 156 93 88 88 162 162 200 200 370 370 370 53 171 361 361 361 144
0 0 0 0 390 390 266 266 15 15 0 0 0 0 225 225 196 196 193 193 258 258 258 258 258 242 242 87 87 286 286 92 92 92 93 93 93 93 162 297 297 297 297 53 53 171 171 345 345 345
0 0 0 0 390 390 266 266 49 15 15 229 282 106 106 225 196 196 193 136 136 105 354 354 242 242 242 87 87 286 216 216 216 216 296 296 296 192 206 206 297 297 374 374 374 171 171 44 44 345
0 0 0 0 0 0 266 49 49 229 229 229 282 106 106 22 22 196 193 136 136 105 105 354 242 354 242 242 286 286 286 216 216 207 296 270 270 192 206 206 206 206 374 285 285 171 171 44 0 0
0 0 0 0 0 0 266 49 360 360 360 282 282 226 226 22 22 341 264 264 52 52 105 354 354 354 316 262 262 174 174 61 216 207 191 270 270 192 342 342 342 374 374 285 285 285 171 44 44 0
0 0 0 0 0 0 281 281 360 360 282 282 40 40 226 226 226 341 264 94 52 52 179 179 276 276 316 262 262 174 174 61 61 207 191 191 192 192 213 342 342 26 26 26 26 26 253 253 253 0
348 348 0 0 0 0 292 281 281 59 282 42 40 40 226 226 124 341 264 94 368 0 179 179 276 276 316 184 184 184 184 98 61 207 207 191 213 213 213 0 0 32 32 0 0 26 253 238 238 238
348 348 0 0 349 349 292 0 0 59 59 42 42 42 42 124 124 341 94 94 368 0 0 0 276 276 316 316 184 184 184 98 98 98 98 213 213 157 157 0 32 32 32 0 0 0 0 238 238 238
348 348 147 0 349 349 292 0 0 0 59 325 325 143 143 124 124 341 175 94 368 368 0 0 309 309 16 16 184 178 375 375 98 98 337 157 157 157 157 0 32 32 32 0 0 0 0 0 284 284
348 348 147 147 147 349 292 292 0 0 0 325 325 143 143 306 306 306 175 175 368 368 0 0 309 309 16 16 178 178 375 375 30 30 337 337 157 157 0 0 0 393 393 393 315 315 0 0 284 284
132 132 0 0 0 0 299 299 0 0 0 0 0 306 306 306 0 175 175 175 0 0 0 0 0 0 16 16 178 85 85 85 30 30 30 337 337 0 0 0 0 393 393 315 315 315 0 0 0 246
132 132 132 0 0 0 299 299 227 326 326 0 0 318 318 306 0 0 0 0 0 0 0 0 236 236 169 169 169 85 85 0 338 338 30 30 30 0 0 0 56 393 393 133 133 133 0 0 0 246
132 132 0 0 227 227 227 227 227 326 326 0 0 318 318 0 0 0 0 0 0 0 0 236 236 236 169 169 169 0 0 0 338 338 0 0 0 0 0 0 56 56 56 133 133 0 0 246 246 246
