50 400 20
84605 1947
87858 1708
87368 1465
81255 1904
82759 1690
81442 1164
95032 1264
65383 1426
59010 1078
86969 1581
73171 1914
78966 1589
72228 1765
58971 1831
86382 1986
63687 1129
98937 1183
83150 1023
98869 1996
50458 1009
62223 1119
66334 1876
86952 1888
91654 1815
63504 1373
65699 1778
71138 1782
61068 1928
69313 1701
53765 1837
94873 1277
90230 1443
93517 1909
51859 1305
85786 1619
54579 1974
66720 1360
86253 1021
55232 1752
65114 1847
90130 1342
55387 1865
90161 1713
89803 1465
85561 1532
51476 1844
97591 1322
82865 1158
86398 1929
88378 1468
96871 1523
50316 1056
59281 1496
98783 1422
90198 1494
94055 1799
96636 1402
89973 1697
88048 1210
73505 1430
54139 1086
78956 1398
68792 1239
76556 1324
75389 1039
56650 1373
52213 1113
84602 1960
95171 1313
82130 1004
58144 1116
52922 1927
54370 1204
71908 1334
63460 1029
94126 1908
85391 1618
55164 1177
90221 1881
74217 1792
84326 1783
58012 1202
88416 1175
53678 1830
91506 1006
54934 1594
84685 1290
63225 1565
81486 1256
63846 1139
89591 1931
79907 1885
61080 1194
87089 1135
85032 1401
69222 1276
78203 1710
73351 1496
74951 1236
60590 1268
95042 1864
69772 1999
61198 1009
82242 1268
97622 1085
52130 1698
59323 1240
86730 1515
70201 1845
56902 1625
58797 1572
56424 1732
57841 1863
87834 1556
58271 1756
73719 1784
98082 1840
72186 1857
59425 1581
75144 1107
73205 1361
89316 1456
54874 1709
62647 1379
88260 1783
83364 1952
94586 1215
81828 1030
66334 1247
76888 1527
58476 1978
74612 1525
98042 1236
57746 1910
60475 1515
94120 1433
76331 1331
53440 1697
97839 1060
71068 1232
64554 1646
84722 1639
86725 1560
93663 1715
97920 1721
83037 1861
73553 1004
69750 1408
92173 1820
56470 1699
63124 1297
58609 1131
79689 1829
83550 1031
98526 1615
95520 1849
65918 1018
96278 1570
63723 1903
80105 1167
72294 1397
78672 1821
67856 1868
50533 1771
73679 1807
86276 1090
93414 1396
88261 1199
74184 1674
52027 1490
91733 1118
70948 1674
71249 1058
74203 1042
83842 1007
63503 1893
67856 1132
50540 1308
57840 1743
80949 1180
60659 1698
78638 1310
74847 1202
92051 1056
68041 1316
61142 1953
64464 1646
75927 1241
69696 1873
99790 1837
93401 1087
79415 1235
74119 1895
59796 1374
78633 1937
96106 1093
52239 1126
61150 1182
92250 1905
55679 1725
96626 1151
69424 1643
71696 1397
57983 1129
99097 1941
50661 1451
89886 1796
94061 1690
67585 1983
55902 1187
54603 1923
77502 1867
73925 1563
98673 1221
95698 1209
88482 1560
65255 1131
87988 1147
78443 1887
81881 1313
97276 1786
51264 1027
65907 1700
58325 1157
66799 1245
93514 1913
73145 1860
91241 1905
93739 1739
86300 1427
95232 1566
89283 1262
98640 1170
69135 1161
51689 1607
72618 1828
64518 1826
54715 1008
96413 1628
53577 1516
73982 1818
79732 1181
98322 1884
53971 1181
56034 1997
50829 1807
78419 1661
98342 1635
74545 1238
91786 1565
71733 1804
89967 1642
73866 1046
63489 1863
89615 1046
70579 1412
61964 1627
63819 1594
84713 1460
83096 1598
50746 1783
61995 1265
61488 1302
69000 1476
56797 1819
72454 1526
61869 1488
55680 1623
66452 1424
97945 1934
63804 1803
67790 1400
93515 1809
85093 1030
70716 1071
88705 1642
85571 1737
52650 1934
72294 1901
92433 1200
78774 1795
84065 1540
85850 1888
70373 1638
80370 1413
78726 1068
69578 1134
52593 1808
84941 1765
92350 1553
89765 1814
69405 1055
50981 1605
82034 1555
91626 1644
53432 1431
91507 1690
71306 1561
82794 1976
57392 1009
83375 1903
53736 1844
57042 1754
77342 1681
98372 1643
94371 1427
84263 1463
66771 1892
70795 1033
66363 1096
67479 1621
51768 1325
96464 1537
96401 1475
92031 1820
73352 1440
60882 1301
56102 1591
87887 1014
75517 1030
83060 1609
70743 1888
50510 1320
58025 1816
64997 1112
50504 1573
67010 1563
75306 1296
55234 1583
92230 1003
82509 1674
89208 1111
64333 1336
95853 1899
91642 1717
84393 1907
50411 1073
65159 1301
64217 1540
65749 1965
59115 1473
57856 1411
94234 1377
61475 1735
98478 1467
55680 1294
86113 1164
54830 1693
97756 1393
90857 1582
79785 1334
96416 1420
56231 1302
91042 1501
67003 1202
62826 1578
59357 1766
67347 1997
63136 1306
88163 1655
93461 1819
53525 1262
57891 1526
83772 1549
59208 1148
73136 1427
97490 1188
67046 1314
58923 1847
74575 1393
74370 1864
51296 1675
77738 1228
86837 1476
81226 1446
55256 1658
64521 1192
97748 1802
78596 1864
53953 1593
96943 1821
68180 1319
88787 1527
76501 1694
68001 1715
68634 1855
89620 1251
94305 1281
95734 1154
58898 1841
84621 1043
99642 1388
63922 1471
74215 1553
56817 1066
97019 1136
76329 1804
87260 1427
85966 1083
75604 1030
0 0 32 32 32 197 0 0 0 0 0 0 0 0 0 0 317 317 0 0 0 0 0 61 116 116 116 0 0 0 0 0 0 0 0 307 307 307 307 0 0 0 0 141 141 141 141 0 0 0
0 0 0 32 32 197 197 197 0 0 0 0 0 0 63 317 317 317 259 259 0 0 0 61 116 0 0 0 0 0 0 0 0 0 212 212 212 307 0 0 145 145 145 145 141 0 0 0 0 0
0 0 0 0 0 0 263 263 108 0 0 0 0 0 63 317 317 317 259 259 0 0 61 61 61 0 0 0 0 0 0 0 0 382 212 343 212 0 0 11 145 339 339 42 141 0 0 0 0 0
0 0 0 0 0 0 263 263 108 0 0 0 0 0 63 245 245 245 245 0 0 0 0 273 0 0 0 0 0 0 4 0 0 382 343 343 0 0 11 11 11 339 339 42 42 0 0 0 0 0
0 0 0 0 0 0 263 108 108 0 0 0 0 0 63 245 198 198 198 273 273 273 273 273 0 39 39 0 0 0 4 0 0 382 0 343 343 0 11 11 11 209 209 209 42 0 128 0 105 105
0 188 0 0 87 87 154 154 0 0 6 0 0 0 297 345 198 198 74 74 74 74 273 273 39 39 39 39 39 0 4 4 0 382 0 0 343 174 352 352 352 352 231 209 209 128 128 105 105 105
0 188 17 87 87 87 154 154 154 154 6 6 297 297 297 345 345 251 74 74 74 16 320 320 144 144 173 173 0 0 89 0 0 0 0 0 174 174 352 352 352 352 231 231 171 128 105 105 0 0
0 188 17 87 87 294 294 294 154 295 272 6 156 395 395 345 345 251 16 16 16 16 320 320 144 144 173 0 0 0 89 0 0 267 267 267 174 129 129 129 160 231 231 231 171 211 105 0 0 0
0 188 17 17 294 294 295 294 154 295 272 272 156 395 395 251 251 251 240 240 55 55 320 349 349 144 173 0 100 89 89 0 0 267 304 304 304 129 129 129 160 160 231 171 171 211 340 340 340 0
0 114 0 0 294 294 295 295 295 295 272 272 156 156 183 251 251 251 62 240 55 55 320 349 349 144 228 100 100 361 361 361 0 0 304 304 129 129 148 148 148 160 231 211 211 211 340 0 0 0
114 114 0 0 0 274 274 295 138 138 272 272 49 49 183 147 147 147 62 240 240 303 303 303 303 228 228 100 100 100 361 361 361 304 304 192 192 96 148 148 148 148 385 211 211 0 0 0 0 0
114 0 0 34 34 274 274 274 138 138 72 72 49 49 183 147 147 147 62 62 86 86 303 303 303 228 107 107 107 100 244 244 134 134 134 192 96 96 96 148 27 27 385 385 211 0 0 0 0 0
0 0 0 34 34 274 0 0 23 23 72 72 353 353 183 132 132 132 139 139 86 316 316 99 99 375 375 375 107 107 244 244 244 244 134 192 96 229 31 31 27 27 385 385 298 298 298 0 0 0
0 0 0 0 0 0 0 23 23 23 250 250 353 353 338 132 344 344 139 139 86 316 316 99 99 375 282 153 153 66 66 285 244 244 192 192 96 229 31 31 27 206 206 287 287 287 298 0 0 0
167 167 53 53 0 0 0 0 0 10 10 250 250 353 338 338 344 344 18 18 86 279 260 260 99 99 282 282 153 66 66 285 239 158 88 88 22 229 232 232 232 206 58 58 287 287 287 0 0 0
167 167 53 53 0 0 0 0 0 10 10 146 146 338 338 338 21 18 18 18 279 279 260 260 260 260 260 282 153 66 285 285 239 158 158 88 22 229 232 232 232 206 58 58 38 38 38 0 0 0
0 0 166 166 278 278 278 10 10 10 10 146 146 338 390 21 21 69 69 69 279 279 380 184 333 199 199 282 285 285 285 285 239 239 158 88 22 22 22 22 398 398 398 0 8 8 38 0 0 0
0 76 76 166 166 278 278 261 261 126 126 146 146 338 390 21 253 253 253 69 279 380 380 184 333 333 199 293 293 293 302 302 302 302 158 88 22 286 286 280 280 306 398 0 8 8 0 0 175 0
0 0 76 76 76 278 261 261 261 126 126 146 146 71 390 390 253 253 253 253 162 380 184 184 333 333 199 336 336 293 293 293 242 242 242 242 314 286 286 280 280 306 306 0 0 0 0 0 175 323
0 0 399 399 76 278 331 261 261 126 203 203 203 71 71 71 301 301 301 301 162 364 364 364 364 168 336 336 336 7 7 290 290 290 400 400 314 286 365 365 306 306 306 222 222 222 137 175 175 323
0 0 399 399 76 331 331 36 374 126 255 255 203 71 71 71 301 64 64 64 162 364 364 364 364 168 149 149 7 7 290 290 290 290 400 400 314 314 365 19 19 19 19 19 222 222 137 175 323 323
50 50 399 399 331 331 326 36 374 126 255 255 203 71 169 169 64 64 64 236 162 330 330 168 168 168 149 149 1 101 101 329 329 329 109 109 109 314 365 19 19 258 190 190 137 137 137 175 323 0
50 50 0 399 326 326 326 36 374 374 255 255 255 79 169 169 64 33 33 236 162 330 330 168 168 111 149 1 1 101 101 329 125 125 125 109 109 314 365 365 19 258 85 190 190 137 311 175 323 0
0 0 0 397 397 397 397 36 36 135 135 318 79 79 269 269 341 33 33 236 236 83 111 111 111 111 1 1 15 15 77 329 215 125 125 109 109 136 136 136 136 258 85 85 181 311 311 175 323 0
0 0 0 397 172 172 358 358 36 135 135 318 79 79 269 269 341 341 341 341 83 83 83 83 83 111 1 15 15 15 77 238 215 215 215 214 214 214 157 157 325 258 227 85 181 311 311 0 0 0
0 0 0 397 172 172 358 112 36 121 318 318 377 378 378 378 341 44 216 216 216 216 83 180 51 51 367 367 300 77 77 238 238 238 214 214 219 219 157 157 325 325 227 85 181 0 0 0 0 0
0 0 0 172 172 172 358 112 121 121 377 377 377 378 373 161 44 44 216 44 150 180 180 180 51 51 367 367 300 300 300 123 123 123 123 208 208 219 219 140 140 325 227 227 181 0 0 0 0 0
0 0 0 80 80 264 358 112 121 13 377 383 373 373 373 161 44 44 44 44 150 200 200 200 67 67 367 124 124 124 124 124 201 201 201 208 208 178 178 178 140 140 140 388 388 388 388 0 0 0
0 0 0 80 80 264 337 112 112 13 377 383 115 115 161 161 119 28 28 28 150 150 200 200 67 67 367 367 289 289 289 196 196 151 201 195 195 2 2 178 256 332 332 332 0 0 0 0 0 0
29 29 80 80 264 264 337 337 337 13 13 383 383 115 115 161 119 28 28 28 319 319 319 319 319 319 246 246 289 348 196 196 151 151 151 40 195 2 2 2 256 332 332 0 0 0 0 0 0 0
29 347 347 202 202 356 356 356 337 337 25 254 254 254 115 115 119 119 28 28 319 321 321 246 246 246 246 327 327 348 196 185 185 151 151 40 195 195 2 2 256 256 0 0 0 0 275 275 0 0
29 363 347 202 202 356 210 170 170 170 25 254 35 270 270 270 133 119 119 46 46 46 321 366 366 246 246 327 348 348 185 185 82 151 82 40 195 195 12 12 256 256 256 393 393 393 393 275 0 0
29 363 347 202 202 210 210 170 170 25 25 35 35 35 270 270 133 133 119 46 46 46 321 366 366 327 327 327 348 3 3 118 82 82 82 40 195 334 12 12 12 54 54 54 328 328 393 275 0 0
363 363 363 179 179 210 207 170 48 243 243 35 60 35 59 59 133 133 119 379 276 46 283 283 366 94 94 94 3 3 3 118 118 118 143 143 20 334 334 12 12 54 54 217 217 328 328 0 0 0
177 177 363 179 179 207 207 48 48 243 243 35 60 60 60 59 379 379 379 379 276 276 283 283 94 94 225 225 225 3 3 81 118 118 143 143 20 20 334 334 75 75 75 217 217 328 328 0 0 0
177 177 312 312 207 207 90 48 265 265 265 265 265 265 371 59 288 379 379 91 91 276 283 369 369 225 225 163 65 65 81 81 81 292 292 292 372 20 284 284 284 284 75 394 394 328 0 0 0 0
177 177 312 312 354 354 90 90 90 265 220 220 223 371 371 371 288 379 288 91 91 276 182 369 95 95 95 163 163 65 81 81 224 292 372 372 372 20 20 186 186 346 346 394 394 328 0 0 0 0
177 177 30 30 354 354 93 93 90 220 220 223 223 223 223 371 288 288 288 91 91 276 182 369 95 95 95 163 163 65 224 224 224 392 392 392 381 20 186 186 346 346 346 0 0 0 0 0 0 0
233 189 189 30 30 30 93 93 106 130 130 122 41 41 223 248 248 288 120 120 91 276 182 182 164 159 159 159 159 351 351 351 14 14 257 392 381 20 186 389 389 389 291 291 296 296 296 296 0 0
233 189 189 360 360 360 384 368 106 130 130 122 41 41 223 248 248 277 120 120 9 237 237 237 164 104 104 308 97 97 351 351 14 14 257 392 381 381 221 389 389 226 266 291 291 0 0 0 0 0
233 189 189 376 360 360 384 368 106 106 130 122 122 41 387 387 387 277 277 277 9 237 362 164 164 104 104 308 97 97 351 351 14 193 257 257 381 381 221 389 389 226 266 266 266 266 266 266 335 335
233 37 37 376 360 384 384 368 24 310 310 310 218 194 194 387 387 281 281 9 9 103 362 322 322 322 322 308 308 308 308 193 193 193 193 193 381 381 221 5 5 226 226 142 142 142 142 247 247 335
233 37 37 376 309 309 368 368 24 310 310 310 218 194 73 387 387 281 281 103 103 103 362 362 322 322 52 52 52 52 113 113 165 165 0 0 0 0 221 5 5 204 226 176 176 98 313 247 247 335
315 315 213 376 309 92 92 92 24 310 218 218 218 194 73 26 26 281 281 396 103 103 362 70 70 355 355 355 355 113 113 113 165 165 78 0 0 0 0 0 5 204 204 176 98 98 313 313 313 0
315 213 213 213 309 92 359 359 24 342 342 191 191 73 73 26 26 281 281 396 391 391 324 324 70 70 70 187 187 187 187 187 165 165 78 0 0 0 0 0 131 131 204 176 98 98 313 313 313 0
315 315 271 213 271 271 359 359 342 342 191 191 73 73 73 155 155 155 155 396 396 391 391 324 84 84 84 84 47 47 187 0 252 252 78 0 0 0 0 131 131 131 305 176 98 98 45 45 0 0
102 271 271 271 271 241 370 370 342 152 152 152 152 299 299 68 68 117 357 357 357 357 391 324 84 84 84 47 47 0 0 0 252 252 78 0 0 0 0 0 0 0 305 305 305 305 305 45 45 0
102 102 0 0 0 241 241 370 370 234 234 230 230 299 299 299 68 117 0 0 235 350 350 0 43 43 268 268 249 249 0 0 0 0 78 0 0 0 0 0 0 0 262 262 262 305 0 0 0 0
127 102 0 0 57 57 241 241 0 234 234 230 230 110 110 110 68 117 0 0 235 350 350 0 43 268 268 268 249 249 205 0 0 0 0 0 0 0 0 0 56 262 262 386 262 262 0 0 0 0
127 127 127 0 57 57 241 0 0 0 0 230 230 110 68 68 68 117 0 0 235 235 0 0 43 268 268 268 205 205 205 0 0 0 0 0 0 0 0 0 56 56 56 386 386 386 0 0 0 0
