50 400 20
91027 1420
98642 1995
79016 1289
61499 1915
62545 1542
89457 1771
98307 1695
96696 1950
97484 1089
60474 1551
57662 1711
88057 1740
97902 1041
86272 1656
62345 1510
86435 1892
70669 1553
55831 1158
62120 1298
93306 1543
50117 1666
98448 1518
83158 1747
93057 1852
95681 1303
80210 1621
51086 1716
85447 1605
96076 1851
99862 1437
79689 1022
93027 1641
90897 1204
96686 1392
60869 1791
77128 1977
72193 1531
63638 1523
87704 1469
76070 1384
72213 1773
52406 1846
55334 1828
69755 1986
72229 1861
53283 1671
86966 1819
50175 1486
90784 1760
69581 1497
75897 1636
83740 1566
91060 1459
85390 1417
57858 1431
95878 1685
72132 1088
99038 1161
90722 1644
90413 1576
70078 1388
88274 1760
82753 1935
68764 1911
64981 1897
68252 1808
65614 1595
80640 1431
63248 1937
76392 1123
72055 1284
91323 1311
89466 1177
56006 1339
55782 1074
54134 1600
65808 1080
69676 1202
66779 1489
92957 1170
53061 1163
82409 1748
96200 1763
70889 1516
87705 1749
92419 1004
51326 1423
87442 1682
96339 1415
69951 1748
59342 1018
51544 1754
95242 1083
90428 1405
88375 1439
58493 1672
90471 1519
95451 1193
60492 1785
80859 1934
82799 1598
61016 1825
88509 1376
65232 1697
89240 1774
74984 1425
62124 1049
80908 1569
82392 1552
87765 1779
81042 1157
65433 1837
77086 1813
80209 1968
90653 1904
91548 1009
91516 1305
54536 1190
89018 1740
96137 1576
68369 1897
81793 1077
97529 1117
81453 1792
82407 1465
89157 1208
63464 1621
78554 1636
78396 1748
50354 1926
62055 1050
93871 1647
74039 1803
63843 1881
87124 1430
83403 1631
84240 1723
76823 1817
64174 1532
57021 1209
98507 1019
92812 1296
51338 1188
71273 1465
83857 1194
67157 1695
79268 1313
68124 1657
56141 1566
73132 1416
60274 1549
98209 1559
77912 1621
93286 1874
62816 1826
81154 1137
57766 1401
79991 1419
69786 1278
51849 1317
59296 1170
60178 1691
54115 1961
74266 1983
81226 1487
64056 1810
97914 1263
55629 1768
74434 1662
98661 1953
94211 1345
78093 1410
71390 1889
77056 1683
95326 1142
87403 1015
87500 1042
66913 1107
73010 1871
82232 1494
82911 1592
57480 1331
72914 1021
81305 1695
64627 1568
70863 1327
81086 1101
88991 1840
66089 1871
63732 1201
78010 1375
60926 1372
59131 1569
66832 1125
81599 1853
83295 1914
76774 1490
93904 1621
65538 1038
92390 1641
88274 1108
95783 1944
75273 1339
73727 1358
55700 1227
95843 1656
88648 1123
71137 1777
88190 1258
81811 1754
63275 1950
96704 1593
68196 1376
94276 1659
60966 1418
93689 1716
53362 1501
63908 1995
52286 1113
96651 1115
94954 1086
65107 1872
83173 1659
75135 1187
83092 1883
96691 1674
73983 1896
85555 1009
80461 1202
93106 1665
59990 1969
65124 1479
85064 1735
87352 1892
66073 1496
72889 1000
69606 1272
59180 1914
90794 1965
61846 1032
70029 1391
62753 1051
66854 1091
74983 1204
64999 1062
51138 1192
80158 1412
53103 1445
62511 1254
74021 1205
85465 1826
80885 1886
60191 1405
72171 1081
56554 1430
53694 1466
53739 1584
54954 1533
79621 1634
57549 1426
96047 1953
81253 1859
91546 1643
53748 1374
97537 1142
86602 1945
72388 1407
58882 1163
69209 1565
63806 1053
54631 1369
82532 1623
85610 1390
52560 1606
72758 1087
74690 1984
53215 1727
99859 1867
98259 1889
53312 1757
51448 1623
69817 1049
51098 1119
83411 1460
52808 1156
90466 1265
76819 1073
93824 1626
95763 1459
96812 1052
74716 1257
89358 1868
91944 1634
92260 1865
59934 1207
51714 1291
83458 1434
98161 1567
70385 1377
51009 1628
62382 1248
98042 1741
73561 1465
79152 1853
68990 1219
55263 1782
99932 1348
57164 1106
70061 1393
56695 1160
70418 1783
54819 1976
96924 1636
81640 1663
97386 1784
68618 1662
69078 1963
61495 1330
86837 1153
90493 1603
82783 1140
81328 1266
96849 1682
95932 1416
63585 1487
61274 1508
73736 1520
84186 1004
95781 1674
80946 1429
79351 1626
69661 1075
63111 1076
77521 1314
86123 1068
56700 1464
67629 1974
56292 1592
61929 1039
79851 1777
87174 1478
93882 1932
61269 1317
70359 1587
51822 1722
94189 1633
94210 1057
83925 1680
51309 1987
65166 1954
51727 1381
71655 1710
87042 1842
54802 1739
96317 1522
56167 1686
67616 1569
94879 1175
50172 1587
58518 1099
87328 1168
70980 1461
76838 1203
77318 1534
84611 1403
59184 1628
50514 1654
85106 1097
97397 1602
50810 1580
78356 1657
99491 1542
58468 1002
94501 1331
73285 1876
73888 1429
60524 1561
77353 1633
50111 1866
60423 1748
74056 1449
89976 1391
62691 1128
54114 1114
97765 1505
53971 1228
60376 1102
95958 1866
92878 1902
58487 1003
90656 1175
55017 1820
78207 1181
77744 1126
72624 1106
77470 1651
63889 1984
70913 1423
96255 1677
94233 1166
51 51 163 163 263 87 87 87 0 0 393 393 386 386 128 128 128 0 0 0 0 0 276 276 276 0 0 0 0 20 0 0 400 400 360 360 0 0 0 0 0 0 0 0 0 0 0 0 0 0
51 51 163 263 263 87 282 118 118 0 393 341 386 386 128 128 128 0 0 0 0 0 0 276 276 1 0 0 20 20 0 0 400 400 400 360 0 0 0 0 0 0 0 100 147 147 5 5 5 0
292 51 51 263 282 282 282 118 118 0 393 341 122 122 232 232 232 232 185 185 185 185 0 0 276 1 1 0 20 0 0 0 215 215 360 360 13 0 0 0 0 0 100 100 147 147 5 307 307 0
292 292 292 263 282 59 59 397 0 0 0 341 302 122 122 106 106 232 185 185 185 185 0 0 0 214 1 286 286 285 0 0 215 215 360 69 13 13 0 0 0 0 100 0 0 0 0 307 307 307
0 0 0 59 59 59 397 397 0 0 0 341 302 302 302 106 321 223 0 0 0 0 0 0 0 214 214 214 286 285 285 0 92 92 92 69 13 13 0 0 328 328 392 0 0 0 0 307 307 294
200 0 0 0 0 0 397 397 0 341 341 341 302 302 302 106 321 223 223 223 0 0 0 0 0 214 214 214 286 12 285 0 92 92 123 69 69 127 127 202 328 328 392 0 0 0 0 0 294 294
200 200 272 272 0 0 397 397 0 0 0 237 237 237 353 321 321 248 248 248 0 0 98 98 98 344 344 12 12 12 285 285 208 123 123 346 346 127 202 202 153 153 392 384 384 0 0 0 294 0
200 200 272 272 347 347 371 371 84 0 0 0 0 237 353 321 234 248 239 358 0 0 120 120 98 344 344 109 109 109 208 208 208 123 123 346 346 127 202 153 153 153 392 204 384 0 0 0 0 0
200 200 272 272 320 347 347 371 84 84 0 376 376 376 353 353 234 239 239 358 358 120 120 120 120 120 344 109 109 208 208 252 338 338 34 34 73 73 85 85 85 153 392 204 384 0 0 0 21 21
0 0 207 207 320 320 136 371 84 84 0 0 376 376 376 234 234 239 239 358 358 150 150 150 150 181 260 260 260 260 208 252 338 338 34 236 90 73 137 137 85 0 0 204 384 0 0 0 21 21
0 0 207 207 0 320 136 136 136 84 84 0 376 247 247 247 247 43 43 189 254 254 150 150 181 181 181 181 211 211 141 252 338 338 34 236 90 73 73 137 85 0 0 204 0 0 70 70 21 21
0 0 0 0 0 0 37 336 336 352 352 352 242 242 247 247 43 43 43 189 254 47 47 195 195 180 180 211 211 211 141 252 338 338 236 236 90 90 73 137 85 85 0 0 0 70 70 0 21 21
16 16 0 0 95 37 37 336 336 352 242 242 242 242 247 247 56 56 56 189 254 322 47 195 195 180 193 141 141 141 141 58 275 275 236 236 236 90 145 145 306 158 0 0 0 63 63 0 0 0
16 16 16 16 95 37 280 336 103 103 103 169 169 227 227 227 56 56 56 189 189 322 47 195 195 180 193 141 190 190 58 58 275 275 293 293 293 291 145 145 306 158 0 0 0 63 63 63 226 226
0 0 53 95 95 37 280 336 40 40 103 169 169 227 227 339 339 363 56 189 189 322 194 194 194 193 193 203 190 190 190 58 58 293 293 259 291 291 145 154 306 158 158 0 305 305 305 63 226 226
0 0 53 53 256 312 280 40 40 314 314 314 314 324 324 339 339 363 363 363 322 322 194 194 194 193 203 203 201 201 201 58 304 304 36 259 291 154 154 154 306 241 0 0 305 305 305 305 226 226
0 0 372 53 256 312 280 82 82 267 267 314 314 324 324 339 357 357 79 79 79 79 113 113 62 62 203 203 203 201 201 304 304 36 36 259 259 300 300 398 241 241 369 369 369 369 246 246 0 0
0 0 372 256 256 312 82 82 82 267 267 245 245 245 324 339 357 357 79 79 79 266 113 244 244 62 62 175 175 201 332 332 36 36 36 121 121 300 300 398 241 241 17 17 369 369 246 246 0 315
0 0 372 256 256 312 213 213 213 333 333 245 245 38 38 339 107 107 266 266 266 266 113 244 244 166 166 175 175 325 332 332 287 183 183 121 121 300 300 398 398 17 17 329 115 115 246 246 0 315
0 0 372 295 295 317 213 65 65 333 333 245 245 38 38 107 107 266 266 221 221 221 113 244 244 166 166 142 129 325 325 325 287 183 183 183 121 274 368 368 368 368 329 329 115 115 394 246 315 315
0 0 372 295 295 317 176 65 65 65 65 10 10 48 387 107 107 266 278 366 221 221 244 244 166 166 142 142 129 325 325 325 287 178 178 198 121 274 274 274 368 368 329 394 394 394 394 246 315 315
0 0 378 0 0 317 176 176 299 65 65 10 10 48 387 334 334 334 278 366 366 366 116 116 116 116 142 129 129 129 157 157 287 178 178 198 121 356 356 356 356 290 290 162 162 162 265 265 383 383
297 297 378 0 0 317 176 176 299 164 164 164 48 48 387 387 387 334 278 278 251 116 116 177 177 253 142 54 54 54 157 157 178 178 178 198 198 198 198 290 290 290 359 359 162 39 265 265 383 383
297 297 378 0 0 243 243 176 299 156 156 164 164 48 387 387 343 217 278 278 251 116 177 177 253 253 142 54 97 97 97 33 33 33 233 233 91 91 114 290 290 359 359 359 162 39 265 265 383 0
297 297 378 0 0 243 243 299 299 156 77 77 77 343 343 343 343 217 278 89 251 116 177 177 253 253 313 54 54 54 97 97 97 33 233 233 331 91 114 114 290 359 359 359 39 39 144 0 0 0
0 0 0 0 18 18 18 377 377 156 179 296 77 281 281 264 217 217 89 89 251 251 177 139 139 139 313 313 112 112 112 348 96 96 224 233 331 91 114 114 351 351 351 161 39 39 144 0 0 0
0 0 0 0 18 377 377 377 377 323 179 296 77 281 281 264 217 217 89 380 380 262 262 262 262 139 313 112 112 348 348 348 96 96 224 224 331 331 261 114 351 396 351 161 39 39 144 144 0 0
0 0 0 209 209 209 209 377 323 323 179 296 374 374 303 264 264 264 14 380 380 66 66 235 235 235 313 112 167 167 3 3 224 224 224 224 331 331 261 261 396 396 161 161 220 144 144 186 0 0
0 172 172 172 182 182 209 209 323 179 179 296 374 374 303 303 75 75 14 57 66 66 218 218 218 235 235 235 167 167 3 3 196 196 219 219 219 331 101 261 396 11 161 220 220 144 144 186 186 186
0 172 172 172 182 182 257 385 385 385 385 296 296 296 303 303 75 14 14 57 72 72 46 218 218 218 228 228 228 228 382 382 196 196 99 367 219 331 101 101 101 11 161 220 160 160 160 80 80 80
0 273 273 172 60 60 257 257 355 309 309 296 74 74 303 75 75 75 57 57 72 72 46 46 46 23 23 159 159 159 382 382 382 196 99 367 367 318 318 101 101 11 364 364 160 160 160 160 80 80
273 273 273 0 60 60 257 257 355 309 309 327 74 74 326 326 131 75 57 337 337 25 25 23 23 23 29 29 270 159 382 382 382 99 99 367 367 318 318 101 101 11 364 364 210 0 0 160 80 80
0 0 0 0 60 60 257 257 355 355 327 327 50 50 326 326 131 35 57 337 337 25 25 25 23 29 29 270 270 270 388 68 68 68 68 68 81 318 318 191 191 191 210 210 210 0 0 0 0 0
0 0 0 71 71 52 52 390 355 355 327 327 327 50 50 131 131 35 8 8 24 24 24 301 301 301 240 240 270 270 388 388 388 81 81 81 81 318 318 191 212 212 152 210 0 0 0 0 0 0
0 0 345 71 71 52 52 390 390 390 132 132 132 308 308 131 35 35 8 8 24 110 110 231 231 301 240 240 270 124 124 124 388 81 365 26 31 31 151 151 212 212 152 152 152 152 0 187 399 399
28 28 345 71 71 52 94 94 94 6 6 6 132 308 308 391 2 2 8 8 350 110 45 45 231 231 231 283 283 283 283 124 124 81 365 26 26 31 151 151 389 389 389 375 375 187 187 187 399 399
28 28 345 0 0 52 94 94 94 6 381 381 381 381 250 391 2 2 8 8 350 110 45 45 42 42 231 119 119 67 67 124 124 22 365 26 26 31 64 64 389 389 389 375 375 284 284 399 399 399
0 0 345 0 0 0 94 279 279 6 370 370 379 379 250 391 135 135 135 350 350 350 45 45 42 119 119 119 119 67 67 124 22 22 365 26 41 64 64 64 330 330 140 140 284 284 0 0 143 143
0 0 0 0 0 0 349 279 279 370 370 370 379 379 250 391 135 135 135 350 350 350 130 130 42 316 316 316 310 67 67 22 22 30 41 41 41 171 171 171 330 330 140 140 0 0 0 0 143 143
108 298 298 0 0 0 349 349 349 370 370 155 249 249 250 250 250 199 199 199 130 130 130 130 130 316 310 310 310 188 67 173 173 30 30 30 288 171 171 102 102 0 0 0 0 0 0 0 0 0
108 298 298 0 0 0 349 349 229 229 155 155 249 249 250 250 133 199 199 199 130 27 76 76 55 7 7 7 310 188 173 173 30 30 165 288 288 288 288 288 102 102 206 206 78 78 138 138 138 0
108 125 298 298 298 0 349 349 229 229 155 9 9 340 340 340 133 199 199 44 27 27 76 76 55 7 7 126 126 188 188 32 32 165 165 165 165 288 0 0 0 206 206 206 78 78 78 0 138 0
108 125 125 395 148 148 148 49 229 229 155 9 9 340 340 340 133 44 44 44 27 104 104 55 55 7 7 126 126 188 32 32 86 86 86 174 174 192 0 0 0 0 0 335 335 335 78 0 0 0
0 0 125 395 395 395 148 49 49 229 229 15 216 216 216 216 133 44 44 44 44 104 104 134 55 205 205 197 126 188 188 32 32 168 86 174 192 192 0 0 373 0 0 335 335 335 78 361 361 361
0 0 0 395 395 395 395 49 49 15 15 15 170 216 216 216 216 88 88 117 117 117 255 134 134 205 205 197 197 197 188 32 32 168 86 174 192 192 0 0 373 373 373 222 222 361 361 361 271 271
0 0 0 111 0 0 0 0 0 170 170 170 170 354 61 61 238 88 88 117 0 258 255 255 134 19 319 319 319 319 362 362 168 168 268 268 268 342 342 0 373 225 225 222 222 0 0 271 271 271
93 93 93 111 0 0 0 0 83 83 354 354 354 354 61 61 238 238 88 0 0 258 255 255 134 19 19 19 0 319 362 362 105 105 230 230 268 342 342 0 0 225 225 0 0 0 0 271 0 0
0 0 93 111 0 4 4 4 83 83 269 184 184 354 0 0 0 238 88 0 0 258 258 0 311 311 19 19 0 0 0 0 105 105 230 230 268 342 342 0 0 0 0 0 0 0 0 271 0 0
0 0 111 111 0 0 0 4 83 83 269 184 277 277 0 0 0 0 0 0 0 0 0 0 0 311 311 19 0 0 0 0 0 0 149 230 342 342 0 0 0 0 0 0 0 0 0 271 146 146
289 289 289 289 0 0 0 269 269 269 269 184 277 277 277 0 0 0 0 0 0 0 0 0 0 0 0 0 0 0 0 0 0 0 149 149 149 0 0 0 0 0 0 0 0 146 146 146 146 146
