50 400 20
64725 1902
76122 1005
95868 1653
81105 1243
75999 1305
83118 1400
52431 1325
98160 1053
59608 1833
70693 1764
78880 1589
83628 1286
87958 1208
69633 1824
83992 1121
76057 1066
94623 1806
53437 1403
87208 1650
67765 1975
61829 1583
54904 1892
52375 1603
77187 1647
75924 1037
79974 1869
78279 1928
61230 1304
77442 1422
55778 1788
78211 1642
72374 1135
97797 1259
78213 1352
52762 1054
86289 1902
93992 1441
85956 1195
58654 1201
97736 1564
68437 1540
64538 1789
57440 1105
61894 1916
59912 1825
63989 1227
61515 1326
80983 1545
75161 1857
79347 1931
81205 1543
81039 1807
63055 1573
75484 1571
76924 1789
71235 1277
62174 1312
59402 1195
79526 1030
90655 1063
54609 1072
66508 1705
98798 1828
72170 1075
96315 1088
58560 1092
51622 1324
84625 1067
58813 1123
78483 1346
98303 1742
57062 1275
77006 1915
67520 1000
97103 1379
68428 1453
69332 1140
88739 1257
93297 1090
76629 1980
63958 1257
54105 1884
75963 1838
67363 1916
60518 1183
84096 1721
53343 1962
82121 1762
96506 1074
67095 1403
91661 1329
97663 1634
55159 1650
78393 1761
62210 1339
64449 1069
56680 1699
90590 1160
98039 1111
54206 1030
72560 1318
67462 1902
72369 1122
56500 1360
56645 1156
51706 1771
66308 1155
61110 1155
90111 1859
88436 1377
94781 1128
68541 1380
80317 1455
86983 1093
86426 1939
59643 1105
88762 1503
57921 1456
67247 1226
65717 1889
92921 1130
62949 1141
81932 1138
51999 1778
76892 1176
88342 1836
52097 1086
77523 1286
59875 1675
58944 1948
54436 1070
80805 1994
95447 1072
96349 1783
75430 1433
65372 1719
79775 1082
60268 1488
58536 1920
97665 1450
95586 1198
84313 1608
91845 1605
80498 1499
93519 1918
93626 1920
81240 1293
85507 1637
71795 1963
80905 1245
87652 1878
94097 1092
61652 1810
64120 1347
56927 1801
99504 1635
84832 1974
67219 1199
69286 1491
58379 1812
98505 1070
81356 1854
50305 1318
81857 1936
74810 1047
74846 1236
51258 1079
83086 1772
55020 1900
96708 1667
57710 1363
59494 1381
91058 1846
54326 1896
94234 1348
95774 1513
80474 1024
50550 1124
58189 1225
97898 1877
88872 1759
82068 1514
72009 1147
78461 1216
74674 1181
96248 1202
73882 1511
54365 1126
57831 1213
99411 1299
53032 1338
77248 1114
71269 1283
74953 1004
78967 1444
70714 1839
97485 1099
76983 1490
82769 1899
81779 1058
88658 1684
73636 1186
52247 1756
66076 1707
98064 1362
70452 1379
83920 1366
91416 1699
52717 1340
66316 1512
96243 1782
51870 1443
82065 1947
75863 1851
82881 1894
96641 1625
61699 1629
80988 1832
75676 1233
65545 1421
89726 1775
62550 1341
57068 1467
67619 1641
68819 1607
81887 1618
93273 1366
90964 1434
73575 1310
58144 1942
87396 1811
62623 1437
65873 1916
82200 1779
98311 1676
74617 1589
92527 1611
71164 1702
77716 1323
80463 1294
84833 1433
53300 1184
57257 1177
80988 1797
99141 1043
59680 1896
58457 1353
74027 1567
73413 1625
50915 1840
52182 1196
96269 1809
64021 1271
79798 1652
80963 1052
93340 1076
58443 1372
64739 1193
90005 1957
77386 1930
74879 1767
69736 1768
97546 1617
58491 1444
51031 1146
83102 1917
80819 1568
67405 1856
51022 1408
75699 1438
89189 1508
55361 1021
59406 1420
91604 1307
67641 1241
87558 1299
91578 1435
94976 1921
56583 1838
52660 1389
77892 1349
55534 1177
90026 1756
61918 1765
50396 1818
62277 1121
80513 1834
95301 1235
50976 1448
98520 1151
81608 1986
81597 1308
98927 1592
60899 1282
91653 1792
90758 1372
81432 1360
56502 1721
53270 1518
54067 1569
86456 1037
57863 1769
73925 1043
80658 1675
97969 1423
88630 1473
89682 1839
73698 1228
76544 1494
63314 1808
80952 1690
54969 1271
51501 1760
63363 1245
54134 1719
74869 1453
62685 1928
72712 1249
68391 1586
53241 1032
76131 1516
80852 1641
50086 1543
84099 1091
51662 1664
74899 1089
87967 1118
80772 1418
99999 1188
78947 1995
93439 1644
65918 1657
90338 1688
62808 1258
73322 1769
71678 1105
55127 1451
57930 1283
73681 1791
70501 1833
87638 1055
81597 1483
91430 1233
69867 1124
86007 1448
61984 1977
61382 1506
54890 1884
97976 1351
69087 1441
76450 1787
95476 1043
63316 1783
62282 1035
95307 1439
55845 1716
93398 1858
58728 1920
71827 1758
86041 1423
65494 1181
88391 1637
51117 1191
71603 1069
97203 1479
80998 1753
70959 1311
75510 1856
76380 1446
52458 1862
84404 1632
92271 1834
69115 1152
56816 1646
65667 1813
55595 1641
61197 1864
53769 1076
65003 1031
70899 1245
56526 1158
83461 1305
88614 1717
97166 1976
95835 1018
79043 1577
52836 1640
64107 1608
76853 1326
76325 1554
84160 1437
66896 1153
61387 1144
57737 1430
62048 1441
52340 1685
72480 1237
67051 1530
80737 1788
95798 1688
326 326 326 326 0 0 0 0 0 314 314 314 314 0 0 0 0 0 282 0 0 0 0 0 0 0 0 0 0 0 0 0 0 376 376 0 0 0 0 0 0 0 0 0 0 0 0 331 89 89
188 188 188 188 182 182 182 0 0 314 385 114 114 0 0 0 216 216 282 0 0 0 0 0 0 0 0 358 358 358 0 0 291 376 376 376 0 0 0 0 0 0 0 0 80 3 3 331 89 89
0 120 377 377 182 233 233 0 312 312 385 385 114 0 0 0 216 216 282 166 0 0 0 350 350 350 0 53 53 358 0 291 291 122 122 122 0 136 0 0 0 0 0 0 80 3 3 331 331 331
0 120 120 377 182 182 233 233 312 312 195 385 114 114 0 0 282 282 282 166 0 0 0 350 350 0 0 53 53 358 267 291 291 179 122 122 0 136 0 0 241 241 241 0 80 3 293 293 208 331
0 120 120 377 36 36 61 61 61 195 195 0 0 0 0 204 204 204 204 166 39 39 0 365 365 313 0 57 57 57 267 267 267 179 122 0 0 136 0 0 241 174 174 14 80 293 293 293 208 208
0 0 120 120 36 36 61 61 61 195 195 0 0 0 0 0 204 204 345 166 39 39 365 365 365 313 313 57 57 57 185 267 267 179 179 0 0 136 0 135 174 174 174 14 14 14 293 293 183 208
0 0 0 242 242 251 251 305 305 195 18 18 18 18 353 353 204 204 345 345 345 20 365 365 278 313 313 232 185 185 185 267 253 179 179 0 0 135 135 135 116 116 112 112 112 14 293 183 183 208
0 0 0 242 242 251 251 131 305 305 18 18 353 353 353 353 99 99 99 345 345 20 20 278 278 278 232 232 232 304 304 253 253 179 0 0 231 231 230 116 116 226 112 112 112 237 237 183 183 208
0 0 0 0 370 370 392 131 305 305 305 220 220 220 220 353 347 347 99 150 150 150 20 210 210 278 232 232 232 304 304 253 253 0 0 0 231 231 230 230 230 226 226 112 237 237 237 237 237 63
0 0 0 0 370 392 392 131 131 380 380 380 380 380 19 19 347 347 249 150 150 150 210 210 310 252 37 37 37 37 37 234 234 234 234 231 231 260 260 260 142 142 226 198 198 198 63 63 63 63
0 0 0 76 370 392 392 131 131 297 205 205 205 380 19 19 347 347 249 249 119 150 310 310 310 252 252 262 262 279 84 84 84 84 84 231 231 260 260 142 142 32 32 198 364 364 364 364 160 160
0 0 76 76 370 67 392 131 131 297 205 349 349 349 177 177 27 347 249 249 119 378 378 338 178 252 252 262 262 279 329 329 329 329 84 200 260 260 59 93 142 32 32 15 160 160 160 160 160 0
325 325 76 76 370 67 392 392 340 297 297 286 349 349 177 177 27 27 27 119 119 378 378 338 178 178 178 279 279 279 137 137 137 329 84 200 200 200 59 93 93 93 93 15 15 15 15 269 269 0
325 325 225 225 67 67 340 340 340 222 222 286 367 367 367 367 367 12 12 12 119 378 378 338 178 178 178 248 279 279 137 137 137 329 84 148 148 200 59 59 93 93 93 15 15 62 62 269 269 0
325 325 225 67 67 67 343 343 366 222 222 286 286 203 203 367 367 12 12 12 119 378 378 338 229 229 248 248 243 243 243 137 137 254 254 148 148 43 43 164 164 164 164 164 62 62 62 0 0 0
325 225 225 67 334 334 343 343 366 222 168 168 286 286 203 203 12 12 69 69 119 263 229 229 229 346 248 248 243 243 243 254 254 254 254 254 43 43 43 2 2 158 158 158 62 62 0 0 0 0
295 295 193 193 334 334 343 366 366 399 399 168 168 286 203 203 139 139 69 69 263 263 346 346 346 346 190 190 276 276 276 276 60 60 65 245 245 43 43 2 2 158 158 158 357 357 357 357 0 0
295 295 193 193 334 317 317 399 399 399 13 13 168 344 344 139 139 167 69 69 263 360 360 360 346 346 190 190 276 319 319 60 60 65 65 245 245 245 315 315 315 315 158 348 348 129 129 155 0 0
295 295 192 192 334 192 317 317 327 327 13 13 344 344 344 35 35 167 167 69 69 219 360 360 391 55 55 55 55 319 319 319 264 65 65 245 34 34 258 258 381 381 381 348 348 129 129 155 155 0
0 0 0 192 192 192 25 327 327 58 58 186 344 35 35 35 35 167 167 167 372 219 360 391 391 159 159 159 111 111 264 264 264 175 175 175 175 34 34 258 381 290 290 348 196 196 0 155 155 0
0 16 16 16 25 25 25 327 327 58 186 186 344 344 169 35 35 167 372 372 372 219 219 391 391 256 159 159 336 111 111 316 316 175 175 175 175 173 258 258 290 290 146 348 196 196 0 0 0 0
0 16 271 271 218 218 218 157 157 58 186 186 186 284 169 169 169 351 351 351 351 351 361 361 256 256 336 336 336 111 111 316 316 173 173 173 173 173 173 173 8 146 146 146 196 38 38 0 0 0
0 0 271 271 218 141 141 157 157 265 265 265 265 284 284 284 49 49 49 191 191 64 361 361 256 268 268 79 79 79 106 106 106 106 280 280 280 371 74 74 8 8 146 146 38 38 38 0 0 0
0 0 0 75 75 141 141 324 324 324 265 355 355 284 152 152 49 42 42 191 191 64 354 354 239 239 268 180 180 79 172 172 287 280 280 280 280 371 371 74 74 8 146 38 38 0 0 0 0 0
0 261 261 75 75 240 240 324 337 352 307 355 355 97 97 152 94 42 42 191 64 64 255 354 239 239 268 180 180 79 172 172 287 147 311 311 311 371 235 235 23 23 23 0 0 0 0 0 0 0
0 261 261 274 274 240 240 324 337 352 307 307 97 97 97 152 94 7 7 64 64 255 255 354 354 239 239 239 180 6 6 287 287 147 311 330 330 371 235 235 23 117 117 117 117 0 0 0 0 0
0 0 0 274 274 240 240 240 337 352 17 307 97 97 94 152 94 206 7 7 163 255 77 109 109 109 6 6 6 6 187 187 187 147 147 147 330 330 394 23 23 181 181 117 236 0 0 0 0 0
72 72 0 274 125 397 397 397 337 352 17 307 107 107 94 94 94 206 206 206 163 163 77 109 109 109 6 105 105 105 187 187 187 187 104 104 300 394 394 212 212 181 181 236 236 0 0 0 91 91
72 72 199 199 125 397 397 144 352 352 17 17 107 107 107 94 127 302 302 302 163 163 77 77 362 109 109 383 383 105 211 71 272 272 272 104 300 394 275 212 212 236 236 236 124 124 124 91 91 91
72 72 199 125 125 328 328 144 144 144 259 259 259 107 154 127 127 1 1 302 163 163 77 362 362 110 110 383 383 383 211 71 71 272 272 104 300 275 275 212 212 368 296 296 124 108 108 91 21 91
298 72 199 125 217 328 328 144 144 292 292 292 259 154 154 127 127 1 1 318 318 318 77 362 110 110 110 383 383 383 211 211 71 71 71 194 300 275 275 368 368 368 296 296 108 108 21 21 21 91
298 199 199 199 217 217 217 217 81 81 292 292 5 154 154 127 127 162 162 318 318 318 77 362 110 288 288 151 102 102 102 400 400 194 194 194 300 54 54 339 28 28 41 41 41 41 145 145 21 21
298 298 298 199 223 223 223 217 81 81 292 292 5 5 5 301 301 162 162 281 281 396 309 309 309 288 288 151 151 102 102 400 400 115 115 184 300 54 54 339 28 28 41 41 41 145 145 83 123 123
140 140 140 140 223 223 223 92 92 341 294 294 294 294 301 301 301 250 250 281 281 396 73 73 309 373 373 151 151 133 126 126 50 115 115 184 184 54 339 339 28 28 0 0 0 145 83 83 123 123
140 140 140 0 223 85 85 92 92 341 294 283 113 113 113 398 398 398 250 250 250 396 73 73 73 197 373 151 151 133 133 126 50 115 184 184 184 184 184 78 101 28 0 0 145 145 83 0 0 0
0 0 0 0 223 85 85 92 92 341 341 283 113 113 113 398 398 33 33 238 29 396 396 197 197 197 373 96 151 133 133 126 50 50 50 50 44 44 90 78 101 101 101 0 0 0 0 0 0 0
0 0 0 0 0 332 332 332 98 52 52 283 283 130 130 398 33 33 238 238 29 66 396 66 202 202 96 96 45 45 45 45 24 24 11 44 44 44 90 78 78 0 101 0 0 0 0 0 0 0
0 209 359 359 359 207 207 332 98 52 52 283 283 130 130 398 238 238 238 29 29 66 66 66 66 202 96 363 45 45 45 45 24 24 11 11 11 228 90 90 0 0 0 0 0 0 0 0 0 0
0 209 359 266 266 207 207 98 98 31 31 390 390 390 143 143 143 143 303 303 303 213 213 285 66 202 202 363 363 289 289 289 289 56 56 11 11 228 90 90 0 0 0 0 0 0 0 0 0 0
0 209 266 266 26 26 26 51 51 31 31 390 390 390 333 322 143 143 143 143 303 213 213 285 384 384 384 363 363 289 289 103 103 176 56 389 11 228 228 323 323 323 0 0 0 0 0 0 0 369
0 209 266 26 26 26 26 51 48 48 48 333 333 333 333 322 322 100 100 100 100 170 285 285 384 388 388 388 335 335 335 103 103 176 56 389 389 389 228 228 228 323 323 323 0 0 0 0 369 369
0 128 128 128 308 308 308 51 51 356 48 46 46 46 201 201 322 322 322 121 100 170 170 285 86 86 388 388 189 306 335 103 224 176 149 149 277 277 277 277 395 395 323 323 0 0 0 138 369 369
0 0 0 128 308 308 257 356 356 356 356 46 9 201 201 273 4 4 121 121 170 170 320 285 86 86 388 388 189 306 335 335 224 176 176 149 171 246 246 395 395 395 0 0 0 0 0 138 138 138
88 88 47 47 47 257 257 30 30 30 356 46 9 9 165 273 4 4 121 227 170 320 320 156 221 221 221 189 189 306 214 335 224 224 374 149 171 246 246 68 393 393 393 393 0 342 0 244 0 0
88 88 47 47 47 257 257 30 321 30 321 321 9 9 165 273 273 227 227 227 153 320 156 156 156 156 221 221 306 306 214 214 214 374 374 95 171 246 246 68 68 68 68 68 342 342 244 244 0 0
88 22 22 40 40 375 375 375 321 321 321 321 0 9 165 165 273 273 10 10 153 153 247 247 156 382 382 221 70 70 70 70 0 374 95 95 171 246 0 161 161 161 161 161 342 342 244 244 0 0
22 22 0 40 40 375 0 0 270 270 270 270 0 9 165 165 273 273 10 10 10 153 247 247 382 382 221 221 70 299 299 0 0 374 95 95 82 82 0 161 161 161 379 379 379 379 244 0 0 0
0 0 0 0 0 0 0 118 118 270 0 0 0 0 165 165 87 0 0 132 132 153 153 134 134 0 0 0 0 299 299 0 0 374 95 95 82 82 0 0 0 0 0 0 0 0 244 386 0 0
0 0 0 0 0 0 118 118 118 0 0 0 0 0 387 387 87 0 0 132 132 153 0 134 134 0 0 0 0 0 0 0 0 215 215 215 0 0 0 0 0 0 0 0 0 0 386 386 0 0
0 0 0 0 0 0 118 118 0 0 0 0 0 0 387 387 87 87 0 0 0 0 0 0 0 0 0 0 0 0 0 0 0 215 215 215 215 0 0 0 0 0 0 0 0 0 386 386 386 386
