50 400 20
61257 1481
66398 1648
77178 1041
55418 1458
60789 1659
68161 1422
56682 1785
94208 1568
68588 1162
55961 1319
87094 1332
63358 1240
63344 1206
60710 1542
53631 1133
81969 1519
97613 1899
96215 1056
79085 1153
88937 1370
64502 1820
57100 1389
79798 1255
83726 1387
60381 1247
95445 1520
75919 1876
59065 1512
83020 1975
76798 1222
88027 1924
67230 1257
72837 1962
92665 1208
77469 1200
72482 1944
79833 1468
92720 1262
83707 1009
74030 1715
87644 1369
80809 1839
80364 1154
89820 1468
67568 1454
85846 1069
54276 1528
88090 1869
79915 1721
65153 1079
92905 1961
90650 1934
52314 1508
90084 1696
95680 1405
99549 1188
69095 1391
63309 1781
58926 1349
51317 1952
83186 1389
81159 1657
88461 1569
81914 1200
77790 1089
72874 1654
87217 1283
84299 1164
56127 1619
97122 1171
50872 1466
70729 1090
65274 1708
81981 1878
77221 1260
97945 1219
55696 1337
68821 1780
83192 1142
67305 1708
74606 1044
94252 1944
93429 1396
56548 1049
94606 1644
50469 1305
75893 1698
77959 1572
65602 1367
85196 1527
77192 1151
75424 1992
95669 1239
91953 1719
61519 1944
87116 1757
73840 1792
93327 1563
66350 1797
86735 1453
59344 1488
67049 1074
78238 1207
71909 1957
66358 1838
65986 1594
95328 1303
87820 1782
98699 1429
64714 1478
85737 1912
95930 1326
69067 1381
85846 1858
51549 1211
69037 1797
92771 1313
85834 1046
98315 1507
61244 1968
63226 1952
53305 1112
60689 1784
88219 1161
84302 1227
89135 1129
77832 1046
99341 1921
72671 1877
60274 1137
87709 1968
59990 1204
71187 1484
90732 1693
97205 1847
71011 1426
64345 1486
78018 1847
91380 1072
78189 1889
72734 1806
97311 1577
96329 1295
67187 1063
66661 1099
60355 1681
87344 1341
72994 1042
93297 1165
60815 1142
55177 1221
68318 1314
98954 1573
85923 1619
82486 1133
61756 1031
62042 1992
83868 1538
73860 1128
91228 1973
72235 1035
80072 1223
56489 1551
70271 1342
62567 1033
72417 1081
74487 1172
95272 1761
70275 1138
63716 1836
66280 1886
86165 1176
65944 1379
80019 1767
55354 1985
63164 1598
93956 1625
63665 1031
54704 1897
69549 1811
54290 1176
89697 1305
96080 1760
84699 1169
92145 1185
54922 1451
70408 1309
68345 1959
81738 1952
88251 1287
82483 1751
51952 1823
94052 1915
86217 1278
60244 1361
85844 1956
69933 1895
61530 1570
89295 1636
71217 1536
65626 1005
81349 1110
79952 1552
87031 1864
62323 1088
68091 1704
53565 1169
91826 1814
83932 1724
76068 1662
60196 1153
74178 1133
60552 1363
58712 1084
89078 1580
89412 1936
80457 1623
82511 1061
99784 1040
88565 1685
81677 1203
81142 1891
58578 1693
80759 1800
76433 1462
79596 1749
68357 1729
82840 1477
55128 1296
80285 1690
75942 1561
99312 1163
78060 1237
96603 1652
62067 1351
86498 1664
87111 1862
70238 1742
93638 1876
94438 1416
73978 1222
92844 1018
73089 1642
59870 1430
97421 1568
88880 1311
96228 1862
86935 1175
66449 1036
95965 1594
55496 1908
67965 1895
72009 1786
68410 1211
50147 1287
54629 1049
55930 1270
72741 1093
51850 1965
82644 1900
50550 1844
76639 1649
57142 1823
72961 1766
68745 1014
69445 1995
81363 1130
64947 1362
52346 1985
72483 1096
98110 1601
89139 1015
85749 1768
50337 1817
76688 1211
61856 1692
64352 1283
86592 1177
54199 1702
75588 1826
87582 1198
57382 1250
96623 1007
61092 1946
58033 1558
83710 1221
93629 1441
56237 1477
50319 1192
51119 1659
53374 1288
81280 1548
64672 1609
91601 1672
55315 1943
91172 1159
56328 1046
55071 1698
61914 1208
99859 1592
63206 1268
58079 1064
82702 1822
58152 1352
95612 1616
68004 1703
68788 1949
68258 1340
77917 1109
60526 1857
68316 1403
92848 1365
76166 1406
73623 1326
57065 1406
97162 1037
58783 1304
54652 1690
71938 1772
88969 1617
63292 1578
96688 1654
99122 1683
78068 1627
81042 1827
98740 1456
80275 1531
60442 1303
90354 1108
60420 1667
83842 1952
97977 1099
50852 1938
55081 1740
78603 1286
74230 1354
89890 1129
55098 1903
65415 1674
91424 1017
78045 1310
88496 1767
62270 1037
86404 1185
97280 1232
59666 1542
77122 1221
61379 1910
76512 1114
52362 1974
72694 1142
76677 1920
56813 1250
96508 1761
56718 1630
57493 1185
66445 1088
59295 1652
69414 1315
87057 1966
65922 1591
59747 1123
51933 1099
66908 1677
74313 1798
79183 1910
53910 1669
90572 1362
71896 1446
82645 1268
59590 1674
65482 1400
93019 1735
67875 1817
62126 1738
72333 1285
82407 1687
50635 1208
67054 1351
76458 1869
56545 1646
56837 1639
68152 1345
83673 1084
85336 1850
86224 1525
93411 1477
73467 1343
52077 1983
51799 1100
60450 1098
52308 1641
67959 1946
83273 1601
64278 1129
89598 1829
64523 1501
69868 1595
97197 1048
90108 1102
86 86 86 352 352 0 0 0 0 0 0 0 0 0 136 136 162 162 162 0 0 232 0 0 0 0 0 0 0 67 67 67 314 314 125 125 0 0 0 0 0 0 0 24 24 24 24 92 92 92
199 199 86 352 352 313 0 0 0 0 0 0 0 0 237 136 162 162 162 0 0 232 0 0 0 0 0 0 0 67 67 314 314 314 175 125 258 0 0 0 0 0 0 325 332 332 24 24 92 92
199 266 86 313 313 313 0 0 0 318 318 0 0 237 237 136 222 222 222 0 0 232 232 0 0 0 0 0 347 347 347 314 314 314 175 125 258 0 0 251 251 367 367 325 332 332 183 24 20 20
199 266 266 313 0 0 0 193 0 35 318 318 318 237 237 237 222 75 75 0 0 277 0 0 0 0 0 0 347 347 347 175 175 175 175 306 258 258 230 230 251 367 367 325 325 325 183 81 81 20
266 266 266 91 0 127 127 193 193 35 382 382 382 382 76 237 75 75 115 0 277 277 0 0 0 0 0 346 347 347 49 385 385 306 306 306 45 45 230 230 251 251 210 210 183 183 183 81 81 20
315 91 91 91 0 0 127 127 193 35 35 120 382 382 76 237 1 1 115 0 277 277 0 288 0 0 0 346 346 346 49 385 385 306 306 306 45 45 54 54 54 54 241 210 210 284 284 284 20 20
315 91 91 91 0 0 0 0 0 35 35 120 120 76 76 1 1 115 115 3 131 131 288 288 288 224 0 346 346 49 49 49 168 168 83 83 121 121 121 121 54 377 241 180 180 180 180 284 284 284
315 315 315 91 246 0 0 281 281 35 120 120 166 166 166 155 135 135 135 3 131 131 288 288 288 224 224 346 359 359 68 168 168 337 337 83 121 322 322 121 142 377 241 241 180 33 33 278 0 0
132 132 0 0 246 246 246 281 281 233 233 166 166 157 157 155 135 231 231 3 3 3 3 252 252 224 224 359 359 68 68 168 337 337 83 83 121 322 322 15 142 377 377 241 99 33 33 278 0 0
132 132 0 0 246 246 246 123 123 233 233 233 157 157 157 155 135 113 231 305 305 305 3 252 252 355 355 355 355 68 68 168 387 387 83 83 322 322 322 15 142 142 377 377 99 99 99 278 278 278
0 0 0 96 96 96 181 181 123 123 123 233 157 116 116 155 113 113 231 305 305 21 21 21 21 355 355 355 68 68 387 387 387 271 271 271 271 186 186 15 15 142 142 211 217 217 144 144 144 144
0 0 0 96 96 96 181 181 111 111 111 157 157 116 116 155 113 235 235 235 236 236 174 21 21 31 31 119 119 119 119 271 271 271 177 177 271 209 186 186 15 142 142 211 217 217 0 0 191 191
0 0 0 0 149 149 181 181 111 111 77 169 169 169 169 309 153 153 235 235 236 236 174 174 174 31 31 119 119 119 118 118 118 177 177 177 209 209 186 186 186 53 53 211 217 217 0 0 191 191
0 0 391 0 149 149 60 181 111 111 77 353 238 238 309 309 153 316 235 235 316 174 174 174 174 221 221 221 245 245 118 71 71 375 375 148 148 209 209 279 186 53 53 211 217 217 0 0 0 0
391 391 391 0 0 0 60 60 60 77 77 353 238 238 309 153 153 316 316 316 316 59 59 59 59 59 221 221 245 245 118 71 71 375 204 148 148 365 209 279 279 53 130 130 343 343 0 0 289 0
63 63 63 196 196 196 196 77 77 77 77 353 353 353 353 372 372 372 372 103 103 59 59 327 383 383 383 85 85 227 227 227 227 375 204 204 204 365 365 365 279 151 130 130 343 343 289 289 289 0
63 63 63 0 0 0 0 0 273 273 273 350 350 350 350 372 372 170 170 170 103 103 327 327 383 383 85 85 85 82 227 82 82 342 368 368 39 39 41 41 151 151 130 11 298 298 298 137 289 0
63 0 0 0 0 0 0 0 273 273 182 350 350 350 247 4 372 170 170 170 103 103 327 171 290 383 261 261 85 82 82 82 342 342 368 368 39 39 41 41 389 151 151 11 298 137 137 137 0 0
0 0 0 0 195 195 195 194 194 194 182 350 247 247 247 4 4 98 98 170 103 103 171 171 290 290 290 261 82 82 331 331 342 342 342 360 360 39 161 154 389 151 270 11 11 11 244 244 0 0
0 0 0 0 0 195 195 194 194 194 182 384 74 74 74 4 4 201 98 98 78 78 171 171 171 171 374 261 203 203 331 331 100 100 100 172 360 161 161 154 389 389 270 283 283 283 244 244 0 0
0 0 0 0 0 146 7 194 194 7 182 384 384 384 74 201 201 201 98 98 78 78 52 52 374 374 374 203 203 203 331 100 100 95 100 172 360 161 161 154 154 270 270 283 0 0 0 0 0 0
0 0 0 0 146 146 7 7 7 7 240 240 384 164 378 378 378 378 98 358 358 358 358 52 52 52 52 176 176 203 189 100 100 95 172 172 360 161 267 267 154 270 192 192 0 0 0 0 0 0
0 0 0 0 146 146 61 61 61 240 240 240 240 164 378 140 140 140 98 257 257 143 143 297 297 152 152 176 176 203 189 189 95 95 95 187 187 267 267 267 163 192 192 285 285 0 0 0 0 0
0 0 0 0 70 70 380 380 61 14 14 240 240 164 164 140 140 351 257 257 364 364 143 297 319 152 152 219 219 219 229 189 187 187 187 187 55 55 55 163 163 192 192 285 285 0 0 0 0 0
0 0 0 0 70 380 380 56 56 14 14 88 88 323 323 140 351 351 12 12 364 364 143 297 319 319 219 219 37 219 229 229 229 187 187 386 386 386 55 163 163 163 192 50 50 0 0 0 0 0
0 0 0 79 70 380 380 56 56 42 14 88 22 323 323 140 351 351 12 12 364 145 143 143 319 319 37 37 37 37 134 110 110 110 256 386 386 249 249 108 286 286 286 50 50 0 0 0 0 0
0 0 0 79 79 79 79 0 56 42 29 88 22 323 323 308 308 124 124 124 124 145 145 145 319 319 239 239 239 239 134 134 134 110 256 263 263 249 249 108 108 108 286 212 179 179 0 0 0 0
0 0 0 0 0 0 0 0 56 42 29 29 22 138 323 308 308 124 97 97 97 97 334 334 334 334 310 310 356 356 356 356 356 256 256 263 263 69 34 108 108 40 40 212 30 179 159 0 0 0
0 0 0 0 0 25 25 371 56 42 42 29 22 138 138 308 28 28 206 206 97 97 97 272 167 167 167 310 310 310 310 226 356 256 338 263 263 69 34 108 108 40 212 212 30 179 159 159 0 0
220 220 0 0 165 25 25 371 264 373 42 29 22 138 138 36 28 28 206 112 112 215 215 272 167 167 167 310 310 340 340 226 356 256 338 263 263 69 34 34 370 40 212 30 30 159 159 128 128 0
220 220 0 0 165 165 371 371 264 373 373 373 43 43 138 36 36 36 206 112 215 215 215 272 272 250 173 173 173 340 340 226 117 117 338 48 69 69 348 370 370 40 200 200 200 200 200 200 128 128
0 94 94 165 165 165 32 371 264 44 44 44 43 43 138 228 228 228 112 112 376 223 223 223 223 250 173 173 173 265 265 226 117 117 338 48 48 348 348 370 178 40 40 51 200 51 51 200 0 0
0 94 94 0 165 165 32 32 264 44 357 357 190 190 190 190 72 228 292 112 376 307 307 307 250 250 234 234 216 265 265 226 226 129 129 129 48 348 178 178 178 13 40 51 51 51 321 321 0 0
0 0 0 0 254 254 254 32 264 242 357 357 190 317 72 72 72 46 292 376 376 307 307 307 250 90 234 234 216 216 216 216 10 10 129 129 48 178 178 141 141 13 13 13 51 51 321 321 0 0
0 0 0 0 0 0 254 32 242 242 363 363 317 317 46 46 46 46 292 292 276 307 307 250 250 90 90 303 84 84 18 18 10 47 73 268 268 268 178 141 16 13 13 302 302 260 321 321 321 0
0 0 0 0 0 0 114 114 114 242 242 363 317 317 46 354 393 393 393 276 276 276 276 276 90 90 90 303 84 84 18 18 10 47 73 268 268 268 361 141 16 16 16 302 260 260 93 93 93 248
0 388 388 388 0 0 114 114 114 349 242 363 126 126 126 354 339 339 393 208 208 399 399 399 90 304 304 303 303 18 18 18 47 47 73 268 361 361 361 397 397 397 16 302 260 260 93 93 93 248
0 388 388 388 0 0 299 299 114 349 9 9 126 126 126 354 354 339 122 208 208 399 333 333 90 89 304 304 303 296 296 296 296 312 73 101 101 287 287 287 397 397 16 16 107 107 93 248 248 248
0 0 324 324 198 198 299 299 349 349 9 156 156 156 156 104 354 339 122 208 65 65 333 333 89 89 294 57 57 296 274 296 296 312 312 101 101 287 287 287 287 397 328 107 107 275 275 275 248 248
0 0 324 324 198 64 64 64 64 311 9 156 188 188 104 104 354 122 122 208 208 65 197 89 89 294 294 57 57 57 274 312 312 312 312 101 101 0 0 0 328 328 328 390 390 275 275 275 255 255
0 0 324 324 198 64 64 64 0 311 311 311 400 188 104 354 354 122 185 205 205 65 197 197 89 294 329 253 253 253 274 274 392 392 392 101 101 184 184 0 328 328 293 390 390 282 275 275 255 214
0 0 0 0 0 64 0 0 0 400 400 400 400 188 379 379 366 366 185 394 205 205 102 197 158 158 329 329 253 253 8 8 392 392 392 38 38 184 0 0 0 0 293 293 390 282 255 255 255 214
341 341 218 0 0 0 0 259 259 259 259 259 259 259 379 379 366 185 185 394 205 205 102 87 158 158 300 329 330 330 330 8 8 202 202 38 38 184 0 0 0 0 293 293 390 282 282 0 0 214
341 341 218 62 0 0 0 105 243 243 213 213 0 6 6 6 366 185 185 394 394 102 102 87 139 300 300 17 207 207 330 27 27 202 202 19 19 19 0 0 2 269 269 109 0 0 0 0 0 214
341 0 218 62 0 0 0 105 243 243 213 213 0 6 369 326 326 326 23 23 344 344 344 87 139 300 300 17 207 207 381 381 27 27 27 147 147 19 0 0 2 269 269 109 320 320 0 0 0 0
0 0 218 62 0 58 58 105 105 160 160 160 0 6 369 369 326 326 23 23 344 344 344 87 139 300 300 17 17 381 381 301 291 291 147 147 147 19 0 0 2 269 269 109 320 320 0 0 0 0
0 0 0 62 62 58 58 105 105 105 160 160 0 6 6 369 326 326 295 150 150 150 150 139 139 139 0 0 396 396 301 301 291 291 0 0 147 19 0 0 2 269 269 109 109 336 336 106 0 0
0 0 395 395 395 345 0 0 0 0 280 280 0 0 0 0 0 0 295 150 80 80 398 0 0 0 0 0 396 396 301 291 291 0 0 0 147 362 362 0 0 0 0 66 109 26 336 106 106 106
0 0 0 0 395 345 0 0 225 0 0 280 0 0 335 0 0 335 295 80 80 398 398 0 0 0 262 262 5 5 301 291 0 0 0 0 147 362 0 0 0 0 0 66 26 26 336 133 133 133
0 0 345 345 345 345 0 0 225 225 225 280 0 0 335 335 335 335 295 398 398 398 398 0 0 262 262 262 5 5 0 0 0 0 0 0 0 362 0 0 0 0 66 66 26 26 336 133 133 133
