50 400 20
68395 1432
66729 1639
72710 1003
65184 1780
89187 1985
61613 1403
79625 1243
73422 1305
75443 1830
66462 1450
62262 1384
75594 1127
50686 1184
64289 1977
98935 1629
55972 1622
91022 1528
51988 1729
73822 1964
79650 1511
67797 1696
54054 1465
59158 1520
55632 1480
50640 1550
56992 1445
51041 1460
67086 1019
76521 1317
51694 1420
52167 1990
71340 1475
78068 1040
73898 1716
50207 1315
51337 1024
99901 1494
74379 1876
53634 1576
74765 1484
90216 1586
57563 1055
97936 1833
82910 1356
61060 1449
88740 1469
93224 1116
74764 1234
77451 1424
96750 1248
99285 1641
59060 1709
75661 1772
62238 1572
73802 1778
79317 1644
92731 1068
53656 1119
50494 1623
54926 1191
84626 1766
78412 1253
53230 1258
98873 1913
52014 1320
96840 1319
75486 1164
54096 1237
92250 1835
90265 1277
71018 1864
86129 1165
84867 1990
58134 1091
57686 1815
89587 1924
76999 1933
75120 1150
82906 1952
56352 1192
94544 1729
64120 1145
89665 1372
68769 1330
66568 1899
70430 1429
59376 1346
83317 1482
60386 1617
83419 1058
96667 1876
69269 1787
94522 1787
54302 1744
67256 1630
58032 1910
67030 1172
82300 1365
85431 1038
50295 1183
92062 1098
94130 1904
97557 1851
86265 1696
82524 1761
63508 1620
50315 1064
78281 1476
93934 1552
89858 1856
80275 1558
96020 1185
94234 1637
71385 1603
92968 1766
58655 1185
71047 1132
82091 1646
90445 1815
93972 1586
60007 1006
82393 1135
56610 1729
70221 1010
50340 1497
67152 1954
69314 1130
90420 1406
69141 1075
85352 1361
92182 1914
85594 1204
83443 1285
71679 1921
89885 1223
85801 1715
89955 1912
81314 1828
96246 1696
76043 1203
65894 1934
97943 1754
76178 1361
55175 1704
65990 1935
62890 1446
92690 1760
67537 1179
64406 1410
83808 1796
75607 1488
89504 1299
72231 1286
96770 1075
60706 1950
81880 1737
80474 1927
64677 1422
81693 1550
75698 1821
94879 1777
96586 1974
89413 1119
79202 1394
67899 1449
79820 1104
92017 1940
72788 1029
54067 1802
69385 1879
96057 1276
91363 1282
77580 1176
51781 1595
73465 1490
99864 1762
84887 1435
50088 1353
82961 1810
84882 1405
65082 1357
66525 1283
54028 1688
96549 1952
87385 1896
76460 1273
99429 1952
56205 1564
60367 1983
99952 1181
57906 1762
98924 1658
98015 1013
63190 1647
54907 1946
51061 1765
92474 1030
63730 1083
59019 1331
65917 1850
52382 1819
95419 1240
75417 1941
82745 1155
76196 1837
51650 1078
86950 1416
68041 1200
75871 1924
68549 1456
89630 1629
94605 1047
60317 1588
69836 1106
98321 1277
71375 1304
52638 1693
72893 1352
90354 1499
85352 1601
62633 1323
97373 1602
72589 1846
63966 1052
81094 1134
62935 1670
81404 1555
54501 1172
66201 1729
97022 1208
61814 1982
68018 1579
72050 1522
67568 1282
91419 1986
77556 1905
59135 1198
77234 1053
56638 1541
55390 1495
58445 1793
92049 1582
68818 1078
67147 1394
74880 1820
57686 1453
68925 1224
77912 1199
84917 1171
53414 1970
68163 1288
64656 1417
64200 1032
67196 1342
68061 1385
57944 1346
97158 1324
60585 1028
63516 1769
64941 1535
94652 1432
85160 1193
93818 1795
92465 1368
79672 1133
61876 1649
91608 1407
75977 1737
67344 1428
84383 1259
86829 1080
87596 1023
54661 1910
67024 1822
74092 1131
57364 1493
85182 1590
97889 1384
59413 1357
91201 1450
53278 1762
57283 1771
51799 1295
69372 1654
53189 1476
67320 1266
80692 1868
84054 1600
92317 1202
85913 1173
98997 1990
51439 1736
66792 1081
65639 1413
65912 1874
89446 1139
50432 1248
72111 1518
81962 1080
53493 1599
54111 1275
72096 1348
80936 1721
77487 1518
80338 1045
66606 1132
69737 1375
81964 1757
79346 1678
92023 1189
98901 1027
82770 1692
93852 1492
72073 1229
83646 1537
85878 1176
61426 1997
65018 1017
78187 1639
74309 1128
85604 1824
88676 1345
92258 1770
77335 1668
63523 1206
62567 1441
53189 1738
71687 1240
62328 1110
53683 1394
99396 1414
77171 1556
78109 1537
58851 1803
85896 1966
65450 1780
93480 1318
52213 1382
63979 1148
92505 1333
51720 1001
50893 1917
96590 1751
56627 1658
99857 1319
98044 1878
86816 1054
97245 1276
58512 1083
78142 1234
83808 1749
55613 1691
70478 1640
63835 1777
59966 1571
57414 1955
72954 1915
91465 1402
57552 1600
56363 1836
50100 1179
90685 1323
81950 1611
95532 1702
98581 1874
88493 1333
60712 1921
92546 1234
82090 1300
67073 1950
99544 1389
68365 1998
98884 1406
57091 1012
93658 1364
76861 1171
98533 1747
69977 1029
98376 1655
70852 1676
51832 1267
70657 1235
68755 1547
94681 1992
52643 1958
71174 1409
98873 1187
93126 1842
96349 1746
91605 1041
97615 1748
60840 1537
98371 1438
89775 1441
78148 1031
50736 1838
60120 1489
98252 1037
75632 1596
60897 1591
254 40 40 40 0 0 0 0 0 0 0 0 392 0 0 0 0 0 0 0 365 365 0 0 0 0 0 21 21 21 0 0 329 329 329 0 0 0 189 189 157 157 0 0 0 0 0 0 0 0
254 254 254 40 0 0 0 0 0 0 0 0 392 0 0 0 0 20 0 0 316 365 0 0 0 0 0 21 212 21 0 0 329 47 47 0 0 0 189 189 157 157 0 0 0 0 0 0 0 0
254 0 40 40 0 0 0 0 0 0 0 392 392 0 0 0 0 20 316 316 316 365 0 216 216 0 0 21 212 234 234 234 357 47 47 0 0 0 250 250 0 0 0 0 0 0 0 0 0 114
0 0 40 40 0 0 0 0 310 231 231 231 231 0 0 18 18 20 389 389 389 0 0 216 216 0 0 0 212 243 243 234 357 357 357 302 302 0 250 250 0 0 0 0 0 0 232 232 0 114
0 262 142 142 142 170 0 0 310 310 310 310 0 0 0 118 18 20 389 389 308 308 216 216 216 0 93 93 212 243 243 234 73 73 73 73 302 0 250 250 347 347 0 0 112 0 232 232 114 114
262 262 142 142 170 170 206 206 206 206 310 310 0 0 0 118 18 63 393 393 308 308 308 308 93 93 93 93 93 35 35 234 0 364 364 73 302 0 326 326 326 347 112 112 112 0 0 0 100 114
0 262 0 142 170 170 170 297 297 0 0 0 0 0 118 118 18 63 393 393 210 210 111 285 285 282 282 228 228 35 35 234 0 364 364 283 9 0 326 347 347 347 112 112 112 112 0 0 100 114
0 262 0 315 315 315 315 315 297 297 0 0 124 0 63 63 63 63 238 238 210 210 111 285 285 87 282 282 228 35 35 0 0 0 283 283 9 0 0 246 246 246 246 211 211 211 140 140 100 273
0 0 0 315 295 295 315 315 31 31 31 31 124 124 124 253 253 238 238 238 7 7 111 87 87 87 87 282 228 35 184 184 0 0 283 0 9 9 0 246 246 246 246 211 211 211 140 140 100 273
0 276 276 276 295 295 280 280 280 31 70 70 286 286 286 253 253 253 253 238 7 7 111 252 252 252 252 148 148 148 184 184 0 0 0 0 0 0 0 0 0 0 0 0 359 359 359 64 64 273
191 191 191 276 98 295 204 280 280 70 70 70 286 286 286 253 253 146 146 139 139 139 111 252 201 201 201 148 56 56 184 184 0 149 0 58 215 215 215 0 0 136 0 0 130 130 359 64 64 273
191 191 191 98 98 295 204 204 280 70 70 70 286 14 14 14 83 146 146 83 139 139 139 201 201 201 391 358 56 56 184 184 0 149 58 58 215 215 215 0 0 136 334 334 130 79 79 64 64 64
128 128 191 98 242 242 242 204 280 99 99 99 14 14 14 14 83 83 83 83 151 151 94 214 214 201 391 358 154 154 62 62 149 149 58 58 58 58 186 0 223 136 136 334 130 79 79 0 0 0
128 128 191 242 242 242 242 0 0 0 99 99 99 362 362 83 83 199 199 199 151 151 94 214 214 214 391 358 154 154 62 62 149 235 235 81 122 122 186 223 223 363 363 334 130 300 0 0 0 0
0 0 0 0 0 0 0 0 17 0 0 42 102 362 362 362 325 199 91 91 151 151 94 177 74 214 391 358 154 109 55 55 149 235 235 81 122 60 186 223 223 363 363 229 229 300 300 300 0 0
0 0 0 356 356 0 0 17 17 42 42 42 102 362 325 325 325 91 91 91 151 151 94 177 74 74 74 358 358 109 55 155 155 235 81 81 122 60 186 378 378 378 363 229 229 380 380 380 0 0
0 0 0 376 356 0 0 17 226 226 102 102 102 39 325 325 325 351 351 351 351 332 177 177 177 123 123 307 109 109 55 155 155 116 120 120 120 60 25 378 378 378 363 229 380 380 380 178 178 0
0 0 0 376 356 376 17 17 197 226 226 278 278 39 39 39 325 351 351 117 117 332 332 387 387 123 123 307 169 169 55 155 155 116 116 120 60 60 25 25 25 25 363 85 85 178 178 178 178 178
0 0 0 376 376 376 376 197 197 226 44 278 278 355 355 355 260 96 96 117 117 332 332 387 12 12 307 307 169 121 121 155 77 77 116 120 60 82 82 182 85 85 85 85 222 222 0 0 0 0
0 0 0 0 0 0 113 197 44 44 44 355 355 355 260 260 260 96 96 163 163 163 163 387 12 12 244 244 169 169 121 121 77 77 82 82 82 82 182 182 319 319 319 319 4 222 222 284 0 0
0 0 0 0 0 0 113 352 44 44 44 44 299 299 299 386 386 96 96 217 217 217 217 15 15 244 244 36 36 36 36 49 49 49 336 336 82 200 182 182 319 319 319 319 4 4 4 284 284 0
0 0 0 26 375 375 113 352 352 352 144 144 299 299 299 386 96 96 270 217 217 258 258 258 15 244 244 367 36 36 36 49 202 202 202 336 336 200 200 182 383 383 1 1 1 1 92 284 284 0
0 0 26 26 375 113 113 266 245 245 144 144 353 353 299 386 270 270 270 156 156 84 258 258 15 342 244 367 36 335 335 335 335 202 202 385 145 145 200 182 383 383 0 0 92 92 92 208 208 0
0 0 26 26 375 266 266 266 245 245 144 144 318 353 353 256 256 270 156 156 84 84 227 227 342 342 244 367 367 345 335 335 335 202 132 385 145 145 281 281 281 195 195 0 0 0 0 208 208 0
0 0 0 0 0 266 266 32 32 32 237 237 318 318 256 256 274 274 274 274 84 196 227 227 342 342 321 321 367 345 345 160 160 160 132 385 385 385 385 281 281 281 195 195 195 195 0 0 0 0
0 0 0 0 0 322 322 32 32 61 61 237 318 318 318 318 395 395 274 274 196 196 227 384 342 342 321 321 367 345 345 160 119 119 132 132 176 176 385 33 188 188 195 54 54 195 0 0 0 0
330 0 0 45 322 322 322 343 19 61 61 237 371 313 313 313 313 395 395 377 196 384 384 384 348 348 348 321 367 183 345 160 119 119 152 176 176 33 33 33 188 188 54 54 54 104 306 306 306 0
330 330 303 45 343 343 343 343 19 198 371 371 371 371 366 296 296 296 377 377 377 257 257 257 348 348 348 321 321 183 183 236 265 152 152 152 152 350 350 398 167 167 167 167 0 104 104 104 306 306
330 303 303 45 45 45 343 343 19 198 23 23 366 366 366 30 296 296 271 377 377 28 28 257 257 287 161 161 321 183 183 236 265 265 265 268 350 350 398 398 398 398 0 0 0 388 388 388 388 306
330 303 303 162 172 172 269 343 19 198 141 23 209 366 366 30 30 271 271 304 304 28 28 287 287 287 161 161 161 138 138 236 236 268 268 268 268 86 86 86 86 309 22 233 0 0 0 0 0 0
330 162 162 162 172 269 269 269 141 198 141 23 209 209 366 230 30 271 97 304 110 400 400 287 333 333 90 90 161 138 138 138 236 268 268 86 86 86 309 309 309 309 22 233 0 320 0 0 261 261
0 0 126 338 172 338 269 269 141 141 141 209 209 209 366 230 230 97 97 304 110 400 400 287 127 333 90 90 161 105 105 138 138 138 67 67 67 67 309 309 309 22 22 233 233 320 46 46 261 261
0 0 126 338 338 338 76 76 225 247 247 360 360 159 159 230 230 97 97 97 110 110 110 287 127 333 5 90 90 382 105 105 327 327 65 65 13 13 13 13 192 192 147 233 233 320 46 46 261 261
0 0 126 126 29 29 76 76 225 247 247 247 360 159 159 230 230 370 370 224 115 115 369 127 127 5 5 90 90 382 382 80 327 399 399 65 107 107 13 192 192 249 147 147 147 320 174 174 174 174
173 0 57 57 29 29 137 137 225 247 247 247 360 275 275 275 275 370 291 224 115 115 369 279 5 5 51 205 205 382 382 80 327 399 399 65 107 107 264 264 264 249 249 249 147 0 174 190 190 174
173 0 57 341 341 341 137 225 225 344 344 53 53 275 340 340 340 370 291 224 369 369 369 279 5 5 51 205 205 382 382 80 80 399 399 134 134 134 150 264 264 264 312 312 312 0 0 0 190 0
173 173 57 341 341 341 137 225 43 344 344 53 53 53 340 340 340 6 291 224 259 95 95 279 279 51 51 205 205 153 153 153 11 267 267 134 48 48 150 150 150 312 312 312 131 0 0 190 190 0
0 0 57 397 397 218 218 218 43 43 294 294 294 340 340 6 6 6 291 259 259 95 95 95 194 194 194 205 205 288 153 153 11 267 267 267 48 48 150 150 150 312 0 0 131 0 0 0 0 0
221 0 0 397 379 218 218 218 43 43 294 294 294 129 129 129 72 72 259 259 168 168 95 95 194 277 194 193 288 288 153 153 11 267 158 48 48 48 339 339 339 0 0 0 131 131 0 0 0 0
221 221 221 397 379 379 218 164 164 164 164 164 294 129 372 372 72 72 394 394 168 168 24 24 277 277 194 193 288 288 203 203 11 267 158 158 158 48 339 0 0 0 0 0 0 0 0 0 0 0
68 68 68 187 187 379 69 69 69 311 311 311 381 240 372 372 50 50 108 394 394 101 24 24 277 194 194 193 193 288 203 203 203 37 37 37 37 289 289 0 0 0 0 0 0 180 180 0 0 0
68 0 68 68 187 337 337 69 69 311 381 381 381 240 240 372 50 50 108 108 108 101 101 277 277 171 171 193 193 125 125 125 125 37 37 37 16 16 289 317 317 0 314 314 0 180 180 0 0 0
0 0 68 68 187 337 337 390 390 41 41 381 381 381 240 372 165 165 165 108 108 101 101 277 171 171 89 193 193 298 298 373 373 373 373 16 16 361 289 213 317 317 314 314 0 0 166 0 0 0
0 0 135 135 187 337 337 390 390 41 41 8 8 8 8 328 165 219 219 219 108 368 106 106 239 89 89 89 207 298 298 373 373 10 361 361 361 361 213 213 220 220 263 34 34 0 166 166 166 0
0 0 0 135 66 66 66 66 390 2 2 2 2 2 328 328 75 75 219 219 368 368 106 106 239 89 207 207 207 323 323 10 10 10 305 361 305 305 213 213 220 220 263 263 34 34 290 166 272 0
0 0 0 135 135 135 241 241 390 354 354 38 2 38 38 328 328 75 75 75 368 239 239 239 239 59 59 59 59 323 323 323 255 255 305 305 305 305 213 292 292 292 263 301 290 290 290 290 272 272
78 0 0 0 133 133 241 354 354 354 354 38 38 38 38 38 0 248 248 75 75 75 239 239 143 143 175 175 175 323 323 255 255 103 103 103 324 324 293 251 251 292 263 301 301 301 290 290 272 272
78 0 0 133 133 133 241 241 179 346 354 0 0 0 0 0 0 248 248 248 3 3 3 143 143 143 0 0 175 255 255 255 255 103 331 331 324 324 293 251 251 88 88 88 301 301 349 349 349 71
78 396 0 133 133 0 0 179 179 346 346 0 0 0 0 0 0 0 27 27 3 3 181 181 143 143 0 0 175 0 0 0 0 331 331 374 374 293 293 293 251 88 88 88 301 0 0 71 349 71
78 396 396 396 396 0 0 179 179 179 346 346 0 0 0 0 0 27 27 52 52 52 52 181 181 0 0 0 0 0 0 0 0 0 374 374 374 374 185 185 185 185 185 88 88 0 0 71 71 71
