50 400 20
88833 1234
74678 1095
78170 1146
53187 1580
94592 1935
61204 1367
95069 1549
83950 1163
69212 1827
60722 1251
82290 1972
51733 1463
68681 1527
66394 1687
95181 1703
64266 1540
66249 1503
52784 1899
59651 1494
50464 1086
86502 1527
71521 1807
73615 1590
70210 1440
60349 1696
72295 1301
55783 1580
68826 1163
67740 1925
91474 1760
84621 1761
82423 1205
62472 1213
96875 1894
89187 1210
82007 1285
80582 1379
88760 1431
72112 1555
71209 1886
88230 1357
75807 1197
99220 1920
74061 1467
92631 1078
79998 1318
55639 1036
77789 1066
89237 1953
67971 1433
59265 1521
73307 1382
79996 1597
69654 1273
95242 1798
65190 1718
62066 1987
72772 1598
68779 1822
56628 1331
92256 1393
57942 1299
78393 1241
97925 1116
69862 1169
85873 1520
85205 1107
67961 1887
60305 1506
98152 1298
63068 1274
82172 1336
52161 1359
68082 1581
87234 1095
78728 1082
52073 1875
90343 1574
98416 1763
84781 1839
87364 1752
76193 1959
84477 1296
61278 1950
89878 1009
84878 1799
66162 1045
71481 1613
88157 1136
65645 1490
98869 1596
64246 1892
76692 1506
60750 1369
85952 1176
91337 1644
97447 1909
82077 1584
68201 1460
84171 1858
77622 1945
77189 1879
64407 1936
64207 1764
96308 1897
62757 1585
98798 1375
52240 1870
70774 1925
96427 1153
64548 1803
69996 1571
67613 1186
93708 1687
70820 1620
68643 1223
50287 1579
74006 1829
82484 1628
91619 1655
87078 1248
57732 1341
97411 1050
71162 1508
81212 1445
99678 1553
85012 1008
82074 1802
69088 1572
79241 1600
75668 1548
88814 1715
52520 1536
57579 1471
70034 1052
87725 1984
97094 1197
52591 1163
55166 1184
66929 1468
92791 1290
87028 1662
64771 1850
87455 1683
78656 1875
52519 1476
80776 1050
78707 1242
82663 1911
84240 1392
53998 1744
75570 1889
93106 1428
57521 1722
82695 1109
61187 1375
86891 1670
84240 1339
78430 1849
77755 1618
56640 1684
73341 1462
89307 1131
87663 1330
81161 1663
95343 1920
68587 1009
80917 1363
79326 1054
67837 1080
83056 1435
54774 1871
88329 1891
86958 1211
81981 1107
55783 1794
50371 1365
54225 1482
81875 1937
54462 1663
95276 1823
97139 1800
97842 1638
54557 1129
99197 1129
71809 1314
74580 1501
87916 1394
69415 1888
92908 1959
75347 1245
59283 1781
91965 1500
70459 1728
82255 1889
59593 1969
72558 1413
57643 1300
90974 1555
52697 1763
96087 1783
63492 1892
95849 1174
71288 1439
51953 1139
67865 1737
97302 1919
63347 1493
63892 1480
55582 1286
75913 1707
52006 1227
51992 1048
58755 1759
93868 1162
64532 1266
92509 1900
96426 1133
51371 1100
59889 1282
67920 1952
52363 1561
63599 1153
77028 1814
77089 1696
77896 1537
91773 1719
87086 1415
51815 1057
68369 1699
88898 1503
76801 1798
58172 1348
99325 1232
51521 1219
60966 1268
70519 1354
54807 1520
94944 1221
50852 1764
92342 1555
84108 1125
63892 1300
80376 1668
79424 1451
81035 1000
67605 1919
59276 1320
63028 1714
79412 1361
76839 1813
99447 1244
80998 1404
74429 1926
79013 1096
63236 1027
75917 1022
82670 1293
56663 1518
84795 1755
64213 1325
98034 1341
58521 1845
72587 1314
57116 1471
98725 1078
89199 1250
79237 1293
74148 1051
91994 1311
96352 1635
72844 1474
69185 1415
65577 1374
94375 1275
50658 1181
77725 1079
61570 1503
69515 1248
85321 1582
87229 1250
51094 1490
92948 1705
73819 1594
52428 1908
80428 1327
78576 1294
66781 1618
59409 1478
70927 1159
72846 1013
54573 1360
56722 1058
93499 1931
56452 1064
99463 1643
62028 1757
93726 1351
94482 1056
80570 1781
57389 1316
74000 1054
78122 1761
95559 1352
69706 1769
94901 1066
81569 1011
79694 1092
93758 1826
82783 1313
57258 1390
69417 1018
90592 1421
93697 1555
93798 1621
88183 1010
96683 1053
80225 1386
55136 1575
59807 1581
78687 1003
60562 1440
50265 1835
81713 1105
70484 1645
85634 1601
73921 1001
92857 1320
88063 1794
80400 1699
57146 1426
96397 1704
58357 1899
50510 1841
75351 1530
94355 1210
53052 1166
91280 1906
55151 1970
86258 1456
54428 1636
98095 1743
81586 1908
63830 1236
65089 1575
65121 1372
73061 1027
82375 1087
68282 1778
82298 1078
99888 1042
91415 1599
77292 1206
89440 1578
56055 1896
74739 1818
81064 1662
93944 1729
86886 1739
51617 1549
51498 1719
55355 1507
80461 1803
51024 1143
91508 1512
92047 1250
59646 1391
71928 1186
55870 1553
88930 1653
71417 1433
87918 1621
84114 1999
75915 1495
90095 1175
89854 1109
79020 1987
69154 1790
96529 1932
71713 1498
87932 1835
52659 1605
74644 1874
70061 1352
78141 1108
62396 1974
66050 1885
95765 1317
65067 1437
72776 1337
64072 1690
74297 1629
95112 1933
54409 1058
83795 1762
84082 1766
81922 1386
69284 1218
96260 1471
51955 1251
0 0 119 248 0 0 0 0 0 206 206 206 206 243 243 243 0 0 163 163 0 0 155 155 155 0 0 0 0 0 0 0 0 0 0 0 0 0 0 123 123 181 181 113 113 0 0 0 0 295
0 0 119 248 248 248 0 0 0 0 0 0 206 243 0 0 0 0 0 163 0 0 155 0 0 0 0 0 0 187 0 0 0 0 304 0 0 0 0 123 123 181 181 113 113 0 0 0 0 295
0 0 119 119 192 192 284 0 0 241 241 0 0 243 243 337 288 288 0 163 0 0 384 384 384 384 190 190 0 187 223 223 0 304 304 304 0 0 0 123 123 356 98 217 0 0 0 0 295 295
0 0 74 192 192 192 284 0 394 241 241 0 0 337 337 337 288 288 288 145 0 0 384 384 190 190 190 190 0 187 187 223 0 304 304 304 140 140 178 178 356 356 98 217 217 0 0 370 295 0
74 74 74 184 184 284 284 0 394 394 394 0 0 0 337 337 288 288 288 145 145 339 339 339 280 190 0 0 0 223 223 223 0 0 0 0 140 140 178 178 356 356 98 98 217 217 330 370 295 0
74 74 74 184 184 284 284 284 278 249 249 0 249 0 0 174 174 174 145 145 398 339 339 339 280 280 280 280 0 223 0 0 0 0 0 0 292 292 389 233 233 356 318 318 325 325 330 370 370 0
263 263 263 184 184 278 278 278 278 249 249 249 249 0 5 174 174 174 147 145 398 398 144 339 259 259 259 280 280 73 73 0 0 0 0 0 292 292 389 233 233 356 318 318 325 325 330 330 0 0
263 23 23 298 298 49 49 49 103 103 103 103 103 0 5 5 39 39 147 145 77 398 144 144 144 259 259 373 373 73 73 0 0 0 134 134 292 389 389 78 78 78 78 342 342 255 255 330 0 0
23 23 23 298 298 49 49 49 103 203 103 103 0 0 351 5 39 39 147 77 77 77 282 282 144 331 331 373 373 320 320 0 0 0 134 281 281 281 281 338 229 78 78 342 342 255 255 330 369 369
323 323 0 0 0 49 378 378 203 203 353 353 0 0 351 351 39 266 147 77 232 232 232 282 385 331 331 331 331 320 320 0 0 134 134 338 338 338 338 338 229 78 59 17 237 237 0 0 369 369
323 0 0 0 0 0 378 378 203 317 353 353 294 294 351 351 266 266 147 147 232 297 297 282 385 385 385 246 246 320 320 0 0 314 314 314 314 314 338 338 229 59 59 17 237 237 0 0 369 369
323 0 0 0 0 0 0 317 317 317 353 294 294 294 351 351 266 266 266 266 297 297 385 385 385 385 154 154 246 0 0 0 0 333 314 314 268 268 268 59 229 59 191 17 17 0 0 0 369 369
0 0 0 0 0 0 31 31 270 327 327 327 185 185 185 351 345 345 2 266 297 54 332 332 129 129 154 154 246 0 0 0 0 333 252 252 51 51 268 59 59 59 191 17 348 348 0 0 0 0
0 0 0 0 0 0 31 31 270 344 344 327 185 185 89 89 345 345 2 54 54 54 332 332 129 129 154 154 358 358 24 333 333 333 252 252 51 51 219 219 219 191 191 17 348 66 66 66 0 0
269 0 0 0 43 43 10 10 270 344 347 347 185 7 158 89 89 2 2 265 265 265 332 104 104 104 104 154 358 358 24 24 24 299 299 299 395 395 199 199 219 219 219 348 348 66 196 196 0 0
269 269 269 361 43 43 10 10 270 344 347 347 97 7 158 158 158 61 2 265 307 307 149 149 149 104 286 286 198 358 358 279 279 299 299 395 395 199 199 230 230 230 230 66 66 66 0 196 196 0
361 361 361 361 0 0 10 10 344 344 97 97 97 7 7 125 125 61 61 61 307 307 60 60 149 104 286 286 198 358 358 279 279 299 299 395 95 95 199 230 230 239 239 68 68 68 0 0 0 0
0 361 0 0 0 0 10 75 75 75 127 127 127 127 7 125 130 355 355 355 60 60 60 391 391 391 391 215 198 381 116 116 115 115 194 395 95 95 271 271 30 30 239 72 72 68 68 205 205 0
0 361 0 0 0 0 10 75 75 75 90 90 90 90 7 125 130 355 355 253 253 253 391 391 391 215 215 215 198 381 116 116 115 115 194 194 194 71 271 271 30 30 239 177 72 72 68 205 205 0
0 0 0 0 0 0 214 214 75 75 90 90 57 57 390 125 130 130 355 183 183 253 277 277 277 215 215 215 381 381 309 309 115 115 115 194 194 71 143 210 30 30 30 177 177 177 0 0 114 114
236 0 0 0 291 291 214 214 11 360 360 360 57 57 390 390 390 107 355 183 183 182 277 176 176 141 141 215 381 309 309 326 41 41 18 18 194 71 143 210 210 210 30 177 177 177 0 0 114 114
236 236 236 0 291 291 291 291 11 374 374 360 360 390 390 390 390 107 107 350 350 182 182 176 176 141 141 354 354 326 326 326 41 41 18 18 194 71 143 143 210 210 210 210 50 50 50 0 0 0
376 376 236 0 0 291 291 11 11 29 374 374 374 374 195 195 195 289 107 350 166 166 182 349 349 188 354 354 392 392 392 392 41 41 41 99 379 71 71 193 193 193 193 168 52 52 50 0 0 0
376 376 357 357 167 167 29 29 29 29 221 221 374 374 195 300 300 289 305 350 166 166 55 349 349 188 188 392 392 301 301 179 117 131 131 99 379 379 379 250 250 168 168 168 52 312 312 312 256 256
376 376 357 357 167 167 29 29 29 65 221 221 221 221 195 300 300 289 305 305 55 55 55 208 208 208 188 392 301 301 301 179 117 117 131 99 250 250 250 250 168 168 168 168 52 258 258 312 256 256
0 376 303 303 303 303 21 21 21 65 65 65 335 335 335 329 329 289 305 305 53 53 251 208 208 208 393 393 315 301 179 179 117 117 131 99 152 152 152 152 211 211 211 211 40 40 258 312 312 312
0 376 303 303 303 76 21 164 164 173 173 173 173 173 335 329 329 382 382 46 53 53 251 251 251 159 393 315 315 267 179 179 117 245 94 94 94 80 80 118 118 235 211 153 40 40 258 258 0 0
0 0 197 197 76 76 120 120 164 14 14 14 173 285 335 382 382 382 46 46 26 26 26 26 251 159 393 315 32 267 267 179 245 245 247 247 94 80 80 274 118 235 211 153 153 153 153 258 0 0
218 0 197 197 76 76 120 120 164 164 164 14 285 285 335 382 186 186 46 48 48 124 124 124 346 159 393 393 32 267 267 267 245 245 247 247 274 274 274 274 118 235 235 137 306 306 306 207 207 0
218 336 336 16 16 76 120 283 283 283 283 283 285 322 335 382 186 186 46 48 48 124 124 124 346 159 393 32 32 102 102 169 169 44 44 160 274 226 226 226 226 137 137 137 201 201 306 207 207 0
218 336 336 16 16 76 76 202 202 202 202 283 283 322 322 322 186 186 36 36 36 124 87 87 346 346 225 225 220 102 102 169 169 44 44 160 160 226 226 227 227 137 137 328 27 201 201 367 367 367
218 13 13 375 375 375 375 365 202 6 6 6 6 111 111 186 186 36 36 82 82 82 87 92 92 92 225 225 220 102 102 121 44 44 380 380 160 226 0 227 227 328 328 328 27 27 27 367 367 367
189 189 13 13 375 375 375 365 365 287 287 6 6 111 111 122 161 15 15 15 82 82 87 92 22 22 22 22 220 220 102 121 121 121 380 380 310 310 0 0 0 313 313 313 313 27 27 108 108 108
189 189 0 0 70 70 70 365 365 287 287 371 371 111 111 122 161 161 161 15 82 82 87 343 45 45 231 231 101 101 101 121 112 321 321 310 310 0 0 0 0 0 313 313 313 27 108 108 0 0
189 0 0 262 262 70 70 365 365 86 86 371 371 162 162 122 122 161 161 15 180 180 87 343 343 45 45 231 101 138 112 112 112 321 321 310 42 42 400 400 400 0 313 0 272 272 272 0 0 0
0 0 110 110 262 341 341 334 334 86 86 86 86 162 162 122 122 290 290 290 180 20 20 343 343 139 45 231 316 138 362 362 362 387 387 69 42 42 400 400 0 0 0 0 272 272 272 0 0 0
0 0 110 110 262 341 273 273 334 240 212 212 146 146 146 148 148 100 100 290 180 20 128 324 324 139 139 139 316 138 264 264 362 387 387 69 42 42 400 0 0 0 0 0 0 0 0 0 0 0
0 0 110 110 110 341 273 273 334 240 240 212 276 276 146 146 148 148 100 180 180 20 128 324 324 135 135 316 316 138 264 362 362 150 150 69 42 42 0 0 0 0 0 132 132 132 0 0 0 0
0 0 110 96 96 96 33 213 213 240 212 212 276 276 151 151 204 204 100 180 128 128 128 275 275 135 135 106 106 106 264 362 362 150 150 69 69 133 133 133 0 0 132 132 132 132 0 0 62 62
200 200 200 96 96 96 33 213 213 240 47 47 276 276 151 151 204 204 377 377 363 136 136 275 275 228 228 106 106 106 106 368 150 150 150 254 254 133 133 171 171 0 9 9 9 62 62 62 62 156
200 200 200 83 302 0 33 213 213 240 47 386 386 386 386 260 204 377 377 363 363 136 136 91 91 91 228 228 319 19 19 368 242 242 254 254 35 35 133 133 171 38 9 0 0 0 156 156 62 156
364 83 83 83 302 0 33 33 213 240 47 56 56 386 386 260 260 377 363 363 363 363 238 91 91 85 85 319 319 37 19 368 368 242 242 242 35 35 25 25 171 38 38 0 224 224 156 156 156 156
364 383 383 302 302 0 399 3 3 84 84 56 56 293 293 340 260 175 175 175 0 0 238 238 238 85 85 319 319 37 19 368 368 126 126 126 126 25 25 81 81 38 38 0 224 224 142 142 142 0
364 383 383 0 0 0 399 3 3 296 84 84 293 293 293 340 260 165 165 175 0 0 0 0 0 0 0 37 37 37 19 4 4 126 126 126 126 81 81 81 396 396 0 0 0 0 142 142 142 0
364 383 383 0 0 0 399 3 3 296 63 63 28 293 293 340 366 165 165 105 0 0 0 0 0 0 0 0 37 372 372 4 4 216 216 222 222 222 222 396 396 0 0 1 1 1 1 142 142 0
364 383 383 0 0 0 399 399 296 296 64 63 28 28 12 340 366 366 366 105 79 79 79 170 0 0 0 0 0 372 372 34 34 216 216 308 308 308 58 58 0 0 388 388 388 359 359 261 261 0
0 0 172 0 352 352 352 399 64 64 64 63 63 28 12 209 366 67 67 105 105 79 79 170 170 0 0 0 0 372 372 34 34 216 216 308 244 244 58 0 0 0 0 8 388 359 359 93 261 261
0 172 172 0 0 352 352 0 0 0 0 311 311 12 12 209 209 209 67 0 0 0 0 170 0 0 0 0 0 0 0 234 234 234 234 234 244 244 58 0 0 0 0 8 388 388 388 93 93 93
0 172 88 88 0 0 352 0 0 0 0 311 311 12 12 0 0 209 67 0 0 0 0 170 257 257 257 109 109 0 0 0 0 397 397 397 0 0 0 0 0 0 0 8 8 8 0 0 0 0
172 172 88 88 0 0 0 0 0 0 0 0 0 0 0 0 0 209 0 0 0 0 170 170 257 257 257 257 109 109 0 0 157 157 157 397 397 0 0 0 0 0 0 8 8 8 0 0 0 0
