50 400 20
59508 1904
78944 1378
85916 1010
64093 1136
79216 1384
63514 1769
66539 1161
92486 1889
75556 1168
93671 1296
78640 1179
71197 1571
53384 1657
64844 1886
79070 1491
68526 1895
77906 1943
64986 1630
55719 1083
59826 1754
50126 1511
58028 1162
71125 1681
60238 1845
86603 2000
61213 1205
54373 1678
50311 1607
76925 1368
64014 1894
52973 1580
93499 1460
61877 1007
57354 1128
99975 1516
85610 1085
86760 1913
72284 1861
72438 1064
62705 1858
99831 1196
93016 1690
54430 1750
80556 1786
60830 1249
59348 1624
87857 1380
77500 1346
57621 1642
63744 1892
83654 1397
65717 1433
69417 1168
95140 1884
94361 1837
85412 1585
88932 1212
63553 1114
88408 1717
87478 1047
80280 1345
85177 1401
97903 1273
58916 1628
61179 1905
95962 1165
96143 1294
88038 1064
55896 1297
98656 1184
61546 1732
71225 1314
77198 1538
72284 1577
92951 1491
88502 1592
74088 1399
95012 1161
84605 1142
82863 1818
88850 1547
96703 1669
84716 1349
76510 1080
68373 1370
76891 1394
83726 1386
92484 1973
64170 1956
89295 1509
87706 1737
55463 1919
78616 1300
72654 1186
59759 1882
90324 1403
55201 1084
95396 1500
83743 1108
96103 1767
65860 1136
73827 1745
65221 1721
79077 1720
75363 1798
84802 1788
64377 1479
67980 1258
88961 1040
69325 1765
64961 1873
90253 1364
69507 1967
98456 1343
98105 1439
56966 1422
79548 1092
86416 1225
81445 1535
77044 1231
62272 1626
62450 1645
84832 1882
50722 1910
84815 1747
78122 1055
83788 1251
51630 1108
65520 1373
82295 1266
81213 1282
50494 1657
56270 1934
96283 1494
94689 1801
51601 1583
82811 1865
91819 1192
98266 1408
98595 1834
81966 1626
53394 1268
95963 1025
58750 1354
87026 1582
55243 1995
53302 1333
73905 1564
96066 1979
89684 1823
61527 1568
76172 1593
57234 1974
65000 1586
60522 1937
76450 1661
63859 1084
56916 1004
71440 1974
69654 1899
51459 1451
63443 1528
90393 1885
93721 1456
75362 1743
79774 1961
91373 1326
86776 1371
91062 1514
91691 1874
98147 1531
75798 1532
85741 1974
70019 1930
93630 1963
99773 1664
67068 1345
61085 1853
95839 1096
80107 1994
94719 1497
83968 1239
63137 1006
79437 1491
65594 1831
84318 1531
66209 1884
96257 1692
91740 1336
56496 1776
70790 1035
91021 1326
97587 1591
55429 1134
63535 1414
59978 1081
61044 1137
56874 1985
51452 1893
78779 1398
52264 1015
86529 1356
54123 1861
99278 1529
84526 1686
61975 1151
78634 1418
65566 1821
70282 1577
95512 1701
64750 1478
52642 1264
72111 1085
87028 1046
81528 1182
67653 1980
53383 1715
91592 1883
61912 1301
63963 1513
89646 1366
73360 1523
82959 1398
60746 1476
53219 1675
77962 1767
99298 1300
98996 1952
73782 1702
83522 1864
65839 1782
51097 1933
99038 1804
57621 1003
98163 1737
91916 1607
99523 1945
57113 1675
55726 1468
51642 1904
75790 1769
74783 1864
77660 1050
74660 1308
98518 1798
90963 1031
95849 1923
84894 1641
60069 1113
52387 1683
92696 1688
78428 1456
97323 1109
88986 1600
98311 1563
83334 1694
56354 1330
95771 1266
91083 1444
63527 1701
71500 1650
58853 1444
85460 1397
60457 1440
50671 1336
54640 1624
81399 1269
76518 1688
52838 1806
51043 1207
60751 1123
95555 1141
95715 1578
89923 1284
51116 1513
77685 1101
56815 1166
96287 1666
77027 1878
76339 1977
58525 1570
64048 1341
90192 1987
52306 1997
54336 1934
56734 1831
51707 1824
95488 1599
92484 1426
88112 1673
85276 1396
52861 1079
89731 1131
91786 1121
83595 1719
59843 1505
84950 1973
62045 1702
72697 1424
60680 1993
85099 1536
81728 1930
86139 1024
87858 1539
62568 1047
85524 1323
83426 1781
74919 1155
91934 1284
68713 1159
80448 1142
73992 1529
95792 1385
71576 1398
99708 1335
60145 1637
97938 1060
51232 1765
63137 1200
91941 1555
54634 1424
50228 1936
82863 1729
83312 1036
73448 1261
92522 1803
64277 1223
95830 1525
53234 1397
72005 1882
97118 1684
82087 1638
80055 1798
64016 1818
94225 1826
62223 1881
81068 1199
68876 1735
53275 1162
95528 1201
87400 1470
97038 1774
85395 1442
57203 1393
94437 1621
67629 1188
82939 1867
68705 1340
53539 1870
82032 1409
90033 1860
98706 1697
64244 1473
89230 1596
79373 1939
71466 1325
60479 1275
80394 1127
98545 1237
99975 1209
99010 1690
85209 1454
87540 1153
82679 1610
51197 1117
62903 1731
59222 1133
87734 1609
99969 1552
88239 1526
94396 1538
79769 1824
77056 1838
59708 1161
98890 1824
92276 1720
87219 1328
83753 1380
55415 1848
50109 1943
90868 1926
96923 1557
87400 1903
89966 1758
54902 1057
57156 1608
69605 1634
70737 1536
57449 1076
69597 1426
84694 1527
59145 1193
64068 1199
73830 1269
75725 1353
57916 1157
91468 1201
83833 1600
83165 1399
96148 1807
194 194 338 338 338 338 0 0 0 267 267 116 116 0 0 0 0 0 0 347 347 347 0 0 0 0 187 187 0 180 180 180 180 0 0 0 0 0 351 351 351 351 351 351 351 391 391 120 120 312
194 194 194 194 338 338 0 35 35 267 267 116 0 0 0 0 0 0 0 0 347 347 0 0 0 0 187 187 0 0 232 232 232 0 214 214 214 214 351 280 166 166 166 381 381 391 391 120 120 312
194 225 225 225 225 225 122 35 35 243 243 116 116 40 40 0 0 0 0 0 0 344 344 0 0 0 229 229 0 0 0 0 232 232 46 46 46 46 280 280 280 280 166 381 381 391 120 120 120 312
0 0 0 122 122 122 122 121 121 243 243 30 40 40 220 374 374 374 0 0 0 344 344 0 0 0 0 229 0 0 0 0 232 232 46 274 46 328 328 328 349 349 295 295 381 289 289 312 312 312
0 0 0 0 0 122 122 121 121 243 243 30 220 220 220 374 374 374 0 0 0 0 52 52 233 233 229 229 0 0 0 0 0 0 310 274 274 328 328 328 349 349 295 295 289 289 289 0 0 0
0 0 0 0 0 0 70 70 235 235 243 30 358 118 118 118 374 238 238 238 319 52 52 52 233 0 0 0 0 364 0 0 0 0 310 78 274 329 329 162 162 295 295 172 172 289 289 0 0 0
0 0 0 0 0 0 70 70 235 235 30 30 358 118 64 242 242 242 238 238 319 52 52 52 233 0 129 129 364 364 364 342 342 342 310 78 329 329 329 162 162 162 162 172 172 172 93 93 0 0
62 0 0 0 382 382 382 70 331 331 331 358 358 118 64 242 86 86 86 319 319 49 0 0 0 0 129 129 364 364 364 342 342 342 310 78 78 87 87 87 87 162 162 4 4 93 93 0 0 0
62 69 69 0 0 0 382 91 91 331 331 399 399 399 64 64 86 86 49 49 49 49 148 148 148 148 173 173 173 51 51 51 342 34 34 29 29 29 101 45 45 278 278 4 4 4 0 0 0 0
62 69 0 0 0 0 91 91 91 331 106 106 106 399 399 150 150 150 128 128 128 148 148 148 148 173 173 173 76 126 126 51 145 34 34 29 29 29 101 45 45 278 278 4 4 4 161 287 287 341
62 69 325 195 195 0 147 147 147 331 106 111 111 399 399 178 178 150 371 371 128 128 128 72 72 173 361 76 76 126 126 51 145 145 145 29 29 101 101 45 1 1 1 258 258 161 161 287 287 341
325 325 325 195 195 0 147 147 106 106 106 111 111 178 178 178 178 215 215 371 371 184 92 72 72 361 361 76 76 192 155 155 24 24 223 223 138 101 101 45 138 1 300 258 193 161 161 287 287 341
333 333 333 333 333 0 0 0 0 385 385 385 385 178 178 240 240 240 215 215 215 184 92 109 361 361 361 39 192 192 155 155 24 24 223 223 138 138 138 138 138 1 300 258 193 193 287 287 207 341
388 388 333 321 321 321 321 0 0 385 83 83 385 182 182 240 240 79 79 79 184 184 92 109 109 339 339 39 192 192 192 24 24 24 230 230 335 335 249 249 249 249 300 300 193 193 207 207 207 244
388 388 398 345 345 321 0 0 392 392 83 83 182 182 182 240 240 79 11 11 11 11 92 109 109 339 339 39 39 39 39 24 23 23 230 230 335 335 210 210 210 249 300 300 300 193 0 0 0 244
398 398 398 345 321 321 0 0 392 392 83 290 71 71 369 369 369 79 248 326 11 11 190 190 190 190 16 367 367 367 367 307 307 23 23 318 318 318 210 210 210 357 300 95 95 95 95 95 0 244
398 0 0 345 132 132 397 397 387 387 290 290 41 71 71 369 369 369 248 326 326 326 326 268 268 268 16 16 359 359 359 359 307 113 113 266 318 318 210 357 357 357 0 95 256 95 95 0 0 244
398 0 0 345 345 132 397 387 387 352 290 144 41 71 71 71 149 248 248 298 298 383 383 268 31 31 31 16 262 262 359 359 307 113 113 266 266 372 372 372 0 0 0 256 256 0 0 0 0 0
0 0 5 5 5 132 397 397 397 352 352 144 41 105 17 17 149 149 149 298 298 383 383 268 268 174 31 262 262 221 179 179 307 170 60 60 266 372 372 372 372 306 0 256 256 0 0 0 0 0
0 0 5 0 0 380 363 363 212 212 352 144 41 105 17 149 149 149 330 330 298 298 82 82 174 174 221 221 221 221 179 179 170 170 60 60 60 60 222 306 306 306 0 0 0 0 0 0 0 0
13 0 0 0 0 380 363 363 212 212 212 144 41 105 17 115 332 332 330 330 298 298 82 82 174 61 61 221 221 396 396 370 170 170 158 158 60 222 222 0 0 0 0 0 0 0 0 0 0 0
13 13 13 13 0 380 380 380 380 380 212 144 90 105 17 115 115 332 332 330 82 82 82 82 323 323 61 61 61 396 396 370 370 170 158 158 185 222 0 0 0 103 103 103 0 0 0 0 294 231
9 9 13 13 0 380 0 0 0 0 212 90 90 105 10 115 115 186 265 265 327 327 327 323 323 323 98 163 163 396 153 153 370 185 185 185 185 222 0 0 0 0 114 103 146 226 294 294 294 231
9 308 0 0 0 0 0 0 0 0 212 90 90 90 10 10 186 186 265 265 142 327 327 323 98 98 98 98 163 163 153 153 257 257 362 362 362 222 222 0 0 0 114 146 146 226 231 231 231 231
9 308 0 0 65 65 50 50 390 390 137 137 211 10 10 10 186 186 265 265 142 200 323 323 350 350 304 98 98 107 316 257 257 257 362 362 362 305 305 305 0 0 114 146 226 226 88 0 0 0
0 308 308 0 154 65 50 50 390 390 137 137 211 211 133 10 186 265 265 142 142 200 200 68 350 350 304 282 282 107 316 203 203 362 362 384 269 269 269 305 0 0 114 301 301 88 88 0 0 0
0 0 308 154 154 65 2 2 2 390 38 169 211 211 133 133 133 354 354 354 354 200 68 68 350 350 304 282 282 107 316 203 203 218 218 384 269 269 0 0 0 395 395 301 301 88 0 0 355 355
0 0 308 154 154 65 2 2 2 390 38 169 299 211 211 12 44 44 208 208 208 200 68 68 206 206 304 18 18 107 316 20 20 218 218 384 104 104 104 0 0 395 395 301 301 301 33 33 355 355
8 8 8 19 19 348 348 251 2 38 38 169 299 302 302 12 44 198 208 208 208 200 80 26 26 206 206 206 18 107 213 213 20 20 20 384 104 104 104 334 334 334 334 167 3 3 33 0 0 0
8 8 8 8 19 348 348 251 251 251 169 169 299 302 302 12 44 198 191 191 191 80 80 26 26 75 75 206 18 89 213 213 285 285 285 285 104 135 135 135 167 167 167 167 3 3 33 0 0 0
254 254 19 19 19 217 264 264 264 169 169 279 299 299 302 12 368 198 191 191 191 80 26 26 26 67 75 275 89 89 89 286 286 286 227 81 81 135 135 135 167 167 167 7 7 48 0 0 0 0
254 254 197 197 19 217 264 393 393 59 59 279 279 279 302 302 368 198 292 292 191 191 176 176 67 67 75 275 89 378 286 286 286 286 227 81 81 81 81 322 322 201 201 7 7 48 48 48 48 0
0 254 197 197 217 217 393 393 393 59 59 96 96 94 94 302 368 368 368 292 292 176 176 176 67 99 99 275 378 378 141 25 324 227 227 324 15 15 81 322 322 201 201 284 284 48 0 0 48 84
0 175 175 175 217 217 58 63 63 63 356 96 96 94 94 6 6 368 368 292 176 176 152 152 152 99 99 275 378 141 141 25 324 324 324 324 15 15 81 322 353 201 201 284 284 0 0 84 84 84
0 0 0 175 297 297 58 63 336 336 356 356 96 96 346 6 6 6 303 303 303 143 143 152 152 183 275 275 277 141 25 25 259 259 22 22 260 260 260 322 353 201 201 340 284 0 0 0 0 0
112 112 276 276 297 58 58 63 336 336 356 356 346 346 346 250 250 177 303 241 241 143 143 183 183 183 275 277 277 42 42 42 42 259 22 22 260 260 353 353 353 160 340 340 0 0 0 204 204 0
112 112 276 276 297 53 53 63 270 270 270 379 379 346 346 250 250 177 124 124 241 241 386 386 263 263 263 277 277 42 134 42 42 259 259 317 317 260 159 159 159 160 340 160 0 0 0 204 204 0
119 119 165 73 73 73 53 53 270 270 224 379 379 379 346 177 177 177 124 124 241 360 386 386 263 97 97 277 102 102 134 134 134 259 259 317 125 260 159 159 159 160 160 160 0 0 204 204 0 0
119 119 165 165 165 73 53 168 43 43 224 224 224 379 346 85 177 85 85 241 241 360 54 97 97 97 97 56 56 102 202 202 219 259 219 317 125 125 159 123 123 131 315 74 74 117 117 0 0 0
139 139 139 165 165 181 168 168 168 43 375 375 375 375 375 85 85 85 85 85 360 360 54 54 293 293 56 56 102 102 202 202 219 219 219 247 247 125 159 123 123 131 315 74 117 117 0 0 0 0
0 108 139 165 165 181 168 168 168 43 43 151 21 21 21 130 130 236 236 283 283 360 54 54 337 293 293 56 27 102 0 0 0 205 219 247 247 125 47 47 131 131 315 74 272 272 272 0 0 0
0 108 108 108 108 181 32 32 209 43 43 151 151 377 21 130 130 236 236 283 373 373 54 54 337 293 293 237 27 27 27 0 0 205 205 247 247 271 271 47 273 131 315 315 0 0 272 0 0 0
0 0 108 100 100 181 32 32 209 209 209 209 151 377 377 377 377 0 0 283 373 373 246 246 337 293 237 237 110 110 110 110 0 0 205 205 36 271 271 47 273 273 273 394 156 0 0 0 0 0
0 14 100 100 100 127 239 239 281 281 281 288 288 288 0 0 0 0 37 189 189 189 246 389 337 237 237 0 0 0 0 0 0 188 36 36 36 199 199 47 47 47 273 394 156 253 253 313 0 0
0 14 100 100 100 127 127 239 343 343 281 288 288 288 0 0 0 0 37 189 189 189 246 389 389 0 0 0 0 0 0 0 0 188 36 245 245 199 199 47 28 28 394 394 156 253 253 313 313 313
0 14 14 14 311 311 127 239 343 343 291 291 291 291 0 296 296 37 37 37 189 189 400 400 389 389 389 389 0 0 0 0 0 188 36 245 245 216 199 199 28 28 394 394 156 0 0 0 0 0
55 55 14 14 311 311 127 127 365 365 291 291 291 291 0 296 296 37 37 376 400 400 400 366 366 366 320 320 0 0 0 0 0 188 245 245 0 216 216 216 28 28 394 309 309 0 0 0 0 0
55 55 234 234 311 311 252 365 365 365 365 314 140 140 0 0 0 376 376 376 400 400 228 228 228 366 320 320 0 0 0 255 255 255 255 255 0 0 216 216 136 309 309 309 309 309 0 0 0 0
0 0 234 234 311 311 252 252 252 0 0 314 140 140 157 157 0 0 0 0 0 0 171 171 228 366 196 196 0 261 0 0 255 57 57 0 0 0 136 136 136 77 0 0 164 164 0 0 0 0
0 0 0 234 66 66 66 66 66 0 0 314 314 140 157 157 0 0 0 0 0 0 171 171 171 196 196 196 0 261 261 261 261 57 57 0 0 0 77 77 77 77 0 0 0 164 164 0 0 0
