50 400 20
54721 1820
56783 1849
51934 1579
96665 1188
84005 1534
84246 1514
83199 1135
64400 1702
53380 1786
51230 1449
69672 1359
78231 1786
70002 1024
81167 1631
74350 1089
80899 1914
87166 1588
79525 1445
67753 1035
58993 1604
86523 1771
59210 1637
80125 1871
64245 1933
89239 1311
70479 1949
77927 1190
95144 1829
85851 1117
92344 1307
94676 1014
90418 1849
62709 1595
78809 1337
56988 1541
90117 1320
98205 1949
85332 1920
61598 1982
70525 1958
63330 1380
85048 1668
71134 1186
77264 1261
52174 1894
64483 1006
57944 1960
52581 1304
96827 1846
87380 1983
54854 1323
70678 1213
90982 1595
61513 1564
69570 1152
82129 1019
63555 1626
70107 1528
52921 1810
76705 1184
68845 1209
67589 1781
61709 1850
58782 1671
84903 1121
98463 1943
70093 1782
65397 1069
98322 1822
66511 1076
99596 1127
58783 1865
94773 1112
61141 1087
90619 1449
51243 1054
88292 1872
74160 1770
51276 1604
51425 1504
57120 1903
87370 1224
57434 1308
77741 1131
97444 1165
67434 1789
56520 1063
95924 1095
71377 1822
83262 1018
68469 1898
68223 1483
94766 1849
86472 1101
54732 1804
97704 1040
54905 1386
86384 1043
53105 1755
92516 1025
50969 1500
54008 1106
62183 1883
84830 1551
65616 1370
53871 1503
85689 1816
80390 1330
63336 1888
52903 1480
84965 1350
72094 1135
75199 1296
96348 1401
99716 1031
81406 1504
72666 1653
84614 1424
77660 1864
56102 1731
75370 1108
83049 1198
61832 1003
74913 1788
97653 1376
89004 1393
75699 1139
91845 1278
98042 1083
63855 1335
64224 1298
85720 1720
66661 1888
59145 1163
57444 1985
82735 1691
77373 1775
78994 1728
98361 1838
86287 1020
52488 1308
70618 1578
60507 1322
54245 1889
76303 1067
73296 1789
70374 1198
93225 1621
56764 1264
70548 1745
63280 1439
56574 1474
65726 1590
53252 1889
82563 1586
54088 1044
55428 1560
91592 1874
86219 1894
73012 1391
51610 1810
90158 1031
93596 1533
51082 1862
57580 1359
58565 1142
50269 1465
75224 1605
51563 1114
83579 1767
54662 1651
67582 1803
99711 1665
50390 1045
97873 1788
68599 1417
62275 1715
92933 1780
97269 1901
82943 1013
67344 1255
98073 1029
76135 1515
75900 1942
83325 1976
77588 1548
66482 1869
94255 1049
79706 1458
60144 1839
62395 1600
63645 1466
53869 1488
57409 1230
95437 1376
59653 1947
56589 1958
64611 1539
81018 1554
98657 1011
76182 1801
55434 1915
84181 1785
57078 1254
98780 1552
61191 1090
86658 1634
66696 1628
76194 1689
83390 1344
55312 1957
91849 1408
78518 1675
67377 1413
99932 1143
82721 1986
54542 1100
74204 1570
96037 1630
74764 1819
57673 1307
70326 1710
60541 1257
90652 1143
84984 1748
93499 1262
98290 1830
89129 1072
62248 1644
61809 1864
96095 1690
58499 1540
78166 1351
78880 1997
97802 1492
78070 1668
76716 1218
69694 1030
94427 1637
72123 1231
73358 1588
76286 1656
70304 1966
84856 1175
81071 1037
76774 1482
84330 1215
71971 1113
70970 1119
50220 1331
86952 1718
59031 1050
99403 1077
64478 1572
54917 1866
70406 1145
51890 1174
58858 1965
83864 1759
74021 1383
55864 1263
70029 1129
90330 1993
94512 1409
57894 1122
76742 1204
84020 1170
51122 1526
96135 1901
97056 1219
66967 1054
86466 1512
73600 1047
75905 1895
70744 1201
54278 1698
54511 1874
93206 1110
85079 1186
64625 1513
92190 1024
70995 1836
98632 1218
68861 1381
76549 1818
86727 1269
50456 1001
61027 1605
88356 1089
61070 1540
89102 1281
69175 1740
79330 1056
74906 1122
59630 1018
68506 1078
78407 1380
65538 1848
91497 1530
90497 1407
71672 1085
83575 1204
94984 1292
56023 1084
92660 1380
96087 1004
67357 1554
75002 1056
59867 1280
81416 1175
89699 1218
79736 1167
72927 1493
96969 1522
91934 1830
73538 1805
97600 1127
74660 1634
68168 1367
74233 1373
65201 1461
71395 1818
68377 1997
85148 1817
60723 1775
74705 2000
77228 1464
94362 1760
52176 1366
70859 1290
61027 1202
52465 1177
52144 1445
84256 1122
95753 1508
99783 1572
87692 1426
63912 1039
75499 1630
57824 1781
52768 1259
98071 1990
86638 1069
98477 1843
56026 1039
89825 1360
54143 1399
84104 1991
59322 1479
80867 1757
89521 1789
59934 1224
95615 1078
93628 1717
78673 1648
83254 1078
56884 1206
60285 1609
87718 1179
56773 1287
55748 1789
91854 1074
80068 1681
62792 1924
97944 1821
60388 1028
88352 1972
74183 1204
63565 1189
78637 1918
65925 1378
66237 1123
55533 1714
83729 1214
80441 1495
67558 1847
99824 1925
96893 1404
59664 1580
76434 1216
85516 1815
70344 1349
52442 1646
82619 1510
61226 1077
79962 1130
60420 1968
58635 1187
96860 1548
85561 1382
84096 1994
83769 1298
61840 1952
83627 1649
64268 1955
61535 1528
80777 1044
81098 1341
54354 1933
91962 1058
0 0 0 0 0 0 0 0 0 0 0 0 0 0 327 327 80 80 80 0 0 130 130 39 0 0 0 0 263 49 49 49 32 32 0 0 0 0 207 317 317 317 0 0 0 0 0 0 0 0
0 0 0 0 0 0 0 0 0 0 0 0 252 252 327 327 327 80 80 0 0 130 130 39 0 0 0 0 263 49 49 49 32 32 0 0 0 269 207 207 207 317 0 136 136 0 0 0 0 0
0 0 0 0 186 186 42 42 0 0 0 0 252 252 299 299 299 224 224 0 39 39 39 39 0 0 0 0 263 347 347 347 32 0 0 0 0 269 247 247 183 183 136 136 136 136 0 0 0 0
45 0 0 0 186 186 187 42 368 368 0 0 232 163 163 299 299 213 224 0 0 0 27 27 0 0 0 0 263 347 0 73 32 32 0 0 269 269 247 247 247 183 183 183 136 0 0 0 0 0
45 359 0 0 186 187 187 42 368 0 0 232 232 163 163 213 213 213 224 224 63 63 27 27 374 374 0 0 0 0 0 73 73 73 73 321 321 321 321 50 50 21 21 183 136 0 0 0 0 0
45 359 0 186 186 187 187 187 368 368 232 232 11 11 11 213 302 213 229 229 63 63 27 27 374 374 0 0 0 0 73 73 83 83 73 321 321 321 350 50 50 21 21 162 162 215 0 0 0 0
45 359 359 186 355 161 161 161 368 368 232 232 11 70 302 302 302 243 229 229 229 200 200 27 374 374 374 107 0 0 338 338 83 83 122 122 122 350 350 50 50 50 162 162 215 215 0 0 0 0
45 0 0 355 355 161 44 44 331 331 322 232 11 70 70 243 243 243 229 229 200 200 200 27 171 171 374 107 151 151 151 338 83 83 122 122 122 350 99 99 185 185 185 313 215 215 0 0 0 0
0 0 0 355 355 44 44 44 331 331 322 34 34 34 70 67 53 220 113 113 113 113 275 275 171 171 107 107 41 41 151 338 140 140 122 122 156 156 99 99 185 313 313 313 313 313 0 0 0 0
0 0 0 121 121 121 95 95 95 322 322 34 262 34 67 67 53 220 220 113 113 113 275 275 171 171 107 128 41 41 248 248 140 140 104 156 156 62 62 361 313 313 78 78 86 86 0 0 0 0
0 231 0 121 121 121 95 95 95 322 12 262 262 34 67 69 53 220 220 113 275 275 275 275 365 266 107 128 128 41 248 248 104 104 104 1 1 62 62 361 361 361 78 78 86 86 0 0 0 0
0 231 231 231 0 0 281 281 12 12 12 262 335 335 69 69 53 53 319 319 319 138 365 365 365 266 266 128 128 314 314 334 334 1 1 1 300 333 333 333 333 361 254 78 86 86 0 0 0 0
0 0 0 0 0 281 281 281 12 12 12 12 335 335 69 233 53 20 135 319 319 138 194 194 365 266 266 266 128 109 314 334 334 300 300 300 300 241 241 333 339 254 254 254 254 48 48 48 0 0
0 0 0 0 0 264 264 168 168 178 178 366 335 335 218 233 20 20 135 135 135 138 194 194 192 144 144 257 128 109 314 330 334 300 326 241 241 241 241 339 339 339 339 254 48 48 0 0 0 389
0 0 245 134 134 264 264 168 168 178 178 366 366 366 218 233 20 20 88 88 135 138 35 194 192 144 144 257 257 109 109 330 330 330 326 326 241 241 234 339 339 259 259 0 0 0 0 389 389 389
0 0 245 134 134 134 100 168 74 74 178 38 218 218 218 233 20 20 88 88 135 35 35 278 192 192 192 192 257 257 109 109 109 326 326 326 132 132 234 234 259 259 273 273 273 0 0 389 389 389
0 0 245 98 98 98 100 168 74 74 178 38 38 10 10 10 10 377 377 387 387 387 35 278 354 354 192 192 244 244 169 169 336 336 336 292 132 132 234 234 139 139 139 139 273 357 357 357 357 357
142 142 245 245 64 98 100 100 74 74 249 249 38 249 377 377 377 377 377 387 6 35 35 278 278 354 354 244 244 169 169 169 336 68 68 292 292 292 234 234 0 0 0 0 0 0 0 0 0 0
142 142 142 400 64 64 31 31 31 153 249 249 249 249 344 235 235 235 6 6 6 81 81 81 81 81 354 244 244 244 25 336 336 68 68 394 394 141 230 230 369 0 0 0 0 0 0 0 0 0
60 60 400 400 64 64 31 31 31 153 211 211 211 344 344 235 181 235 6 346 6 376 376 81 81 146 174 174 174 174 25 25 336 68 68 394 394 141 230 230 369 0 0 0 0 0 191 191 0 0
60 60 400 90 64 64 227 256 153 153 182 182 211 344 181 181 181 346 346 346 337 376 376 371 371 146 386 386 386 25 25 25 329 329 310 82 82 141 141 141 369 0 0 179 179 179 191 255 255 0
60 332 90 90 227 227 227 256 256 256 256 182 182 226 226 226 226 226 201 201 337 251 251 371 371 146 146 304 386 25 304 304 329 329 310 310 82 82 82 82 369 360 360 345 345 179 191 255 255 0
0 332 90 90 17 227 217 217 217 256 256 46 46 203 203 373 373 372 372 201 337 337 251 251 371 367 367 304 304 304 304 304 116 310 310 310 94 96 96 369 369 176 360 345 345 305 305 255 0 0
0 332 390 390 17 17 268 268 217 256 46 46 46 203 203 203 373 372 372 201 201 30 210 210 371 367 367 111 111 111 155 155 116 116 310 310 94 198 96 96 96 176 360 0 0 305 305 305 0 0
0 332 390 390 0 17 268 268 204 204 352 352 352 276 276 276 373 373 279 30 30 30 210 210 148 148 148 148 5 111 155 283 283 116 94 94 94 198 198 392 176 176 8 8 0 0 0 0 0 0
0 0 0 0 0 17 184 184 204 204 352 352 352 276 276 276 165 279 279 13 65 65 65 148 148 5 5 5 5 155 155 283 283 380 380 157 157 198 198 392 176 176 7 8 143 143 143 0 0 0
0 0 0 123 123 306 184 158 158 265 265 149 149 276 165 165 165 279 13 13 91 91 65 148 312 312 312 312 5 77 77 77 19 380 380 157 157 198 198 392 176 7 7 8 143 143 143 0 0 0
0 0 0 123 123 306 184 158 131 131 265 265 149 149 165 165 165 13 13 13 91 91 108 148 312 312 312 189 189 189 77 77 19 380 112 177 177 177 177 392 176 7 7 212 212 143 277 277 277 0
54 54 54 123 306 306 306 158 131 131 214 214 149 149 288 341 341 399 399 399 97 97 108 108 108 228 189 189 189 189 190 77 19 19 112 160 177 177 351 392 270 212 212 212 212 3 277 0 0 0
54 114 54 123 123 0 0 103 103 103 214 214 289 289 288 341 341 399 399 97 97 196 196 228 228 228 189 37 37 190 190 237 237 112 112 160 160 177 351 351 270 270 206 212 212 3 3 3 3 3
114 114 114 0 0 0 0 103 103 103 125 125 289 289 288 288 288 294 294 294 97 196 196 297 324 324 324 324 37 190 237 237 237 388 160 160 160 177 351 93 270 270 206 89 89 89 89 0 0 0
114 240 114 0 0 0 0 18 125 125 125 125 125 172 370 370 294 294 272 272 272 297 297 297 197 197 324 316 37 159 159 388 388 388 378 378 378 378 351 93 57 57 206 206 89 105 222 222 222 0
114 240 240 240 0 0 0 18 18 18 18 223 223 172 370 370 370 294 272 272 272 126 126 126 197 197 316 316 37 159 159 164 164 164 378 378 93 93 93 93 57 57 57 282 282 105 105 105 222 222
238 238 0 0 0 0 0 295 295 295 18 223 223 172 172 370 370 26 26 272 397 397 126 126 239 316 316 216 216 159 159 159 164 164 378 378 150 150 382 382 382 57 57 282 282 79 79 105 105 222
238 238 238 133 0 0 0 295 311 311 166 166 23 23 23 147 147 26 26 118 118 397 397 126 239 239 239 216 395 261 261 261 261 29 150 150 150 28 28 28 382 382 66 66 282 79 79 105 61 61
238 238 238 133 0 0 0 295 311 246 246 166 23 208 208 147 147 26 325 118 124 124 124 126 167 239 239 216 395 236 236 236 236 29 29 29 362 28 72 72 72 66 66 66 282 271 271 61 61 43
0 0 133 133 0 0 56 56 311 246 246 166 23 208 208 180 325 325 325 118 290 290 124 124 167 167 167 167 395 236 236 236 342 362 362 362 362 349 72 328 328 9 9 282 282 271 271 43 43 43
0 0 133 133 0 56 56 137 52 52 303 23 23 59 180 180 209 209 284 284 290 290 47 47 47 47 167 167 395 395 395 342 342 221 221 349 349 349 328 328 328 9 9 9 271 271 43 43 0 0
0 0 0 0 0 56 137 137 52 52 303 303 59 59 180 209 209 209 209 284 33 33 33 33 393 393 167 205 205 205 205 342 381 221 221 250 250 75 75 328 267 267 76 76 271 271 274 274 0 0
0 0 0 0 0 56 137 137 298 298 303 303 59 180 180 291 71 71 71 284 284 287 33 33 393 393 188 188 188 154 154 381 381 106 106 250 250 75 75 267 267 267 76 76 84 84 84 274 274 0
0 0 0 0 0 56 56 298 298 298 303 303 4 353 353 291 71 71 71 287 287 287 33 393 393 393 188 188 356 356 154 381 381 106 16 16 16 75 101 267 267 343 343 343 145 84 84 0 0 0
0 0 0 0 24 24 24 260 298 298 363 4 4 353 353 291 291 71 71 199 199 199 199 393 119 119 258 188 356 356 154 154 106 106 16 152 152 152 101 101 267 343 343 343 145 0 0 0 0 0
0 0 315 308 24 24 24 260 260 363 363 4 385 385 285 285 291 291 291 0 0 51 51 258 119 119 258 195 356 356 154 154 106 106 173 152 152 129 101 110 110 225 384 145 145 0 0 0 0 0
315 315 315 308 14 14 24 391 260 363 363 385 385 286 286 285 285 285 0 0 0 51 51 258 258 258 258 195 195 195 85 85 173 173 173 152 152 129 101 110 110 225 384 384 375 0 0 0 0 0
0 0 0 308 308 14 14 391 391 363 385 385 219 219 286 22 22 22 22 0 0 51 51 398 258 296 296 117 117 117 85 85 202 202 396 396 129 129 101 110 110 225 225 384 375 375 15 15 0 0
0 0 301 301 102 102 253 253 391 193 385 219 219 219 286 358 318 0 0 0 0 398 398 398 398 296 296 40 40 117 117 202 202 202 364 396 396 309 309 110 87 87 225 375 375 280 15 15 0 0
115 115 301 340 340 102 253 253 391 193 193 193 0 358 358 358 318 383 383 0 0 0 398 398 398 0 0 40 40 0 117 202 202 293 364 364 364 309 309 87 87 2 2 375 0 280 280 280 348 348
115 115 301 340 340 102 323 323 323 323 0 0 0 358 358 318 318 383 383 0 0 55 55 55 0 0 0 0 0 0 0 0 0 293 293 307 307 307 320 320 242 242 2 2 0 0 0 348 348 348
0 0 301 127 127 102 120 120 120 170 170 0 0 0 0 0 92 92 0 0 0 55 379 379 0 0 0 0 0 0 0 0 0 293 293 307 307 307 320 320 242 242 175 58 58 0 0 0 0 0
0 0 301 127 127 102 102 102 120 170 170 0 0 0 0 0 92 92 0 0 0 0 379 379 0 0 0 0 0 0 0 0 36 36 36 36 36 307 175 175 175 175 175 58 58 0 0 0 0 0
