50 400 20
62847 1460
86298 1965
75249 1398
65124 1023
67320 1090
92322 1144
85892 1579
50278 1645
56698 1556
60305 1894
69217 1532
81182 1815
79940 1713
98951 1890
86370 1669
70437 1802
71116 1625
53499 1775
96501 1933
72970 1910
69967 1389
62702 1434
81571 1297
94338 1308
74399 1698
83419 1559
88880 1891
77358 1048
54348 1239
74173 1560
86564 1859
51760 1620
69717 1402
93396 1205
76809 1304
90940 1400
87531 1155
76965 1141
74189 1570
70343 1244
78456 1067
91780 1303
77159 1214
80779 1728
66057 1680
64843 1426
74196 1036
98981 1603
53536 1229
52618 1712
68735 1791
66824 1593
66089 1359
95133 1464
93973 1334
68099 1039
50971 1668
51189 1952
60152 1393
87621 1177
52781 1466
78504 1344
74066 1566
64379 1063
93748 1164
62711 1575
94473 1501
74227 1318
56980 1337
57088 1506
70438 1281
57102 1631
55061 1319
66345 1402
62856 1639
83865 1953
61511 1373
74624 1956
90342 1100
93849 1034
70037 1271
89154 1788
73472 1431
58629 1854
77049 1144
56492 1740
90296 1157
81537 1018
74200 1460
84576 1689
66107 1703
81287 1057
89718 1633
56037 1690
85178 1890
55198 1110
90071 1453
77175 1385
67908 1664
66708 1923
93448 1383
53544 1553
80281 1324
70868 1110
90425 1297
90363 1494
98457 1995
61760 1067
76121 1127
81796 1939
54542 1161
54547 1043
75355 1861
74407 1042
87309 1301
58323 1742
62048 1944
55256 1990
69615 1895
74735 1457
73804 1147
87104 1668
85798 1381
90059 1264
92131 1813
99170 1306
83401 1114
59124 1847
83608 1478
83105 1942
76808 1124
75596 1394
69486 1241
70057 1768
70566 1539
78367 1458
94563 1018
83022 1593
78314 1916
79916 1300
54267 1500
80782 1233
50524 1095
59068 1895
57468 1357
68002 1192
51647 1066
79694 1420
56045 1440
71739 1826
66756 1368
71811 1896
97651 1417
82816 1653
79280 1802
72841 1675
56726 1902
53271 1035
82701 1265
97786 1795
76595 1591
66912 1028
91574 1016
87127 1814
61508 1912
62090 1125
66617 1128
63308 1843
80380 1315
60559 1684
76539 1364
98587 1395
97218 1059
93341 1713
77866 1546
52599 1810
69124 1120
69336 1565
53707 1853
92571 1993
91585 1059
54460 1690
65222 1870
89491 1784
82079 1933
99790 1223
96454 1167
50216 1996
60293 1051
55129 1170
86136 1763
70129 1596
67229 1667
92954 1571
58461 1036
77507 1357
65755 1212
58646 1040
76313 1386
90093 1046
91820 1379
65904 1178
65050 1139
93424 1443
87143 1942
63765 1448
90387 1714
62364 1248
70710 1941
62863 1483
85426 1711
98540 1583
66498 1529
61682 1178
100000 1831
62593 1943
92205 1237
67475 1126
67295 1627
96253 1619
62825 1891
53408 1900
67296 1958
98756 1204
84338 1899
72092 1185
67660 1089
83882 1398
96152 1034
51078 1045
68843 1571
70769 1418
91414 1901
81544 1982
78647 1073
58982 1025
71002 1132
61383 1027
62535 1478
71498 1263
61994 1957
89419 1893
71335 1511
79513 1083
59845 1316
69617 1155
59437 1398
64227 1682
50271 1137
54250 1286
60075 1372
76337 1356
50235 1582
65983 1201
83712 1540
64113 1915
95398 1318
65032 1473
54876 1890
69749 1276
86991 1411
82549 1794
73669 1051
58886 1023
99016 1650
61718 1300
86131 1467
65171 1680
88003 1473
69307 1149
53970 1016
99846 1150
88886 1711
74304 1605
55048 1980
52159 1668
73185 1456
62268 1540
80001 1919
61771 1354
56352 1871
55446 1746
78739 1497
90887 1525
89075 1184
51601 1293
52142 1296
80387 1122
82228 1320
50862 1428
83826 1819
61152 1493
98763 1657
64441 1444
73726 1375
78440 1069
68635 1519
64995 1811
91542 1041
76301 1741
75077 1589
86363 1640
81015 1116
89309 1535
87623 1129
65981 1586
52193 1249
92871 1125
58559 1719
55760 1604
75710 1548
61540 1730
91743 1932
63265 1923
98422 1819
89059 1676
93889 1170
58255 1109
81524 1310
71699 1114
73787 1668
65678 1428
75522 1348
89282 1669
73680 1979
98439 1305
51829 1622
73286 1043
95293 1489
60043 1291
75893 1725
99483 1718
98419 1801
75366 1147
72295 1066
96725 1218
70328 1762
77028 1555
92227 1369
55112 1186
90843 1570
56132 1504
78561 1383
54969 1307
96587 1280
77538 1372
58628 1509
53977 1690
70582 1113
92811 1476
52204 1979
79787 1535
82691 1753
63322 1597
73400 1194
73046 1478
62107 1294
82160 1234
85647 1347
95261 1158
51471 1120
67555 1175
68690 1046
74229 1359
57437 1759
51780 1552
75086 1633
76485 1846
75195 1926
83430 1788
91619 1238
92790 1102
78534 1383
83955 1589
83124 1885
98656 1869
96115 1689
72670 1307
82970 1019
56941 1506
97471 1842
82173 1931
72625 1835
72980 1358
59850 1297
88846 1203
63019 1935
87003 1962
67601 1175
66129 1723
73914 1564
59749 1590
89891 1648
84381 1221
95545 1390
55206 1774
55284 1322
62590 1762
97901 1825
62179 1998
0 0 0 0 0 0 0 0 0 0 0 0 0 0 0 0 291 0 0 0 0 389 0 0 0 325 134 134 134 134 134 158 158 158 113 0 0 0 0 0 0 32 32 136 136 136 222 222 0 0
0 349 0 0 63 0 0 0 0 0 0 0 0 0 0 0 291 291 0 0 0 389 0 0 0 325 325 325 134 321 134 82 158 158 113 0 0 161 15 0 0 32 32 136 136 330 215 222 222 0
0 349 0 0 63 63 151 151 121 121 121 0 394 394 0 291 291 302 243 389 389 389 0 0 0 128 128 73 73 321 321 82 158 158 113 113 0 161 15 0 75 75 136 136 266 330 215 215 222 0
0 349 0 0 63 19 151 151 60 121 121 394 394 86 86 86 291 302 243 243 243 0 0 0 0 128 128 73 73 321 321 82 197 197 0 0 0 161 15 0 75 75 266 266 266 330 330 215 0 0
0 349 0 0 63 19 151 151 60 121 121 379 379 86 142 142 142 302 302 0 0 0 0 0 0 211 211 351 351 96 96 82 197 197 0 0 161 161 15 177 75 75 266 266 266 362 0 0 0 0
0 262 262 262 19 19 28 60 60 165 165 379 379 37 142 142 142 219 164 164 164 164 0 0 0 211 211 351 351 96 96 227 227 182 182 359 15 15 15 177 177 177 177 185 185 362 0 0 0 0
0 262 262 66 19 28 28 60 60 165 165 294 294 37 37 219 219 219 164 164 164 164 0 0 38 38 38 96 96 96 227 227 227 182 182 359 359 359 245 43 43 234 234 185 185 362 0 0 0 0
0 0 332 66 19 28 28 60 60 331 331 294 294 365 37 207 207 166 166 260 260 260 260 0 0 0 38 38 205 205 205 182 182 182 278 278 359 359 245 43 43 234 234 234 185 362 0 0 0 0
0 0 332 66 176 176 218 218 331 331 331 331 294 365 207 207 11 11 166 166 260 260 260 370 0 310 310 310 310 310 205 342 99 99 278 278 81 359 245 43 10 10 10 234 315 315 0 0 0 7
0 0 332 66 176 176 218 218 331 372 372 61 61 365 207 207 11 11 166 166 260 366 366 370 370 299 184 184 184 184 342 342 99 99 361 361 81 81 245 245 181 181 10 10 303 315 0 0 7 7
0 332 332 66 276 276 276 276 202 202 372 372 61 365 94 94 94 94 8 8 8 366 366 370 370 299 299 299 299 342 342 99 99 99 361 361 9 81 245 245 181 181 10 303 303 315 315 315 7 7
0 143 143 276 276 319 319 202 202 372 372 247 61 94 94 94 94 105 105 76 8 8 18 18 297 297 146 146 299 352 352 92 92 9 9 9 9 114 114 333 333 333 170 303 303 303 315 315 0 0
0 143 143 149 149 319 311 311 247 247 247 247 280 346 346 346 346 105 105 76 76 76 18 18 297 297 146 146 312 352 228 92 92 209 209 209 209 114 114 236 333 333 170 170 170 357 357 386 0 0
0 143 143 149 149 319 311 311 247 247 213 213 280 346 72 153 153 395 2 2 2 162 162 12 12 12 12 12 312 352 228 228 228 320 320 320 208 114 236 236 236 333 170 170 357 357 357 386 386 386
0 0 29 29 29 254 254 254 160 160 213 213 280 72 72 72 153 395 395 395 2 162 162 12 12 12 178 312 312 312 288 228 228 320 320 320 208 114 236 106 106 174 170 170 301 301 301 127 127 67
0 0 0 29 29 254 254 254 160 160 280 280 280 72 72 72 153 116 116 116 2 126 126 126 126 126 178 312 312 288 288 334 320 320 208 208 208 114 114 106 106 174 174 174 301 354 127 127 127 67
0 0 0 29 29 277 277 254 254 257 257 257 250 250 24 24 148 116 116 212 212 212 212 381 200 200 178 107 107 288 288 334 334 334 193 375 375 375 263 263 363 363 354 354 354 354 127 27 27 67
0 0 324 145 145 277 277 277 259 259 257 267 250 250 24 24 148 93 237 212 212 212 212 381 200 200 178 178 107 107 378 378 193 193 193 375 375 375 263 263 363 80 354 354 45 45 27 27 27 67
0 0 324 145 145 256 256 256 256 259 257 267 267 88 88 148 148 93 237 237 131 131 381 381 163 200 217 178 318 318 378 378 193 193 375 375 71 71 59 59 363 80 80 80 45 45 27 27 27 0
0 0 324 324 145 270 270 270 270 259 338 267 267 88 88 148 93 93 237 237 131 131 69 163 163 200 217 318 318 378 378 378 23 23 33 71 71 305 59 59 363 241 80 80 0 0 0 0 0 0
0 0 0 145 145 270 270 270 338 338 338 267 267 56 56 148 130 130 130 179 179 155 69 163 163 217 217 189 189 189 189 189 23 77 33 232 305 305 59 59 363 241 241 80 329 329 336 0 0 0
0 0 0 145 57 57 57 57 338 400 400 400 188 56 56 226 229 229 130 179 179 155 69 69 50 17 17 183 183 189 189 189 23 77 33 232 305 305 305 59 363 241 241 329 329 337 336 0 0 0
0 0 0 0 53 57 57 57 380 400 400 188 188 56 226 226 229 229 309 179 179 155 326 326 50 17 17 17 183 183 13 13 13 77 33 232 393 305 373 373 373 373 241 329 329 337 336 0 0 0
0 0 53 53 53 55 55 57 380 400 98 188 188 56 226 226 226 229 309 309 309 155 326 367 50 50 17 17 183 183 13 13 13 77 77 232 393 393 282 167 167 167 167 275 337 337 336 336 0 0
147 79 53 53 53 55 55 380 380 98 98 98 98 56 187 187 226 41 309 309 309 58 326 367 367 367 168 168 348 183 183 377 377 77 77 101 101 393 282 282 282 275 275 275 120 120 120 120 384 384
147 79 79 79 6 203 203 203 203 203 98 98 48 48 187 187 41 41 40 296 296 58 58 58 367 367 168 168 348 348 327 377 377 343 343 101 101 101 282 282 282 157 157 396 396 396 120 384 384 384
147 4 4 4 6 6 6 6 203 203 48 48 48 51 51 51 41 40 40 296 296 304 304 304 109 3 356 356 348 348 327 327 327 343 343 101 101 360 307 307 307 157 157 396 396 396 120 384 0 0
147 147 4 4 6 206 206 206 173 173 225 225 159 159 159 51 40 40 40 296 296 304 109 109 109 3 3 356 348 135 135 135 300 44 44 360 360 360 307 42 42 385 385 385 87 87 87 87 0 0
125 125 70 70 70 89 89 206 173 173 225 225 159 159 159 292 133 133 133 296 296 304 249 78 78 3 3 356 21 135 135 300 300 44 44 44 258 191 191 42 42 385 385 385 385 0 0 0 0 0
125 125 70 70 89 89 89 206 206 206 154 154 292 292 292 292 314 133 133 244 244 249 249 78 78 3 3 111 21 21 135 300 300 44 44 258 258 191 191 223 42 42 284 284 112 112 221 221 261 261
0 70 70 119 119 119 119 274 274 16 154 154 292 314 314 314 314 220 220 244 244 249 175 124 95 95 95 111 111 21 135 300 300 290 44 258 388 388 191 223 223 223 25 284 112 112 221 221 261 374
0 0 0 119 323 323 323 274 274 16 16 16 16 314 314 220 220 220 220 383 175 175 175 124 194 139 95 139 111 21 91 91 290 290 34 34 388 388 388 388 223 25 25 284 112 281 281 261 261 374
251 171 171 119 119 119 323 108 108 108 108 138 16 313 335 335 335 132 132 383 383 383 124 124 194 139 139 139 246 117 91 91 240 290 290 34 364 364 269 388 388 25 25 345 345 281 281 261 374 374
251 251 171 171 238 238 0 264 264 285 138 138 16 313 335 335 132 132 195 195 68 68 68 194 194 139 139 246 246 117 117 240 240 290 290 34 364 364 269 306 306 129 129 345 345 376 376 376 376 0
251 251 238 238 238 0 0 264 264 285 138 138 16 313 335 335 344 344 195 195 68 110 194 194 194 194 235 235 246 246 117 240 36 36 36 34 34 269 269 306 306 129 129 345 345 376 328 0 0 0
0 0 0 238 238 0 0 264 264 285 285 180 180 313 317 344 344 344 68 68 68 110 110 110 62 62 235 201 201 201 201 36 36 397 122 398 398 269 269 306 306 392 392 345 345 376 328 0 0 0
0 0 0 0 0 0 0 347 347 322 180 180 289 317 317 317 344 344 340 156 74 74 265 62 62 62 235 186 186 201 201 36 397 397 122 398 398 398 269 269 306 392 392 392 14 14 328 328 0 0
0 0 0 0 0 0 0 347 347 322 289 289 289 317 317 317 216 216 340 156 74 74 265 62 62 54 54 186 186 186 201 201 397 397 122 231 398 398 49 49 49 49 350 350 14 14 279 279 0 0
0 0 0 84 84 64 64 347 322 322 204 204 233 233 192 192 216 214 340 156 74 74 265 265 62 54 54 186 186 52 52 283 283 283 122 231 231 239 239 224 49 49 350 350 65 65 279 279 0 0
0 0 0 84 84 64 64 347 347 26 204 204 233 233 192 192 216 214 340 156 74 74 140 140 316 316 316 199 199 52 52 52 283 283 268 231 231 239 239 224 49 49 5 0 65 65 279 279 0 0
0 295 295 295 295 100 100 100 26 26 102 204 233 233 242 242 242 214 214 156 253 273 273 140 390 390 316 123 199 52 52 52 268 268 268 369 369 248 248 224 5 5 5 0 0 0 0 391 391 391
0 0 295 295 35 100 100 100 26 26 102 102 102 233 97 97 242 214 253 253 253 273 273 140 390 123 123 123 199 20 20 268 268 196 293 369 369 248 248 224 190 0 0 0 0 0 0 0 0 391
22 22 22 22 35 35 35 100 152 152 102 102 102 287 287 97 97 253 253 253 253 298 298 390 390 46 46 198 115 20 20 196 196 196 293 293 369 137 137 224 190 399 399 399 399 399 399 0 0 391
22 22 22 22 0 0 0 0 0 152 152 152 152 287 287 308 97 387 387 387 298 298 83 0 0 46 46 198 115 103 104 104 355 355 355 293 0 137 137 210 190 190 286 286 286 358 399 47 0 0
0 0 0 1 0 0 0 0 0 90 150 150 150 308 308 308 97 97 97 387 85 85 83 0 0 198 198 198 115 103 104 104 382 382 355 172 0 0 0 210 210 190 286 358 358 358 47 47 230 230
0 0 0 1 1 0 0 0 339 90 90 90 150 169 169 169 353 252 39 387 85 85 83 0 0 0 198 115 115 103 104 104 382 0 0 172 0 0 0 210 210 286 286 358 358 358 47 0 230 230
0 141 141 141 1 0 0 339 339 272 272 272 272 341 169 169 353 252 39 368 0 85 83 0 0 0 271 271 271 103 103 104 382 382 0 172 0 0 0 0 0 0 0 358 0 0 47 0 0 0
118 118 118 141 0 0 0 339 339 0 0 341 341 341 341 341 353 252 39 368 0 0 0 0 0 144 144 144 271 103 0 0 30 30 0 172 0 0 0 0 0 0 371 371 0 47 47 0 0 0
0 0 118 0 0 0 0 0 0 0 0 0 0 0 341 341 353 252 39 368 0 0 0 0 0 0 144 144 0 0 0 0 30 30 0 0 0 0 0 0 0 0 371 371 0 0 0 0 0 0
0 0 118 0 0 0 0 0 0 0 0 0 0 255 255 255 255 252 368 368 368 0 0 0 0 0 144 144 0 0 0 0 30 30 30 0 0 0 0 0 0 0 0 31 31 31 31 0 0 0
