50 400 20
77114 1500
58256 1790
65513 1964
56514 1083
75791 1091
76344 1276
96792 1323
54754 1789
83774 1669
56731 1742
72760 1146
87445 1784
81453 1968
77113 1302
94938 1912
80365 1546
74849 1960
99551 1623
60442 1853
88159 1624
88710 1041
90363 1206
51900 1329
63282 1089
86358 1247
66379 1181
99639 1239
72097 1747
55977 1055
94550 1980
79397 1236
97255 1634
63851 1215
91272 1394
87409 1173
58160 1790
96909 1591
74026 1661
75817 1610
84949 1775
61446 1024
98770 1778
69866 1792
90466 1569
87751 1579
88329 1414
88662 1179
62377 1324
65396 1149
84155 1659
87377 1380
82119 1464
74051 1082
69818 1205
90157 1764
60285 1993
95531 1223
57847 1394
80262 1964
89648 1518
52926 1578
86817 1172
68106 1696
55106 1732
58347 1928
93622 1236
53989 1997
68552 1338
98406 1186
82187 1411
80469 1286
71508 1373
59466 1962
71720 1604
85331 1914
56962 1072
79594 1466
59818 1073
51193 1143
80873 1647
92100 1427
66348 1124
52783 1090
84058 1131
53471 1420
50365 1437
69177 1390
62582 1530
52228 1102
59589 1264
55096 1356
94567 1258
96809 1834
82105 1878
83141 1925
69373 1387
66688 1848
83988 1908
64751 1087
50935 1526
82585 1094
87651 1991
72437 1774
74186 1413
68994 1996
95633 1445
93972 1217
65551 1942
66953 1337
63397 1587
71589 1676
56662 1276
82714 1891
55600 1240
72416 1041
99603 1611
83862 1180
61681 1745
71169 1415
93856 1787
98602 1374
68541 1435
97954 1859
93147 1783
84850 1859
94424 1290
53800 1330
54543 1950
95763 1965
74534 1325
85693 1721
72030 1443
95851 1840
67933 1993
87221 1320
91191 1610
68991 1763
53131 1749
93212 1553
88970 1001
99874 1171
57748 1168
82737 1921
89325 1509
86836 1745
60945 1398
56023 1193
96575 1632
63113 1635
60448 1642
80451 1818
67326 1850
69464 1400
84537 1548
97105 1862
51360 1084
94104 1743
68650 1006
76741 1290
90472 1538
55492 1993
88420 1488
68388 1739
85371 1903
70652 1454
72098 1066
57527 1318
51069 1158
61982 1319
89251 1680
54996 1266
77379 1060
81232 1701
76076 1080
53251 1233
93008 1623
53001 1909
99809 1477
81479 1165
95070 1821
78422 1676
84145 1562
54398 1624
89211 1125
82488 1166
75003 1542
95176 1712
95137 1338
68683 1549
54004 1495
73904 1549
84494 1649
71780 1895
72294 1855
97115 1057
69418 1140
96557 1662
98280 1693
70602 1577
76543 1005
53064 1135
97234 1714
87462 1511
70172 1322
71827 1571
74202 1841
51143 1768
92601 1347
57254 1088
61144 1970
70043 1372
80303 1278
93317 1539
50841 1710
60998 1779
89987 1865
83301 1912
70017 1650
91836 1679
51028 1319
93763 1509
51781 1740
61399 1540
63964 1914
98575 1849
54398 1511
72647 1911
72208 1198
85813 1749
74941 1135
78548 1602
70485 1631
72365 1599
77048 1114
74984 1175
87343 1546
88860 1253
60132 1469
90496 1153
99021 1141
99630 1919
78586 1982
67408 1851
73770 1750
57387 1851
85158 1882
88404 1112
88393 1941
76290 1654
74499 1960
67380 1851
74175 1391
99165 1028
89025 1921
56174 1810
65131 1524
78193 1218
62112 1070
72446 1151
77853 1787
96734 1519
71800 1307
60841 1616
68816 1967
50901 1980
97796 1041
91656 1764
94281 1363
75874 1919
60578 1850
56897 1835
62163 1349
98080 1286
79756 1770
56533 1853
86762 1371
55505 1858
82963 1040
65371 1752
90607 1546
93041 1030
81664 1797
97732 1896
97566 1440
51009 1745
67831 1042
57351 1490
97404 1294
99296 1597
52146 1526
85280 1130
64280 1870
83901 1412
98630 1342
70908 1134
71233 1582
86299 1327
51383 1889
91933 1923
82127 1518
73574 1668
69946 1391
91672 1536
86467 1488
86534 1785
83017 1219
83349 1519
51924 1278
63617 1263
56877 1829
99178 1596
90439 1625
85445 1599
80547 1397
62515 1385
90640 1043
98334 1679
75695 1898
59998 1554
91006 1370
96098 1634
91358 1816
77152 1636
71893 1756
93489 1300
88677 1601
63881 1972
73770 1414
60632 1163
62423 1158
74214 1765
97675 1773
69351 1740
81866 1153
61781 1832
90329 1920
68867 1207
95999 1123
85105 1158
82737 1587
69012 1774
82871 1597
67755 1665
81369 1066
59908 1970
53178 1926
94311 1253
52364 1460
91602 1848
62587 1470
73990 1782
85278 1195
84425 1151
58413 1528
66144 1297
50016 1976
92631 1111
87948 1421
72932 1002
54885 1592
89835 1431
85904 1816
79833 1593
85861 1442
59419 1523
54699 1998
76322 1347
69738 1923
80947 1826
58498 1643
65330 1186
85623 1371
59794 1453
92925 1651
85568 1012
84695 1626
60129 1694
64028 1530
65656 1024
76102 1411
74228 1061
79329 1002
83534 1539
56142 1017
64327 1584
73148 1082
87853 1580
75188 1030
63074 1435
73953 1979
63957 1590
65272 1860
66789 1717
93561 1395
61098 1581
53699 1911
57613 1918
57199 1835
92243 1655
83534 1537
64 64 0 0 0 0 0 0 254 279 279 279 0 0 0 57 57 57 0 0 0 365 365 365 365 319 319 19 19 0 0 0 0 0 0 0 0 0 0 0 0 0 0 0 0 0 222 222 0 0
64 64 0 0 0 30 30 0 254 279 279 279 0 273 57 57 286 286 0 0 0 390 390 390 390 390 319 319 19 19 85 0 0 0 0 90 90 90 0 0 0 0 0 0 0 0 222 222 0 0
64 64 367 367 0 30 30 254 254 166 166 273 273 273 235 57 286 286 1 1 0 0 0 390 390 390 19 19 19 85 85 0 0 90 90 90 0 0 0 0 0 0 112 112 112 112 316 316 0 0
367 367 367 367 0 0 160 160 254 166 166 34 273 257 235 102 102 102 102 1 1 0 0 86 86 28 305 68 68 85 85 384 0 0 43 43 43 43 392 392 349 349 184 93 93 316 316 316 0 0
367 357 357 0 0 120 160 160 160 34 34 34 257 257 235 235 304 304 304 343 343 0 0 86 28 28 305 68 68 384 85 384 31 31 43 108 43 43 392 392 349 349 184 93 93 352 352 352 352 352
357 357 380 120 120 120 95 95 160 34 34 34 257 257 24 24 304 304 304 343 343 233 86 86 28 305 305 141 141 384 384 384 31 31 43 108 108 252 252 72 325 325 184 184 303 303 303 303 352 0
0 0 380 120 0 0 95 183 183 183 183 339 339 257 257 24 24 304 96 96 96 233 233 233 233 233 140 140 141 141 384 384 109 109 109 108 230 252 252 72 325 362 388 388 46 46 46 303 303 0
0 380 380 120 0 0 95 159 156 156 339 339 339 200 200 173 175 175 71 71 96 96 227 227 233 233 140 140 91 91 91 379 379 379 109 108 230 252 72 72 325 362 362 388 46 46 46 303 0 0
0 302 302 120 0 95 95 159 156 156 339 339 39 200 200 173 175 175 71 71 87 87 87 227 227 161 161 161 100 91 91 247 247 379 16 16 230 230 340 340 362 362 362 388 46 78 78 78 78 0
302 302 0 0 0 95 249 159 159 129 129 232 39 39 50 173 173 173 277 277 133 133 87 117 117 161 161 204 100 100 100 247 247 379 379 16 396 396 396 340 340 75 75 388 32 32 32 155 155 0
0 0 0 0 0 0 249 159 159 376 129 232 39 39 50 259 259 173 277 277 133 133 117 117 299 299 161 204 201 201 201 201 99 185 185 16 373 396 396 366 366 75 75 354 354 354 32 155 0 0
0 0 0 0 0 0 249 5 5 376 129 232 50 50 50 259 259 173 123 277 163 246 117 117 299 149 149 204 213 213 213 213 99 99 185 16 373 366 366 366 26 26 26 354 231 231 155 155 221 0
225 225 225 0 0 0 249 5 0 376 376 232 50 50 21 21 123 123 123 163 163 246 118 118 299 149 149 204 372 372 213 213 99 99 185 251 373 373 366 366 26 26 354 354 231 155 155 221 221 0
225 110 110 397 0 0 0 5 0 376 376 7 7 21 21 123 123 123 163 163 163 246 118 118 253 372 372 372 372 276 276 132 132 132 216 251 251 251 203 203 203 354 354 231 231 155 214 221 134 0
0 110 110 397 397 0 0 0 0 44 44 7 7 21 21 123 40 40 27 27 224 246 258 258 253 253 253 372 372 276 276 276 212 132 216 216 216 37 203 203 203 83 83 61 214 214 214 221 134 0
0 0 0 0 397 0 0 358 0 44 44 386 21 21 73 73 40 40 27 27 224 224 224 258 258 265 265 265 265 241 241 212 212 263 62 62 62 37 37 37 83 83 61 61 61 0 0 221 134 0
0 0 0 38 397 0 0 358 358 44 44 386 386 386 386 73 41 41 174 261 261 248 248 248 326 326 326 326 241 241 241 212 212 263 263 62 125 125 399 399 83 83 239 239 61 61 0 0 134 0
0 0 0 38 38 38 0 358 358 44 210 210 383 383 383 73 41 174 174 261 261 248 248 287 287 287 153 326 326 288 288 212 212 131 263 62 125 125 399 320 320 239 239 322 322 322 322 0 0 0
0 0 0 0 207 348 348 346 346 122 210 210 383 383 383 172 41 174 174 261 261 289 289 287 153 153 153 326 326 288 288 131 131 131 263 145 145 126 399 320 320 306 151 151 322 322 0 0 0 0
0 0 0 0 207 348 348 103 346 122 210 332 296 383 383 172 89 89 176 176 289 289 287 287 153 153 153 180 180 205 205 295 295 295 295 145 145 126 144 144 306 306 306 151 151 322 274 0 0 0
0 0 0 0 207 229 229 103 346 122 210 332 296 296 172 172 89 89 176 176 255 255 82 82 82 82 167 180 180 371 205 205 295 295 295 145 145 126 126 144 306 359 359 359 359 274 274 0 0 0
0 190 190 207 207 229 229 103 103 122 8 332 332 296 172 172 363 363 176 176 255 82 82 58 58 58 167 371 371 371 69 142 295 193 193 193 127 127 127 144 266 266 359 359 359 274 274 274 0 0
0 190 190 6 6 6 6 6 385 385 8 8 8 296 296 363 363 363 176 176 255 116 116 58 56 58 167 167 371 69 69 142 169 115 193 193 127 127 127 187 187 266 284 284 355 355 0 0 0 0
0 215 121 121 121 6 6 6 385 385 385 385 8 97 296 363 106 106 106 116 116 116 116 56 56 56 167 167 240 69 142 142 169 115 115 267 267 187 187 187 187 266 284 284 355 355 0 0 0 0
0 215 215 215 121 364 364 364 364 385 385 20 97 97 211 211 211 139 106 116 168 171 116 56 56 56 167 167 240 69 300 300 169 218 115 267 196 196 196 196 187 187 284 128 128 128 48 48 48 0
0 0 0 65 65 311 311 311 361 361 285 20 97 97 97 97 211 139 168 168 168 171 171 171 56 130 130 130 240 240 300 300 169 218 318 267 196 196 196 196 351 284 284 128 128 128 48 0 0 0
0 0 0 65 65 311 311 361 361 285 285 20 197 197 94 94 139 139 139 137 137 55 55 55 55 55 130 347 347 347 15 15 218 218 318 22 22 199 199 351 351 284 76 59 128 236 236 337 337 0
272 272 272 391 391 191 191 361 361 285 285 20 197 293 94 94 10 10 10 137 137 195 356 55 55 55 130 347 347 347 15 15 218 318 318 22 22 250 199 351 351 76 76 59 59 59 236 337 0 0
272 0 0 391 391 191 191 378 361 285 20 20 197 293 293 293 10 10 262 262 195 195 356 356 356 66 66 66 66 15 15 15 15 226 226 226 22 250 199 147 147 76 76 242 242 242 236 337 0 0
81 81 0 391 391 114 114 378 378 162 20 20 197 293 293 400 10 374 262 262 195 195 356 356 228 228 66 66 66 42 42 42 158 158 226 226 250 250 147 147 76 76 76 242 242 242 236 0 0 0
81 81 0 391 114 114 114 154 378 162 162 162 197 35 293 400 10 374 374 170 33 195 393 393 228 228 317 317 317 42 42 158 158 158 226 226 250 250 186 186 111 111 111 111 242 242 236 0 0 0
81 209 0 0 0 0 114 154 378 378 278 35 35 35 400 400 152 152 374 170 33 33 393 393 14 14 317 369 369 42 42 158 158 158 52 52 52 52 387 186 186 334 334 334 198 198 282 282 282 282
209 209 0 157 0 0 114 154 378 378 278 321 321 321 234 234 152 152 170 170 107 33 54 54 14 14 14 14 369 369 382 382 382 382 29 387 387 387 387 387 186 334 334 165 165 198 244 244 244 282
209 209 0 157 157 157 114 154 264 264 278 321 321 321 309 234 152 333 170 170 107 107 54 54 202 202 202 181 181 181 181 312 312 312 29 29 398 398 283 387 186 164 164 165 165 198 244 244 282 282
209 0 0 0 0 0 45 45 45 264 278 278 321 101 309 234 333 333 219 13 107 107 54 202 202 202 202 270 270 270 181 312 312 345 29 29 398 283 283 164 164 164 0 0 198 198 11 11 0 0
0 0 0 0 0 0 0 45 45 264 264 101 101 101 309 377 333 219 219 13 13 13 344 344 344 344 344 270 314 350 350 312 312 345 345 345 398 283 194 188 188 188 74 0 0 0 0 11 0 0
328 328 328 328 189 189 0 0 45 45 264 308 308 309 309 377 377 219 219 84 84 84 344 344 344 314 314 314 314 350 350 4 4 4 268 268 292 292 194 188 188 188 74 0 0 0 0 11 11 11
328 208 208 208 189 331 331 298 298 298 298 308 308 309 309 124 377 219 219 84 84 275 237 237 237 338 119 281 281 281 4 4 4 4 268 268 292 292 194 194 381 381 74 0 0 0 0 11 0 0
328 328 208 208 189 331 331 298 298 298 49 150 150 150 150 124 124 395 395 77 77 275 237 338 338 338 119 119 119 281 294 294 307 307 307 307 307 292 51 381 381 74 74 0 0 0 0 0 0 0
291 291 335 335 301 301 301 98 98 49 49 150 370 370 150 124 124 124 395 105 77 275 313 313 313 136 368 368 368 368 294 294 324 324 307 307 307 51 51 51 25 25 0 0 0 0 0 0 0 0
291 291 335 335 301 301 47 98 98 49 49 49 370 370 150 245 245 395 395 105 77 275 313 313 313 136 368 36 36 36 36 324 324 341 341 113 342 51 243 243 25 25 0 0 0 0 63 63 0 0
291 0 0 0 0 0 47 47 47 47 280 280 370 370 245 245 245 395 395 105 182 330 330 389 389 136 136 136 92 92 70 70 70 341 341 113 342 342 243 243 25 25 0 0 290 290 290 63 0 0
0 0 0 0 0 0 18 18 18 18 280 280 370 370 0 0 0 0 105 105 182 330 330 389 389 260 220 220 92 92 70 70 70 113 113 113 342 53 53 53 25 135 135 192 290 290 290 63 256 256
104 104 0 0 329 0 18 18 18 18 223 223 9 9 0 80 80 80 105 182 182 178 178 389 389 260 220 220 220 92 92 177 177 315 315 315 342 53 53 53 53 135 192 192 290 256 256 256 256 256
104 104 0 329 329 0 0 0 143 223 223 223 9 9 0 80 80 0 79 79 79 178 178 178 260 260 220 220 220 336 336 177 177 315 179 179 179 297 297 60 60 135 192 23 23 138 138 327 327 0
104 104 0 329 329 353 353 353 143 0 0 0 0 269 0 80 80 0 0 0 79 178 178 178 271 271 271 271 336 336 177 177 177 179 179 323 297 297 297 60 135 135 23 23 23 12 138 327 327 0
104 2 2 2 2 148 353 353 143 143 0 0 0 269 0 0 0 0 0 79 79 3 310 310 310 146 146 0 0 0 0 0 0 179 179 323 323 323 60 60 394 394 394 238 238 12 138 0 0 0
104 17 2 2 2 148 0 353 353 143 143 143 0 269 269 0 0 0 0 79 3 3 3 310 310 146 0 0 0 0 0 0 0 0 0 0 323 323 60 88 394 67 67 238 238 12 12 12 0 0
17 17 17 0 0 148 0 0 0 0 0 0 0 0 0 0 0 0 0 360 3 3 3 146 146 146 375 375 375 0 0 0 0 0 0 0 323 323 60 88 206 206 67 67 217 217 12 0 0 0
17 17 17 0 0 148 148 0 0 0 0 0 0 0 0 0 0 0 0 360 360 360 360 360 146 146 375 375 375 0 0 0 0 0 0 0 0 88 88 88 206 206 67 67 217 217 12 0 0 0
