50 400 20
51104 1585
73840 1811
85222 1340
67082 1694
73678 1425
67743 1566
56174 1505
78797 1105
76730 1840
74318 1667
50163 1970
66621 1914
93161 1903
96597 1301
97926 1640
73201 1268
86632 1988
54170 1272
76160 1716
91328 1676
69041 1001
96175 1521
62130 1099
80265 1965
56437 1336
79601 1750
52095 1715
73993 1220
60285 1592
99923 1616
86007 1532
91438 1271
55527 1683
77885 1932
61278 1538
82447 1537
77947 1208
56278 1801
55326 1371
95842 1405
78815 1135
97515 1673
60481 1699
54265 1195
76826 1543
82429 1451
97311 1375
59372 1206
79073 1976
85457 1657
87602 1629
79477 1096
60407 1630
64904 1319
61116 1176
59979 1047
64298 1177
58218 1244
82489 1117
67010 1847
81380 1952
72680 1212
55297 1128
64794 1598
70560 1805
73518 1306
53429 1182
82339 1902
81591 1401
69464 1229
95889 1222
84631 1415
75150 1447
84539 1186
96411 1051
65398 1219
69449 1709
53177 1541
94678 1592
80878 1441
88166 1687
68836 1161
93170 1538
89727 1917
94504 1300
85638 1075
90880 1550
54422 1941
50485 1453
73934 1808
50933 1836
81012 1305
88575 1946
80966 1894
55500 1166
66197 1345
73616 1272
54307 1137
94596 1570
54783 1464
63580 1094
96669 1234
63258 1850
93966 1752
86887 1859
73785 1905
55301 1377
90510 1623
58864 1914
86343 1309
93835 1794
98266 1266
97932 1950
67784 1529
54219 1275
72494 1358
85847 1233
54787 1021
70207 1779
66665 1766
87158 1855
57373 1180
57193 1237
52783 1316
96675 1729
61234 1616
91391 1917
64211 1812
69706 1355
59858 1286
93182 1045
71388 1639
98719 1030
56955 1269
76579 1174
61009 1070
81622 1905
74963 1896
57030 1513
83733 1539
50300 1325
55581 1786
87694 1960
66504 1952
82149 1484
58832 1669
83732 1576
50800 1582
79578 1796
59583 1974
89303 1821
62280 1143
50810 1046
72016 1966
74071 1802
85671 1174
75435 1001
92003 1324
98265 1646
85845 1871
87446 1578
53236 1930
66280 1855
66133 1167
92187 1985
53340 1904
54386 1283
96657 1208
68176 1255
90847 1006
52987 1084
58980 1788
82236 1669
88876 1678
62880 1686
73056 1987
90228 1874
79227 1078
57373 1338
63013 1056
93684 1996
99351 1627
99762 1820
69965 1655
82191 1994
64461 1484
96008 1017
70665 1039
87874 1985
72642 1546
60640 1908
87369 1250
91489 1644
93081 1484
78999 1267
75844 1718
53460 1615
75375 1343
52657 1765
51876 1524
75579 1165
78130 1546
80918 1772
72807 1627
89005 1628
54229 1107
65989 1593
74143 1481
51708 1004
95517 1440
88246 1068
67977 1357
56775 1710
74803 1196
94726 1341
70938 1406
56705 1729
61260 1791
61057 1452
99569 1354
71513 1495
75987 1852
81112 1270
90472 1017
96698 1248
77703 1136
87114 1454
67976 1887
84790 1696
72838 1750
71991 1283
76343 1061
57640 1701
69039 1574
79823 1371
84445 1608
72941 1857
67320 1544
76219 1725
62088 1248
94723 1131
82802 1657
66497 1782
55093 1692
69584 1195
93091 1904
96635 1472
71275 1028
54280 1312
62107 1878
54072 1003
60501 1781
58270 1096
80725 1925
71212 1978
91732 1190
71829 1288
71936 1153
86643 1334
71323 1277
87492 1854
60757 1424
65890 1924
67587 1302
87658 1312
59243 1552
69240 1576
57276 1792
92266 1564
62831 1218
63077 1238
81060 1552
92729 1579
60453 1526
89512 1381
59795 1434
60709 1544
62937 1256
87229 1536
54226 1009
55117 1820
74056 1005
54157 1702
66270 1525
69613 1345
85527 1109
77317 1749
70836 1199
81242 1916
55618 1380
64402 1084
53366 1470
97826 1667
99605 1547
78707 1377
80823 1302
55651 1146
92487 1123
66534 1395
64442 1912
58211 1161
63756 1993
86864 1638
72944 1066
76068 1972
52809 1785
55138 1334
94013 1506
57895 1696
86024 1089
81754 1489
77300 1722
88725 1161
53028 1952
80811 1161
82603 1798
70104 1067
70696 1331
80812 1208
93508 1466
97829 1314
66595 1891
76147 1671
87526 1582
96891 1917
83580 1742
89892 1920
71402 1186
94410 1587
78723 1632
97607 1128
73467 1010
67282 1460
55835 1859
86391 1539
60573 1323
62356 1416
90860 1950
95860 1731
55404 1854
64338 1992
97806 1067
80052 1418
76618 1369
93425 1404
92113 1537
84758 1117
50648 1287
87763 1827
55204 1487
71728 1316
81716 1915
90297 1617
79029 1183
75092 1705
86332 1382
62469 1769
96234 1004
85842 1124
95248 1198
59043 1993
97004 1673
70509 1606
56939 1097
94947 1414
70861 1280
66541 1495
66282 1644
50857 1799
83749 1880
89828 1693
78208 1575
73859 1313
82400 1757
86426 1914
86263 1430
72156 1876
66948 1994
65963 1276
96485 1470
72013 1160
80133 1441
83243 1959
92578 1928
80039 1176
95109 1154
73562 1161
80625 1966
55949 1636
74473 1896
74160 1001
99559 1270
52272 1471
94073 1646
92834 1852
87244 1320
85722 1230
93898 1656
89786 1721
86215 1108
0 0 0 0 307 307 307 199 199 199 0 0 0 0 0 0 0 0 0 0 0 0 336 336 336 172 172 172 172 0 0 0 375 161 161 0 0 48 180 180 0 0 0 72 72 72 0 0 71 233
29 29 29 0 307 199 199 199 199 396 0 0 0 0 0 0 0 0 0 265 265 232 232 232 336 378 378 1 0 0 0 0 375 161 0 0 242 48 180 180 0 0 0 0 0 72 0 71 71 233
319 29 29 0 307 307 38 38 199 396 0 0 0 0 0 0 0 0 0 325 265 232 336 336 336 378 378 1 1 1 375 375 375 161 0 242 242 48 48 180 0 290 290 189 189 72 0 71 71 233
319 29 29 197 197 38 38 38 396 396 90 122 0 0 0 0 0 0 325 325 265 232 232 63 63 63 63 63 63 63 375 366 366 161 0 242 242 0 0 0 0 290 290 189 189 72 72 302 302 233
319 319 319 197 197 197 160 38 206 206 90 122 122 122 243 243 243 0 325 325 214 214 214 352 352 352 4 4 231 231 366 366 0 0 0 0 234 0 153 153 153 290 290 290 290 302 302 302 282 0
263 263 263 197 0 160 160 38 206 206 90 90 58 122 243 243 243 0 325 325 214 137 137 137 137 352 4 4 231 231 376 376 376 376 234 234 234 0 0 0 153 329 329 388 388 282 282 282 282 0
263 263 0 197 0 160 0 0 0 206 58 58 58 130 130 243 126 0 126 324 324 324 137 137 286 286 317 238 238 376 376 61 61 73 73 234 101 101 114 114 114 329 329 388 388 316 0 0 0 0
257 263 0 0 0 0 0 0 0 0 0 167 130 130 176 176 126 126 126 324 324 98 98 286 286 317 317 238 376 376 61 61 53 53 73 271 101 101 101 114 114 329 329 329 388 316 0 0 0 0
257 257 62 62 62 62 0 0 167 167 0 167 130 130 176 176 126 126 324 324 324 98 98 337 308 317 238 238 398 398 65 65 53 53 73 271 313 313 101 237 237 173 173 173 316 316 155 0 0 0
257 0 100 100 62 0 0 0 167 167 167 167 115 215 215 338 338 338 24 74 74 337 337 337 308 317 59 398 398 398 65 2 2 271 271 271 313 313 101 237 237 173 316 316 316 155 155 155 207 207
257 0 100 100 0 0 0 0 81 97 97 115 115 215 215 338 24 24 24 24 74 308 308 308 308 50 59 59 59 59 65 2 2 2 377 377 377 223 223 51 51 253 253 253 391 155 155 155 207 182
0 0 0 0 0 0 0 0 81 97 97 115 115 115 115 24 24 23 23 24 74 270 270 270 270 50 50 50 59 59 65 2 2 2 377 377 377 223 223 51 51 253 253 253 391 391 211 211 207 182
0 0 0 0 0 0 0 0 81 0 178 178 178 178 274 94 94 23 23 384 384 93 93 93 270 363 356 356 356 356 334 169 169 169 369 369 377 223 223 51 51 253 239 239 239 391 211 211 182 182
0 0 0 0 0 0 0 0 81 0 178 0 0 274 274 94 94 94 23 384 384 93 281 281 363 363 363 258 258 356 334 169 169 169 369 369 377 164 164 164 51 253 239 239 239 391 391 182 182 0
0 0 0 16 16 293 0 0 0 0 0 0 26 274 274 187 187 187 187 288 330 330 281 281 363 363 258 258 258 258 334 306 10 10 10 369 164 164 164 164 51 170 170 67 67 67 391 182 0 0
0 0 0 16 16 293 293 293 70 0 0 0 26 203 203 203 372 35 288 288 330 330 69 69 121 121 258 240 240 258 334 306 306 306 10 204 204 139 139 139 139 170 170 67 37 37 0 0 0 0
0 0 0 16 82 82 82 82 70 0 331 331 26 203 203 372 372 35 288 288 289 69 69 69 121 121 228 228 240 240 240 240 220 118 118 118 204 347 347 347 347 170 170 219 37 37 0 0 0 0
0 0 0 0 0 0 0 0 70 70 331 331 26 360 360 372 372 35 35 288 289 400 400 400 121 121 247 228 381 104 220 220 220 118 118 118 204 347 351 351 351 328 328 219 0 0 0 0 0 0
0 0 0 0 0 0 0 0 70 0 0 331 360 360 360 371 372 55 55 125 289 400 140 140 121 247 247 228 381 104 220 220 166 166 118 85 85 347 351 351 351 328 328 219 219 0 0 0 0 0
0 0 0 0 0 0 0 0 0 0 0 32 192 192 360 371 55 55 125 125 289 149 140 292 276 247 216 381 381 104 342 342 166 166 166 85 85 379 354 354 351 241 222 222 222 222 45 45 145 145
0 0 0 0 0 0 0 326 326 20 0 32 192 192 360 371 55 116 125 157 149 149 140 292 276 216 216 49 49 104 342 342 166 9 56 56 85 379 379 354 354 241 241 241 218 218 45 145 145 0
0 0 0 0 0 0 0 326 326 20 20 32 32 192 194 371 116 116 157 157 149 149 292 292 276 216 216 216 49 49 385 9 9 9 56 56 379 379 379 379 354 310 310 241 218 218 45 0 0 0
0 0 0 0 0 0 0 52 20 20 102 194 194 194 194 229 116 116 157 157 149 149 292 95 276 216 303 303 385 385 385 208 77 77 298 298 298 285 80 80 354 327 310 310 218 86 86 86 300 0
279 279 0 96 96 52 52 52 20 20 102 102 102 194 194 229 318 318 157 157 349 349 292 95 95 284 303 303 385 385 208 208 77 77 77 77 298 285 80 80 80 327 44 44 44 86 86 86 300 300
279 279 0 96 96 52 106 106 106 287 287 393 393 393 393 229 318 318 357 349 349 299 299 95 350 284 284 284 19 19 208 394 269 269 269 77 285 285 144 144 327 327 44 44 44 44 0 86 300 300
254 254 0 0 96 52 106 151 151 151 287 287 287 224 393 229 91 91 357 357 301 299 299 95 350 350 350 350 19 19 19 394 269 212 269 77 285 389 144 144 75 75 205 205 0 0 0 0 142 142
254 254 0 0 0 0 156 156 151 151 287 287 224 224 393 91 91 262 262 357 301 301 301 301 195 195 195 195 19 19 19 394 394 212 212 212 6 389 389 144 75 183 205 205 323 0 0 0 142 142
254 254 259 259 259 156 156 156 165 165 341 287 224 224 103 103 107 262 262 357 357 382 21 301 301 301 195 195 244 244 18 18 18 304 304 304 6 6 389 75 75 183 183 323 323 291 0 171 171 0
362 259 259 110 259 268 268 156 165 165 341 341 3 3 103 103 107 107 309 309 357 382 21 21 297 297 297 195 244 244 18 18 39 39 304 304 304 6 332 8 8 183 183 323 323 291 0 171 171 0
362 362 110 110 76 76 268 165 165 250 341 341 3 3 190 190 107 107 309 309 382 382 382 21 21 278 297 225 225 225 266 266 39 39 39 136 136 332 332 8 8 312 312 323 323 291 0 171 0 0
362 362 110 110 76 76 268 57 57 250 341 341 135 135 190 367 367 87 87 309 221 221 320 320 21 278 278 278 225 225 266 266 266 368 368 136 136 136 332 47 47 47 312 312 291 291 0 0 0 0
362 362 395 395 120 209 209 57 57 250 184 184 135 135 190 367 367 87 87 309 221 221 320 320 21 92 92 251 251 251 266 141 266 27 368 226 136 136 332 47 47 47 397 312 0 0 0 0 0 0
260 260 395 395 120 209 209 60 57 250 184 184 191 191 191 191 148 148 148 198 221 383 383 383 383 92 92 92 159 251 252 141 141 27 368 226 226 226 226 47 397 397 397 312 0 0 0 0 0 0
0 260 260 395 120 209 209 60 60 60 339 339 339 112 112 191 112 198 148 198 236 236 236 236 127 127 127 127 159 159 252 252 141 27 27 210 210 226 79 79 79 397 397 17 17 185 0 0 0 0
0 0 0 120 120 209 311 311 296 296 339 339 36 36 112 112 112 198 198 198 275 275 275 275 89 89 159 159 159 159 252 252 27 27 27 210 210 277 277 277 79 322 322 17 17 185 0 0 0 162
0 0 0 120 120 311 311 311 296 296 339 339 36 36 36 112 112 196 196 196 249 54 54 54 89 89 353 353 344 344 252 343 343 343 117 277 277 277 5 7 7 322 322 185 185 185 345 345 345 162
0 0 0 0 31 311 311 186 186 186 193 193 193 264 264 213 213 196 249 249 249 399 399 54 200 340 353 353 344 344 344 344 343 343 117 117 277 277 5 7 7 322 147 185 185 99 99 99 345 162
154 154 31 31 31 31 390 186 365 365 365 193 193 264 264 213 213 196 196 196 196 399 399 200 200 340 340 353 344 380 111 111 343 117 117 230 14 5 5 5 147 147 147 64 134 0 295 99 162 162
154 84 84 0 0 0 390 390 390 365 365 78 129 264 264 273 273 273 273 386 386 30 30 200 200 340 340 355 355 380 380 111 343 117 230 230 14 14 294 294 294 294 64 64 134 0 295 99 0 162
154 84 84 0 0 0 108 105 390 365 365 78 129 129 264 245 124 124 273 386 30 30 30 30 30 340 355 355 355 380 380 111 111 46 230 46 46 14 294 294 294 34 64 64 134 0 295 295 0 0
66 0 0 0 0 0 108 105 105 105 78 78 129 129 245 245 124 158 158 386 386 386 163 163 335 335 119 119 355 88 348 348 22 46 46 46 175 175 34 34 34 34 34 321 134 0 0 0 0 0
66 0 0 0 248 0 108 108 108 33 33 358 129 245 245 245 124 158 158 152 201 201 163 163 335 335 283 119 355 88 348 348 22 392 392 46 175 175 256 256 256 305 305 321 321 321 272 0 0 0
66 0 0 0 248 248 248 248 33 33 358 358 358 346 346 133 124 152 152 152 201 201 181 181 387 387 283 119 88 88 88 109 22 392 392 188 188 131 131 131 256 333 305 305 305 272 272 0 0 0
66 0 0 0 0 0 0 0 0 0 358 358 358 346 346 133 133 133 133 133 201 201 181 181 387 387 283 119 119 174 174 109 22 392 392 188 188 131 131 131 333 333 15 15 15 272 0 0 0 146
66 0 0 0 0 0 0 143 143 143 138 138 346 346 314 314 133 133 364 364 364 361 181 181 41 41 283 283 119 174 174 109 109 392 392 188 188 0 0 0 333 217 217 217 15 0 0 0 0 146
0 0 0 0 0 123 0 143 143 227 359 138 346 346 314 314 28 128 128 128 364 361 181 181 41 41 113 113 113 113 267 267 267 267 177 177 202 0 0 261 315 217 374 217 217 235 235 235 146 146
0 0 0 0 0 123 227 227 227 227 359 138 138 138 314 314 28 128 370 128 370 361 361 361 41 41 41 113 113 113 168 267 267 11 177 177 202 0 0 261 315 315 374 0 0 235 235 235 0 0
0 0 0 0 0 123 123 255 227 227 359 138 12 12 314 43 28 28 370 370 370 361 361 361 68 68 68 373 168 168 168 246 246 11 11 150 202 0 261 261 315 315 374 13 0 0 235 235 0 0
0 0 0 0 0 0 0 255 0 0 359 359 12 12 43 43 132 132 370 370 42 83 83 280 68 68 68 373 373 373 168 246 246 150 11 150 202 0 0 0 0 0 374 13 0 0 25 25 0 0
0 0 0 0 0 0 0 255 255 0 0 43 43 43 43 132 132 132 42 42 42 83 83 280 280 280 280 280 179 179 179 179 179 150 150 150 150 0 40 40 40 40 13 13 0 0 25 25 0 0
