50 400 20
57439 1187
67968 1274
98708 1194
82979 1419
61225 1272
85557 1808
69896 1833
71010 1084
81696 1207
51221 1658
97013 1990
58313 1138
85325 1792
74083 1107
99117 1603
64104 1488
81202 1540
65212 1315
61007 1710
57871 1433
80760 1365
64894 1002
55662 1530
99081 1833
50746 1578
68010 1890
70295 1536
96852 1232
72714 1952
96902 1429
70231 1516
78347 1676
76033 1144
80069 1637
97106 1012
85138 1682
63109 1115
86072 1027
68604 1353
57933 1505
81870 1216
65407 1944
56798 1348
81708 1521
75900 1009
82103 1348
79769 1340
90003 1337
82567 1628
92540 1454
91302 1948
66523 1937
55178 1737
90554 1482
92845 1889
87017 1452
81327 1636
72705 1915
79738 1499
51915 1243
71669 1638
87462 1451
65853 1934
75731 1712
98003 1280
99244 1487
63042 1913
53811 1834
96667 1492
80710 1816
88888 1900
59721 1777
55401 1303
95528 1389
73774 1976
83501 1634
65563 1962
55231 1222
67538 1483
76621 1472
68293 1896
79538 1453
63032 1596
54761 1262
86531 1603
86082 1397
51918 1315
97239 1202
76671 1991
54286 1637
57969 1799
83304 1743
91023 1407
58366 1654
58809 1400
79271 1655
66098 1249
88770 1376
74754 1168
89143 1619
76768 1859
85419 1794
95191 1978
79897 1835
80046 1366
83379 1832
79933 1526
83490 1460
92131 1639
82251 1203
61430 1612
54684 1431
57031 1847
63207 1384
55543 1917
74720 1921
81905 1959
77613 1758
54995 1782
83394 1571
67441 1968
91863 1334
69045 1208
92142 1223
66463 1153
80147 1932
94950 1305
99450 1455
79763 1045
83648 1974
50471 1112
88862 1627
61346 1009
61016 1410
93754 1483
74505 1660
60243 1967
93195 1054
67741 1400
92095 1544
62011 1631
74601 1533
97746 1029
89679 1357
99141 1576
69299 1936
52863 1715
64704 1536
85524 1073
74991 1876
86416 1223
53838 1191
87204 1492
85597 1361
71012 1785
55226 1653
54898 1284
55823 1503
65165 1574
92080 1324
50275 1939
75794 1127
62471 1515
70251 1338
76166 1034
86218 1994
83597 1234
52008 1619
71775 1462
54318 1141
83335 1876
52499 1455
86143 1188
85001 1319
68264 1229
66930 1022
86470 1899
80155 1862
74864 1580
80047 1278
85335 1294
66389 1971
73666 1460
72163 1633
84185 1309
62679 1855
84108 1848
62060 1877
95714 1459
92526 1729
94055 1175
83611 1282
78169 1991
71946 1839
68361 1501
66690 1626
54789 1332
64173 1905
72527 1865
75280 1221
94732 1091
82005 1715
66076 1871
50239 1402
62769 1773
84004 1405
65991 1524
84538 1112
95012 1386
65086 1299
92741 1953
75112 1859
69927 1699
73009 1792
60526 1213
69897 1475
53377 1305
58527 1268
96813 1055
71034 1160
89694 1554
89212 1242
56823 1455
59448 1310
98888 1803
88923 1246
59369 1238
62398 1549
95291 1073
74501 1368
79459 1951
63340 1301
51566 1759
78936 1458
66360 1523
70825 1311
67838 1113
62774 1578
86894 1378
88874 1616
86700 1683
64115 1535
58934 1888
94146 1924
73327 1829
76557 1860
68215 1113
87274 1204
63733 1949
64569 1331
53475 1240
60079 1624
95502 1732
50165 1799
88736 1673
75959 1592
88884 1031
65627 1084
67216 1033
64549 1636
65224 1356
56078 1567
72444 1306
85080 1084
57703 1087
55974 1785
95910 1600
97130 1098
74170 1588
85175 1913
82558 1610
75853 1311
62717 1024
73611 1056
70176 1539
83610 1381
93910 1353
92399 1275
99134 1032
94981 1995
52770 1672
69143 1564
90519 1951
54891 1616
88140 1088
73434 1853
93368 1540
97094 1070
99542 1813
58722 1404
69812 1051
59922 1555
83137 1630
75509 1162
56943 1780
83579 1722
72466 1167
52298 1198
72112 1297
55120 1287
99553 1031
93129 1996
98635 1550
97677 1346
97925 1920
89527 1341
52537 1746
86713 1359
81859 1766
82250 1839
55978 1851
75378 1558
92985 1236
57293 1789
65029 1971
71681 1384
57943 1739
70804 1247
55406 1817
62641 1695
99867 1892
92605 1221
72957 1350
53024 1814
52716 1348
60524 1366
54120 1132
78251 1130
70723 1559
76479 1567
60886 1203
74091 1846
93220 1011
96076 1460
83048 1559
81960 1406
63138 1267
71613 1098
82947 1481
55237 1595
83902 1033
79290 1791
93906 1939
90741 1935
94333 1318
83031 1873
83731 1143
69054 1527
66080 1134
82500 1700
62374 1458
69410 1066
93846 1475
92447 1069
94644 1560
63982 1838
72193 1610
85736 1376
89619 1029
63772 1830
76243 1833
97753 1684
61736 1446
74559 1005
91506 1443
77725 1614
73428 1047
98118 1698
99906 1346
84493 1852
67983 1369
79859 1821
91651 1682
70465 1953
56648 1241
56365 1074
90148 1364
95461 1352
70736 1828
62238 1224
70177 1064
56312 1111
87573 1820
99565 1819
50590 1007
53874 1791
74582 1707
98928 1468
75428 1753
70946 1927
64330 1556
57541 1008
52362 1027
66782 1297
99676 1646
77640 1853
70384 1631
75388 1717
83922 1901
57072 1341
0 0 0 0 0 0 109 0 0 176 176 176 176 176 382 0 0 0 0 0 5 0 0 0 0 0 0 0 0 0 15 15 0 0 0 265 58 58 0 0 0 0 0 0 0 224 224 224 224 224
0 0 0 0 0 109 109 0 0 382 382 382 382 382 382 74 74 0 0 0 5 5 0 0 0 296 296 0 0 0 0 15 15 0 0 265 58 247 201 0 0 155 155 155 155 224 224 0 0 0
0 0 0 129 0 109 185 300 300 300 300 300 236 236 74 74 74 74 0 0 0 5 334 334 334 334 296 139 139 139 139 173 173 0 265 265 58 247 201 201 201 154 155 155 155 228 228 32 0 0
0 129 129 129 0 0 185 185 300 302 302 236 236 236 74 0 0 0 0 0 0 271 334 334 334 281 296 296 131 2 2 2 173 173 247 247 247 247 201 154 154 154 228 228 228 228 32 32 32 32
0 0 0 285 285 285 285 185 302 302 344 344 320 320 379 0 0 0 0 271 271 271 274 274 101 281 40 40 131 2 2 173 173 173 107 107 393 393 201 201 201 306 294 294 294 294 32 32 32 25
318 318 318 207 207 45 45 45 302 208 344 344 400 320 379 379 379 270 270 270 270 270 274 274 101 281 40 131 131 2 171 171 171 171 107 107 393 393 192 192 306 306 294 294 294 263 263 25 25 25
133 133 318 207 207 45 45 45 208 208 400 400 400 320 379 115 115 270 270 251 251 274 274 101 101 281 40 191 191 355 326 326 326 326 326 192 192 192 192 306 306 306 272 272 263 263 263 278 278 278
0 133 133 207 207 0 0 0 208 208 142 142 142 84 84 115 115 13 13 13 251 386 386 386 386 164 191 191 355 355 267 326 34 373 138 192 192 260 260 239 239 283 283 272 111 263 263 189 189 278
0 0 0 207 0 0 385 385 385 226 226 142 142 84 44 44 44 13 13 145 251 47 47 47 386 164 355 355 355 267 267 34 34 373 138 138 138 260 239 239 283 283 283 272 111 111 111 189 189 0
0 0 0 0 0 0 385 385 385 246 226 84 84 84 44 44 329 329 145 145 145 47 47 47 164 164 355 355 267 267 267 34 373 373 138 138 138 260 46 46 328 328 328 303 303 79 79 79 79 0
63 63 187 187 0 0 385 385 246 246 226 62 62 62 44 44 329 329 145 145 145 47 164 164 164 235 235 235 387 387 387 21 373 12 12 12 138 31 46 46 291 328 328 328 303 303 23 23 0 0
63 63 187 187 0 0 0 0 246 246 220 220 220 62 62 351 351 351 351 68 68 117 117 305 305 60 60 235 387 21 21 21 373 123 123 12 31 31 291 291 291 328 128 219 219 23 23 23 0 0
63 63 268 268 268 0 156 156 156 381 336 336 220 220 220 351 137 137 137 68 68 117 117 305 305 305 60 60 72 72 200 200 200 123 123 31 31 343 20 20 20 20 128 128 219 219 0 0 0 0
0 0 0 268 268 35 321 39 156 381 336 336 148 148 231 351 351 137 137 89 89 89 89 157 157 157 157 60 72 72 200 200 200 331 331 331 331 343 343 343 20 113 311 128 86 86 86 86 0 0
0 149 149 35 35 35 321 39 381 381 140 140 148 148 231 231 56 56 158 158 89 227 227 319 157 157 257 257 136 136 130 375 375 18 18 18 18 380 161 161 161 113 311 311 311 3 3 3 0 0
149 149 149 253 253 321 321 39 39 381 140 140 148 148 231 56 56 230 158 158 167 227 227 319 157 157 257 136 136 130 130 375 375 43 18 380 380 380 161 113 113 113 311 203 3 3 0 0 0 0
149 149 253 253 321 321 345 301 301 381 140 140 148 148 231 81 230 230 167 167 167 167 167 319 319 319 257 136 136 130 184 184 350 43 43 43 43 69 69 113 113 113 254 203 3 3 105 38 38 38
332 332 332 332 345 345 345 301 301 140 140 354 354 81 81 81 230 230 108 108 167 167 313 313 313 313 75 75 136 184 184 184 350 43 43 29 69 69 69 249 254 254 254 203 203 3 105 38 38 0
332 332 332 332 286 286 286 286 301 301 132 132 354 354 388 81 81 223 223 108 198 198 53 53 183 313 75 75 75 75 215 215 350 350 29 29 249 249 249 249 254 254 254 203 203 105 105 0 0 0
369 369 369 0 0 0 0 0 301 301 132 132 354 354 388 388 223 223 108 108 255 198 53 53 183 313 75 222 222 222 215 215 54 54 29 29 295 295 295 295 295 120 120 210 203 105 105 0 0 0
369 0 0 0 0 0 0 353 353 353 359 359 359 359 359 388 356 356 349 255 255 198 280 53 183 275 275 222 124 124 215 376 54 54 54 365 365 100 100 100 100 120 120 210 203 105 105 395 395 0
369 0 0 0 0 316 316 353 353 196 196 196 71 71 71 71 356 356 349 349 255 255 280 280 280 280 275 124 124 376 376 376 54 54 365 365 365 365 214 214 214 210 210 210 395 395 395 395 395 0
369 0 0 0 0 316 316 78 78 196 338 196 71 71 71 66 356 65 65 349 255 255 243 280 280 275 275 315 315 376 376 376 179 179 374 374 399 399 214 59 59 59 59 59 342 181 181 0 392 392
0 0 0 0 0 348 348 348 78 196 338 196 196 225 225 66 356 65 65 65 243 243 243 102 102 102 245 315 315 73 73 376 179 179 374 399 399 377 377 211 59 186 186 59 342 342 181 0 392 392
0 0 0 337 337 337 348 348 78 338 338 338 338 225 225 66 66 65 65 65 266 229 229 102 245 245 245 42 42 73 73 82 82 82 374 374 170 170 377 211 211 186 48 48 48 342 181 0 0 0
0 0 0 0 0 337 362 362 330 135 110 110 159 159 9 9 9 9 266 266 266 166 229 229 229 42 42 42 42 258 258 82 82 151 151 151 170 377 377 211 211 186 48 52 52 116 116 0 0 0
57 57 57 57 0 0 362 362 330 135 110 110 159 159 9 9 9 9 357 357 244 166 166 14 14 341 234 234 11 258 258 202 82 151 151 151 170 170 169 169 186 186 48 52 52 116 0 0 0 98
57 57 57 0 0 0 0 330 330 135 135 135 262 262 262 262 262 262 357 357 244 244 166 14 14 341 234 234 11 202 202 202 323 323 151 151 170 290 290 169 169 237 48 116 116 116 0 98 98 98
325 325 325 325 314 314 0 221 221 135 135 114 252 252 252 50 50 262 37 37 37 244 244 244 341 341 264 264 11 287 287 287 323 323 190 30 30 290 290 122 237 237 240 240 240 240 0 394 147 147
325 325 314 314 314 314 221 221 312 312 312 114 252 252 99 50 50 262 37 94 94 94 94 217 341 264 264 264 11 287 287 190 190 190 190 30 30 122 122 122 237 240 240 394 394 394 394 394 147 147
0 0 259 259 41 41 324 324 312 162 205 114 252 252 99 99 194 194 91 94 94 94 94 217 217 217 264 264 11 287 287 83 83 352 352 352 352 364 364 364 237 240 293 293 293 0 0 0 0 0
0 0 259 259 41 41 324 324 162 162 205 114 371 371 99 99 194 194 91 91 91 279 197 197 197 197 366 339 339 383 383 83 370 370 370 143 143 304 304 364 364 240 322 293 293 0 0 0 0 0
0 0 259 259 41 41 41 162 162 162 205 114 371 127 127 127 194 194 194 168 168 279 279 279 279 366 366 339 383 383 383 83 370 141 141 143 143 304 119 119 0 0 322 322 0 0 0 0 0 0
0 0 259 259 195 195 0 0 22 22 205 114 371 127 367 367 93 93 93 168 168 273 273 299 299 366 366 366 383 17 17 17 370 370 141 304 304 304 119 119 0 0 322 322 0 0 0 0 0 0
0 0 195 195 195 195 0 0 0 22 114 114 104 367 367 160 160 160 93 273 273 273 299 299 126 126 397 397 397 17 17 17 370 141 141 304 304 61 61 61 61 0 322 0 0 6 0 0 0 0
4 0 0 97 97 0 0 95 95 22 104 104 104 367 103 103 160 160 273 273 292 340 340 126 126 118 233 233 397 397 397 17 19 19 327 61 61 61 289 289 80 0 0 0 6 6 36 36 36 0
4 0 0 97 97 0 0 95 95 378 378 212 212 212 212 103 103 103 292 292 292 340 340 126 126 118 233 233 397 397 241 241 19 19 327 327 327 327 289 80 80 96 96 96 6 36 36 36 0 0
4 4 363 363 0 0 0 95 95 378 378 212 212 333 333 333 103 103 292 292 292 340 269 126 317 118 118 90 90 90 241 241 188 188 188 396 327 327 289 80 80 96 284 96 49 49 49 36 0 0
146 363 363 0 0 0 0 95 24 24 24 24 216 216 333 333 398 398 309 309 269 269 269 126 317 26 26 10 10 90 298 298 188 188 188 396 396 396 289 80 213 96 284 284 284 49 49 368 368 0
146 146 0 0 0 0 277 95 87 87 87 87 216 361 361 333 398 398 309 309 269 269 269 317 317 26 26 10 10 10 10 298 298 298 298 298 77 8 8 8 213 213 389 389 389 389 384 368 368 0
0 146 0 0 277 277 277 87 87 174 64 64 216 361 361 165 165 165 165 165 182 182 182 182 347 347 347 347 27 27 28 144 144 232 232 298 77 8 8 8 213 213 55 55 55 389 384 218 218 218
0 0 0 0 277 277 282 282 174 174 64 64 361 361 361 250 250 250 358 358 358 182 182 177 177 204 204 27 27 27 28 144 144 232 232 76 77 77 8 8 213 213 55 106 106 384 384 218 193 193
0 0 0 0 0 277 282 282 174 174 199 199 199 0 361 250 0 0 358 70 70 70 182 177 177 177 204 204 27 85 28 256 256 76 76 76 77 77 88 88 88 88 88 106 106 153 153 218 193 193
0 0 0 0 0 238 238 238 238 199 199 199 199 0 0 0 0 0 0 0 70 70 70 177 177 310 92 92 92 85 28 28 256 256 76 76 307 307 307 51 51 150 150 178 178 125 153 218 218 0
0 0 0 67 67 248 248 0 0 0 0 288 288 288 0 0 0 0 0 0 175 175 175 310 310 310 92 92 85 85 28 391 391 256 172 172 121 121 307 51 150 150 178 178 178 125 153 0 0 0
206 0 0 67 67 248 248 0 0 0 0 0 288 288 0 0 0 297 297 297 175 175 175 175 16 16 16 16 16 134 308 391 391 256 256 172 121 121 121 51 51 372 372 0 125 125 0 0 0 0
206 0 0 112 112 112 0 0 0 0 0 0 7 288 0 0 0 297 360 152 33 0 0 175 261 261 261 134 134 134 308 308 0 0 335 172 335 163 163 346 346 372 372 0 390 390 390 1 0 0
206 206 276 112 112 242 0 0 0 0 0 0 7 0 0 0 0 360 360 152 33 0 0 0 0 261 261 261 308 308 308 308 0 0 335 335 335 163 163 0 346 372 0 0 390 390 390 1 0 0
0 0 276 242 242 242 0 0 0 0 0 0 7 0 0 0 0 360 360 152 33 0 0 0 0 261 0 0 209 209 209 0 0 335 335 163 163 163 0 0 346 372 0 0 180 390 390 1 1 1
0 0 276 276 0 0 0 0 0 0 0 7 7 0 0 0 0 152 152 152 33 33 0 0 0 0 0 0 209 209 209 0 0 0 0 0 0 163 0 346 346 346 0 0 180 180 180 180 1 1
