50 400 20
97841 1160
55978 1037
89948 1122
62371 1355
52939 1502
60500 1354
85937 1856
99368 1385
72547 1376
78061 1161
56094 1303
57151 1993
53491 1652
70686 1290
91227 1804
77653 1936
70256 1771
50229 1630
76474 1803
79015 1365
72672 1735
86005 1439
96554 1805
92322 1677
73545 1094
77808 1376
82697 1966
50398 1094
82829 1853
61607 1304
54636 1564
85174 1128
98213 1846
92894 1291
95332 1630
56663 1792
85411 1816
80283 1008
86152 1519
84274 1452
72628 1341
62716 1438
56759 1691
84393 1436
99716 1697
80679 1210
77713 1525
90330 1192
68865 1222
57901 1860
90690 1044
99061 1365
55390 1324
89450 1621
51667 1536
66213 1563
51105 1203
81224 1547
73884 1978
85147 1215
54598 1168
56012 1132
72667 1188
74489 1413
98302 1474
79476 1213
58655 1488
90688 1427
76601 1261
98093 1023
89461 1525
50025 1715
64917 1932
72832 1640
98906 1923
92344 1002
91144 1484
87180 1846
73020 1555
63061 1461
82011 1391
89395 1062
52616 1295
77487 1207
73719 1804
86809 1629
93303 1295
53401 1254
62406 1434
80200 1594
57023 1481
92962 1485
69758 1511
52895 1988
92335 1926
72100 1158
74882 1331
51647 1410
72485 1564
76807 1756
82754 1835
83007 1301
76677 1476
87521 1467
63509 1739
58028 1286
93977 1325
91908 1867
89580 1305
95100 1129
56118 1581
73016 1582
98627 1203
86777 1605
64206 1485
99431 1383
52345 1331
71697 1439
58332 1664
67199 1613
74296 1739
69185 1292
60850 1526
84539 1079
56429 1718
52271 1628
87309 1323
87465 1188
53844 1133
97219 1357
52420 1729
92140 1089
73816 1998
83450 1951
88532 1325
92819 1572
53371 1484
91109 1993
69780 1080
93551 1081
73611 1228
57379 1921
90005 1846
66905 1662
79689 1424
86230 1619
82900 1747
51378 1918
63702 1815
81909 1906
77084 1658
99660 1264
71175 1965
61349 1081
63592 1007
97254 1718
54037 1188
75405 1879
69028 1079
53221 1702
64129 1932
69176 1621
85768 1437
80216 1355
81023 1169
90714 1956
68040 1345
61694 1730
58107 1414
62091 1336
96228 1271
58069 1771
65615 1384
72327 1213
98778 1362
60236 1456
83307 1106
94105 1801
98992 1318
80959 1746
98861 1779
54615 1032
85013 1876
91140 1059
74340 1026
68350 1368
53515 1571
67179 1035
81593 1044
60739 1978
66538 1854
99596 1427
88747 1657
63037 1117
52676 1890
89465 1565
93010 1850
80294 1892
91070 1892
83906 1823
64748 1000
99870 1777
94907 1118
55770 1679
88854 1490
78274 1882
70838 1841
63529 1533
53171 1172
74722 1883
68548 1023
91833 1237
56403 1319
57614 1737
70944 1867
60212 1555
80167 1201
79510 1549
57583 1735
57922 1419
68846 1209
92042 1894
53482 1653
89368 1985
70054 1495
78641 1555
50961 1285
83232 1986
51755 1120
72669 1522
81429 1722
81706 1654
95247 1769
50072 1070
99342 1602
68097 1050
51491 1122
64971 1963
84833 1180
53999 1143
72191 1147
96314 1375
53037 1181
57853 1444
54426 1300
94769 1339
65360 1466
70442 1642
94738 1270
66870 1694
57524 1037
67019 1248
69135 1490
66875 1831
57193 1654
54706 1599
69749 1807
66493 1631
90442 1466
89957 1780
91863 1774
95342 1074
51693 1384
94255 1052
93188 1321
74147 1684
53273 1709
71077 1833
97667 1748
56684 1263
97684 1059
91830 1831
66622 1677
86063 1975
67104 1720
96008 1427
72329 1469
52589 1340
56933 1335
74753 1961
60159 1216
77183 1668
80696 1734
56664 1826
80684 1161
70553 1272
82421 1780
56692 1025
55372 1690
63730 1756
77280 1400
72781 1895
84913 1647
77834 1977
96570 1068
80223 1048
62742 1697
51830 1310
72993 1657
60226 1774
86967 1805
57648 1993
81218 1164
75375 1931
86910 1638
69890 1695
56945 1412
50890 1145
96758 1623
71016 1194
71666 1053
63474 1994
59216 1933
65689 1526
54509 1071
57971 1052
94719 1559
95704 1762
73766 1866
61161 1431
74276 1301
82535 1552
51377 1599
95186 1023
73056 1452
93742 1770
81084 1594
93147 1527
71074 1767
81361 1728
87316 1180
67127 1635
80900 1288
71139 1581
91635 1863
72329 1289
54275 1569
57589 1449
93648 1132
53509 1464
57680 1628
58693 1917
89220 1363
95551 1028
77998 1733
75035 1519
99902 1425
97756 1088
83983 1329
93252 1305
54283 1027
61937 1134
70836 1433
76191 1414
95967 1807
70347 1123
64160 1325
90569 1735
74301 1453
63677 1238
77884 1576
54598 1613
68439 1626
97367 1080
56779 1091
85528 1126
74895 1982
58882 1293
56610 1991
52948 1877
92765 1233
88980 1148
52098 1460
57022 1706
59883 1857
54736 1487
85238 1437
98807 1217
66420 1784
76359 1649
82630 1971
81546 1076
94776 1307
64673 1138
67656 1632
81217 1787
58915 1965
54502 1166
62036 1184
55982 1394
65379 1008
80471 1557
54178 1050
58565 1656
84478 1490
78540 1159
67128 1059
73736 1438
69298 1606
50177 1041
0 0 0 0 0 0 0 0 0 0 0 176 176 176 176 80 233 233 233 233 233 233 0 0 0 0 0 190 190 190 190 174 174 71 71 71 81 81 0 0 248 248 248 292 292 0 0 0 0 0
0 23 322 322 0 0 0 0 266 0 0 0 0 0 0 80 177 177 177 288 288 233 0 0 0 388 388 376 376 376 75 398 174 71 48 48 81 245 245 0 248 248 248 292 292 292 0 0 0 0
167 23 322 322 262 0 0 58 266 266 266 0 46 0 0 80 80 177 177 288 288 233 0 227 227 388 388 376 376 75 75 398 174 48 48 48 81 245 245 0 0 248 248 114 114 114 114 0 0 0
167 23 262 262 262 391 391 58 58 58 58 0 46 0 0 0 80 177 177 177 288 106 106 92 227 227 376 376 283 75 355 398 398 398 48 48 81 81 81 0 0 200 142 114 114 66 0 0 0 0
167 23 249 249 249 391 391 391 58 58 58 0 46 46 395 395 246 246 179 179 179 179 106 92 88 88 123 123 283 283 355 355 355 355 355 127 127 242 108 200 200 200 142 0 114 66 66 66 0 0
167 23 97 249 249 399 307 307 316 271 271 271 46 46 395 395 246 246 179 140 342 342 106 92 88 88 123 123 346 283 355 64 64 369 127 127 242 242 108 200 200 142 142 0 0 0 0 0 0 0
167 97 97 249 249 399 307 307 316 271 271 271 297 297 297 265 265 265 140 140 342 342 92 92 386 386 119 123 346 346 355 64 64 369 257 373 242 373 108 108 200 200 142 0 0 0 0 0 86 0
167 97 97 96 96 399 399 307 316 271 271 26 26 299 297 265 140 140 140 138 138 138 138 92 386 119 119 123 346 346 396 396 369 369 257 373 373 373 204 204 204 204 204 0 0 86 86 86 86 0
167 0 96 96 304 302 302 302 316 9 9 26 26 299 297 299 299 61 61 8 8 8 138 386 386 119 112 123 123 40 40 396 369 369 257 186 186 373 260 260 260 60 60 327 327 327 86 86 0 0
0 0 144 144 304 44 302 302 9 9 9 9 36 299 299 299 299 61 252 252 252 8 212 386 101 112 112 112 40 40 40 396 369 369 257 186 186 35 260 60 60 60 60 327 327 327 0 0 0 0
0 155 144 144 304 44 44 392 392 392 36 36 36 113 113 10 10 61 252 252 252 252 212 212 101 101 112 112 40 400 400 323 323 257 257 28 28 35 221 221 221 221 104 104 0 0 0 0 0 0
169 155 139 139 304 304 44 392 392 384 384 384 192 192 113 113 10 63 15 15 15 100 100 212 272 101 112 361 40 400 400 323 323 323 323 28 28 35 49 49 49 104 104 104 0 0 0 0 0 0
169 155 155 139 139 304 107 107 107 358 358 384 192 192 113 113 10 63 63 115 15 100 100 340 272 141 141 361 151 151 259 259 259 222 323 385 385 35 49 49 49 90 90 0 0 0 0 0 0 0
169 367 367 30 30 30 107 358 358 358 218 218 201 365 365 250 250 63 63 115 115 340 340 340 272 141 141 361 151 151 259 259 259 222 222 385 385 35 49 49 54 90 90 0 0 0 0 0 0 0
169 367 367 367 367 30 185 161 161 218 218 201 201 365 365 250 168 168 41 115 115 115 133 133 272 254 254 361 57 57 70 87 87 222 222 217 217 300 300 54 54 0 0 0 0 0 0 0 83 83
169 169 169 153 153 30 185 161 202 202 326 201 201 250 250 250 168 168 41 41 41 43 133 133 254 254 254 57 57 70 70 87 87 298 298 217 217 300 300 54 54 0 0 0 0 0 0 0 83 83
0 0 0 153 153 185 185 161 202 202 326 326 326 250 14 183 183 183 183 111 111 43 43 43 43 150 150 150 150 70 70 70 298 298 298 217 156 156 27 27 27 0 0 0 0 159 159 159 159 83
0 0 0 0 0 185 185 161 161 161 276 276 14 14 14 397 397 183 183 111 111 111 43 43 43 77 77 150 150 163 163 70 298 298 298 217 156 156 27 0 0 0 366 366 366 366 366 366 159 0
381 0 0 0 0 337 337 289 289 161 309 276 276 215 215 397 397 210 183 310 310 18 125 125 77 77 77 150 150 163 163 70 234 234 234 234 267 267 27 0 0 285 285 313 366 351 351 0 0 0
381 0 0 0 337 337 0 289 289 309 309 333 333 215 215 215 397 210 32 310 310 18 125 125 3 77 325 22 22 22 22 319 234 184 184 267 267 267 267 0 0 285 285 313 351 351 351 53 53 0
381 0 0 382 337 0 0 289 289 309 89 333 333 215 215 397 397 210 32 18 18 18 122 122 3 3 325 325 325 22 22 319 319 319 184 184 317 267 267 0 285 285 285 313 351 351 351 53 53 0
381 382 382 382 382 0 0 289 309 309 89 89 89 132 215 225 225 210 32 32 18 18 122 122 264 3 325 33 33 33 228 228 329 329 184 184 317 317 317 0 0 55 285 313 313 313 0 0 0 0
0 0 382 382 382 0 0 289 197 197 197 197 132 132 286 225 225 210 134 287 118 118 118 166 264 264 94 33 94 94 228 228 329 329 184 184 317 317 317 0 0 55 42 377 377 377 0 0 0 0
0 0 0 0 0 0 0 0 197 197 197 197 132 162 286 225 225 328 134 287 287 287 118 166 264 264 94 94 94 103 103 228 329 390 390 390 390 390 390 0 0 55 42 231 231 377 236 236 236 0
0 0 0 0 0 284 284 0 0 0 39 39 132 162 286 286 225 328 134 134 173 173 118 166 166 166 166 206 206 103 103 290 290 98 98 98 390 65 65 65 55 55 42 231 231 377 236 0 0 0
0 0 157 157 284 284 284 0 389 389 39 39 132 162 182 286 225 328 328 2 173 173 232 232 209 209 166 206 206 290 290 290 290 98 98 117 315 315 315 65 65 65 42 231 231 231 99 99 274 274
0 0 0 157 284 284 284 389 389 220 220 220 121 162 182 182 182 2 2 2 232 232 232 278 209 209 253 348 348 348 290 290 243 243 230 117 31 31 315 65 318 170 170 170 263 231 99 99 274 274
0 0 0 157 279 279 279 389 293 293 293 220 121 188 188 314 314 314 239 357 357 278 278 278 253 253 253 348 348 348 143 143 243 243 230 117 31 31 318 318 318 353 353 170 263 263 263 263 1 1
0 0 0 157 394 394 279 293 293 237 237 121 121 188 188 314 314 239 239 357 278 278 278 278 253 349 349 93 93 143 143 51 51 230 230 117 117 117 318 350 350 353 353 338 338 338 25 25 1 1
0 0 130 130 394 354 293 293 281 281 237 188 188 188 314 314 314 239 239 357 324 324 17 17 349 349 349 93 93 93 84 84 51 51 270 270 270 350 350 350 69 69 69 338 338 338 25 25 1 1
0 0 130 130 394 354 293 354 281 281 237 280 280 280 109 109 7 7 72 72 324 324 17 17 349 349 347 347 84 84 84 126 126 51 270 261 219 312 350 294 69 378 378 378 338 0 0 0 223 223
0 0 47 47 354 354 354 354 237 237 237 280 356 109 109 109 7 7 72 72 324 324 189 189 189 301 347 347 347 84 84 126 126 261 261 261 219 312 294 294 50 378 378 0 0 0 0 0 223 223
0 0 0 47 85 85 359 359 237 137 137 137 356 356 356 38 38 67 67 72 324 189 189 4 4 301 301 301 341 341 341 341 341 29 146 146 219 312 294 294 50 50 0 0 0 0 0 0 0 223
372 181 0 47 85 85 359 359 180 137 110 137 137 137 73 38 38 38 67 67 79 79 79 208 4 4 4 341 341 352 244 29 29 29 146 146 219 312 312 363 363 50 50 0 0 0 0 0 196 196
372 181 181 181 85 85 160 180 180 180 110 216 216 379 73 73 73 247 247 147 79 208 208 208 82 199 199 199 352 352 244 244 251 29 306 306 306 364 364 363 363 363 50 0 0 0 0 0 196 196
372 372 56 56 85 85 160 180 180 135 110 91 216 379 379 379 6 247 247 147 79 79 79 208 82 199 187 352 352 352 244 244 251 251 306 306 306 364 364 229 229 374 374 374 374 0 0 0 0 0
372 372 56 240 240 240 160 160 135 135 110 91 216 379 6 6 6 147 147 147 59 343 343 208 82 199 187 352 68 145 145 145 145 251 165 165 235 235 62 62 229 0 0 0 0 0 0 0 0 0
226 56 56 240 240 240 135 135 135 135 269 91 91 379 379 320 320 320 59 59 59 343 343 208 82 199 187 187 68 145 145 203 203 165 165 78 235 235 62 62 229 229 224 224 0 0 0 0 0 0
226 56 34 34 213 213 213 383 383 241 269 269 269 148 148 148 148 320 320 339 21 21 21 21 21 45 45 331 68 145 345 345 203 11 11 78 78 78 78 172 172 229 224 224 0 0 0 102 102 0
226 226 226 34 213 213 213 383 383 241 241 269 148 148 76 76 76 371 371 339 136 136 13 13 13 45 331 331 68 145 345 203 203 203 11 11 360 78 172 172 330 164 164 164 0 0 387 387 102 102
52 52 226 34 213 291 291 383 383 241 241 269 19 19 37 76 76 371 339 339 136 136 13 13 13 45 331 331 68 68 345 194 194 194 360 360 360 295 330 330 330 164 164 0 0 0 387 387 0 0
16 52 158 291 291 291 205 205 383 193 193 269 19 19 37 37 37 371 371 375 375 375 5 5 13 275 275 275 214 214 214 214 214 194 360 207 207 295 258 330 330 105 105 105 0 268 268 387 0 0
16 52 158 291 74 205 205 205 124 193 368 368 368 368 37 37 37 282 282 24 375 375 375 5 13 275 275 255 255 129 129 129 129 0 0 207 295 295 258 258 258 105 308 308 268 268 268 0 0 0
16 158 158 291 74 334 334 124 124 193 368 368 368 393 393 393 282 282 282 24 24 24 375 5 344 344 275 255 255 311 380 0 0 0 154 207 295 295 295 171 116 105 308 308 268 268 268 0 0 0
16 158 273 273 74 74 334 124 124 152 152 152 152 20 393 393 282 321 321 321 321 370 370 344 344 344 344 344 344 311 380 0 0 0 154 154 154 171 171 171 116 105 0 0 12 12 0 0 0 0
178 178 273 273 128 128 334 0 0 0 335 335 152 20 20 20 282 0 321 321 321 370 370 277 277 95 131 211 311 311 380 380 0 0 0 0 171 171 171 171 116 105 105 0 12 12 0 0 0 0
178 178 178 273 128 128 128 0 0 0 335 335 0 20 20 20 195 0 0 0 0 370 370 277 95 95 131 211 211 336 336 336 0 0 0 0 198 332 332 332 116 362 0 0 0 0 0 0 0 0
0 178 191 273 273 128 0 0 0 238 238 238 0 0 0 195 195 120 120 0 0 0 370 277 95 95 131 131 211 336 175 175 0 0 0 0 198 198 0 332 116 362 362 305 305 305 0 0 0 0
0 178 191 191 296 296 0 0 0 0 0 238 238 0 0 195 0 0 120 303 303 0 256 256 0 0 0 0 0 0 0 175 175 0 0 0 0 198 0 0 116 0 362 305 305 149 0 0 0 0
0 0 191 191 296 296 0 0 0 0 0 238 238 0 0 195 0 120 120 303 303 0 256 256 0 0 0 0 0 0 0 0 0 0 0 0 0 0 0 0 0 0 362 305 305 149 149 149 149 0
