50 400 20
99422 1508
57943 1707
78277 1658
66869 1204
55259 1747
93605 1982
70558 1831
60511 1729
55840 1567
85646 1743
91675 1542
78920 1447
88598 1653
67786 1975
53927 1919
84153 1851
70970 1834
54095 1558
64612 1630
54307 1756
95978 1692
93289 1840
76256 1949
67606 1638
98797 1427
67163 1937
95899 1442
90561 1194
88928 1843
88334 1365
52379 1906
98442 1445
82684 1451
89605 1039
90893 1365
81016 1886
54687 1200
74660 1114
78899 1683
91688 1990
84904 1683
90005 1806
53790 1137
65237 1892
82813 1811
92576 1046
65915 1591
69146 1978
88232 1665
98568 1583
56086 1194
83242 1748
87381 1271
90614 1480
77166 1933
56971 1113
84552 1539
79267 1786
62607 1532
88678 1473
80438 1702
57567 1016
62124 1114
54829 1642
78539 1042
64954 1404
82496 1440
85192 1064
53800 1636
88130 1398
83049 1754
93922 1068
56980 1906
81421 1720
63685 1001
57411 1604
86329 1441
73829 1659
80736 1581
72083 1336
55421 1946
97373 1111
71623 1816
76354 1178
54119 1796
52719 1624
92001 1083
64679 1272
69352 1520
67169 1346
62444 1827
63757 1908
51424 1555
77185 1118
51347 1497
53013 1492
52187 1635
68272 1066
69272 1479
67372 1587
93443 1236
92920 1296
95650 1854
72853 1042
77524 1433
84290 1256
58083 1472
82394 1624
63384 1829
78228 1861
67399 1795
57195 1616
91486 1177
63953 1038
50807 1396
84742 1243
57839 1533
63041 1096
89192 1831
61326 1778
71792 2000
96533 1017
67653 1314
80483 1672
82257 1503
53542 1292
52129 1861
56944 1010
97638 1896
94813 1008
59574 1894
78780 1474
87775 1883
50948 1683
79333 1759
55251 1430
88505 1319
83244 1748
84944 1188
93007 1645
81533 1178
94454 1548
77207 1890
89599 1661
72460 1486
82681 1657
67699 1099
83614 1037
85571 1507
55911 1279
73023 1798
75158 1341
77715 1875
72339 1962
83149 1297
72153 1961
54378 1593
98392 1617
53109 1173
95776 1545
99276 1136
62623 1530
57730 1640
88151 1533
69785 1440
60307 1714
67974 1268
86049 1649
91731 1521
96143 1937
96154 1321
56122 1991
65176 1368
80441 1168
95954 1493
59703 1014
80720 1779
75959 1788
77312 1427
84753 1067
85742 1614
81337 1423
78815 1548
86814 1005
67575 1313
72503 1771
78744 1049
86106 1144
54071 1637
55536 1699
58852 1945
88480 1574
64745 1382
83488 1856
96710 1706
55452 1342
99291 1684
97131 1126
63359 1914
93035 1640
94003 1774
74333 1688
89624 1361
58066 1244
50875 1440
81840 1429
58006 1543
79969 1907
80210 1065
81322 1289
50899 1590
66873 1304
80670 1453
57737 1897
61019 1995
96456 1278
50676 1932
81825 1907
87290 1531
92556 1556
62485 1672
97930 1056
99513 1238
97317 1477
61813 1514
78123 1674
69340 1447
97989 1013
97950 1143
83464 1969
54351 1284
62691 1693
64381 1844
99202 1602
69988 1511
71387 1161
78119 1038
66952 1966
61637 1504
93650 1851
93580 1767
69536 1902
59218 1504
94583 1743
50393 1185
79694 1993
88265 1627
83671 1816
59269 1503
71789 1456
94120 1308
94314 1162
94967 1148
60859 1590
59468 1193
50113 1059
58753 1689
57321 1066
60617 1754
87331 1350
82147 1379
57627 1308
75497 1097
84952 1845
95934 1335
50539 1301
81568 1234
71119 1805
85652 1837
74816 1909
97872 1711
85467 1798
53746 1969
53035 1336
77550 1967
53337 1064
73459 1887
50305 1375
51150 1661
93526 1380
93612 1818
76853 1550
94502 1294
91687 1046
89696 1954
51493 1283
67587 1352
75862 1094
61627 1057
85244 1064
72157 1808
74077 1163
69906 1580
57677 1638
70588 1650
85704 1448
53577 1510
56619 1866
75991 1843
85189 1060
83796 1925
63142 1341
61814 1080
71573 1170
85073 1514
63614 1994
91673 1466
67818 1416
79062 1586
63686 1150
91114 1317
55971 1703
98115 1661
89660 1542
64001 1521
66158 1960
70657 1832
55244 1292
80976 1281
58059 1286
61437 1264
97997 1972
73376 1339
50184 1623
68766 1166
69268 1893
93042 1839
58215 1774
53966 1382
64036 1027
99820 1372
58559 1018
87630 1371
59567 1714
98134 1268
98662 1190
91764 1825
86534 1157
97702 1791
83708 1241
97093 1794
92109 1345
63520 1896
65738 1499
98324 1801
89721 1646
54563 1493
56708 1363
65498 1386
97611 1767
84876 1549
88429 1233
59236 1507
94392 1694
84151 1074
66589 1438
77000 1093
86652 1693
70974 1606
67318 1954
73885 1688
66039 1668
90979 1741
58667 1764
88194 1375
62498 1721
80004 1550
58737 1986
87423 1441
79359 1168
72550 1951
56514 1905
85606 1003
59802 1605
74402 1055
63542 1785
65790 1067
59674 1093
88035 1363
60667 1730
75598 1972
62865 1150
56309 1080
55190 1327
86840 1728
55090 1214
66717 1400
92553 1536
82338 1888
97647 1236
77821 1960
99794 1326
51086 1312
69187 1228
90987 1212
76188 1010
60049 1458
62620 1916
62685 1849
76284 1218
398 398 398 339 339 0 0 0 0 57 0 0 0 0 0 0 154 154 154 154 0 0 0 0 0 0 0 0 132 132 270 12 12 12 63 63 63 14 14 14 303 309 309 309 164 164 164 0 0 0
398 398 398 339 339 0 0 0 0 57 0 0 0 0 0 0 66 66 154 154 0 0 0 16 0 0 199 199 132 132 270 12 12 72 72 63 63 14 349 303 303 384 384 309 309 309 164 0 0 0
347 347 398 69 69 0 0 0 57 57 57 0 0 0 0 66 66 149 149 293 130 130 0 16 16 16 199 199 132 132 270 270 12 327 72 72 72 72 349 303 277 277 384 8 8 309 309 0 0 0
347 347 347 380 69 69 0 0 193 193 193 0 0 0 0 0 149 149 149 293 130 351 351 251 16 16 16 199 199 132 312 312 312 327 72 102 102 72 349 349 277 277 384 8 8 8 279 279 0 0
347 291 291 380 380 0 0 173 173 193 193 0 0 0 118 118 118 118 230 293 130 351 351 251 251 20 16 199 199 37 37 312 312 327 166 166 102 102 102 349 0 0 0 0 0 0 0 279 279 279
347 291 291 380 380 0 0 173 173 32 32 389 31 31 31 31 230 230 230 293 351 351 258 258 251 20 20 98 5 37 37 312 312 327 166 166 224 224 102 0 0 0 0 0 0 0 0 0 0 279
326 326 326 299 299 0 0 0 0 32 32 389 31 31 31 31 223 230 230 293 351 351 258 258 256 20 98 98 5 5 5 110 110 327 224 224 224 224 224 239 239 0 0 0 0 0 0 0 0 0
326 0 0 299 299 0 0 0 0 32 32 389 389 223 223 223 223 230 230 76 76 76 76 258 256 20 98 98 100 100 100 110 110 110 91 91 353 353 239 239 239 239 239 117 117 117 0 0 248 248
326 0 0 373 96 0 276 0 0 40 40 389 389 223 223 367 122 122 158 76 76 76 76 256 256 20 150 358 100 100 100 343 343 338 338 91 353 353 345 382 382 382 239 315 315 117 25 25 248 248
0 0 0 373 96 0 276 276 246 40 40 360 360 93 93 367 122 122 158 158 158 158 157 157 150 150 150 358 358 100 343 343 338 338 91 91 307 345 345 345 310 382 382 315 315 25 25 54 248 235
0 0 0 373 96 0 0 276 246 246 360 360 360 93 93 367 367 70 158 26 232 232 232 157 150 379 150 322 358 85 85 215 215 215 17 17 307 345 345 345 310 119 119 119 119 54 54 54 390 235
0 0 373 373 96 0 388 388 388 246 44 44 83 83 314 314 70 70 70 26 232 232 232 157 150 379 322 322 322 85 85 215 215 215 17 17 307 307 94 310 310 119 119 119 257 257 257 54 390 235
0 0 373 335 335 335 388 388 388 44 44 44 83 83 314 314 70 70 70 26 26 268 268 268 379 379 346 346 322 385 385 215 215 147 133 133 307 307 94 94 94 121 121 119 155 155 257 390 390 235
151 151 373 335 43 43 43 75 359 359 397 265 265 366 314 290 2 2 2 184 184 184 128 268 379 268 294 346 346 385 385 147 147 147 107 133 133 307 307 114 114 121 121 252 155 155 155 390 213 0
151 151 134 134 101 101 43 75 359 359 397 265 366 366 290 290 45 45 2 184 128 128 128 268 268 268 294 294 294 294 331 331 147 147 107 107 107 114 114 114 114 341 341 252 252 155 213 213 213 0
151 134 134 134 101 101 137 75 359 397 397 265 366 366 290 45 45 45 2 214 214 128 128 394 394 394 288 231 231 294 331 64 64 107 107 104 107 104 197 197 174 174 341 125 252 155 234 234 234 0
151 134 134 134 137 137 137 75 359 397 39 39 39 366 143 143 143 143 2 297 214 214 128 394 394 394 288 144 231 231 331 183 64 64 124 104 104 104 197 197 174 174 341 125 125 125 234 234 0 0
330 87 3 3 3 75 75 75 359 359 39 78 78 78 143 143 143 143 297 297 59 59 59 304 304 288 288 144 144 144 144 183 183 183 124 281 187 187 197 197 46 46 6 6 125 0 0 53 53 53
330 87 3 241 374 316 316 316 316 316 316 78 78 78 51 51 51 297 297 297 59 59 59 304 304 84 84 10 10 10 144 183 183 124 124 281 281 187 1 1 46 46 6 6 0 0 0 53 362 0
330 87 241 241 374 374 374 180 180 180 180 180 180 180 180 52 51 324 324 297 210 67 313 313 226 84 84 10 229 195 195 183 129 129 124 281 281 187 1 1 46 0 0 0 0 0 0 362 362 0
330 87 241 241 356 356 22 22 22 58 97 97 186 186 186 52 52 324 324 324 210 67 313 313 226 226 365 229 229 195 195 129 129 266 182 182 182 182 1 55 0 0 337 337 0 0 0 362 0 0
330 87 363 363 363 356 22 22 22 58 97 97 186 300 300 52 52 399 399 210 210 67 226 226 226 365 365 229 123 123 207 207 207 266 266 266 295 182 55 55 364 337 337 337 337 391 0 0 0 0
329 329 329 329 363 356 372 22 58 58 58 58 300 300 274 274 52 399 399 399 399 67 103 103 103 365 229 229 123 123 207 68 68 266 266 266 295 55 55 364 364 337 337 391 391 391 391 0 0 0
0 0 0 249 363 356 372 372 179 179 371 371 202 202 202 274 274 399 260 260 260 67 103 103 395 365 203 203 123 123 292 68 68 295 295 295 295 82 82 364 364 364 364 138 138 328 391 391 0 0
0 0 0 249 249 249 19 19 179 179 371 371 278 278 202 202 392 260 260 260 260 152 152 395 395 365 203 203 123 123 292 292 292 106 106 295 295 82 259 259 217 217 138 138 138 328 328 328 0 0
0 0 0 0 172 172 19 19 19 179 361 361 278 278 392 392 392 260 350 350 350 152 395 395 395 365 211 211 211 292 292 21 292 106 106 189 189 82 259 259 222 217 217 206 206 206 0 0 0 0
0 0 0 0 172 172 139 28 28 179 361 361 18 18 120 120 163 163 262 262 350 152 108 190 190 190 211 211 211 306 298 21 21 21 369 369 189 259 259 222 222 376 376 206 206 48 0 0 0 0
0 0 0 0 139 139 139 0 28 179 18 18 18 120 120 120 163 163 262 262 153 153 108 190 190 190 211 306 306 306 298 298 298 381 381 369 189 259 259 222 222 222 376 92 92 48 0 15 0 0
0 0 0 0 0 0 0 0 28 208 208 208 208 208 336 336 354 323 323 153 153 108 108 190 190 284 284 284 284 200 200 325 325 381 381 369 369 188 188 188 188 222 376 92 92 48 48 15 15 0
342 0 0 0 0 0 0 236 236 236 38 38 7 208 336 336 354 354 323 323 108 108 108 86 284 284 42 42 42 42 200 200 325 370 370 370 370 169 127 127 127 245 245 81 116 116 116 116 15 0
342 0 0 0 0 344 344 236 236 236 38 38 7 208 208 141 141 354 23 23 23 253 86 86 86 86 42 42 42 42 325 325 325 370 370 169 169 169 127 24 24 245 245 81 81 81 0 0 0 0
342 344 344 344 344 344 242 318 318 38 38 7 7 275 275 141 141 354 23 162 162 253 253 253 86 131 131 35 35 325 325 159 159 159 285 285 282 169 127 24 24 340 340 340 0 81 167 167 167 167
342 0 0 0 0 344 242 318 318 38 38 201 7 219 275 393 393 393 393 162 194 194 334 334 334 131 35 35 178 178 170 170 159 159 285 285 282 169 169 250 250 250 243 340 0 0 0 167 167 0
342 0 0 0 0 0 242 242 201 201 201 201 219 219 275 275 275 80 80 162 162 194 334 334 334 131 263 263 178 170 170 168 168 352 352 352 282 282 301 250 250 271 243 243 0 0 0 0 0 0
0 0 0 0 242 242 242 71 71 71 71 71 219 47 177 177 177 80 80 267 162 194 334 61 61 113 263 263 178 178 168 168 383 175 175 352 301 301 301 271 271 271 243 243 243 62 77 77 77 0
0 0 0 0 321 321 321 71 212 237 237 237 105 47 47 289 177 171 171 267 267 267 61 61 286 113 113 264 264 178 168 168 383 175 175 352 352 209 209 209 209 287 243 287 109 62 77 77 0 0
0 0 0 0 321 321 56 56 212 73 237 237 105 47 47 289 171 171 171 233 126 126 126 11 286 113 113 113 264 264 168 168 383 333 198 4 4 209 209 209 287 287 287 287 109 62 0 0 0 0
0 0 0 0 41 41 56 56 212 73 237 237 105 95 47 289 289 171 171 233 126 233 11 11 286 113 165 165 165 165 383 383 383 333 198 4 4 209 142 142 348 348 247 109 109 62 191 191 0 0
0 0 0 0 0 41 302 302 212 73 305 305 105 95 95 176 289 176 283 233 233 233 11 135 286 286 65 36 165 165 165 165 333 333 198 4 13 13 13 142 142 348 247 247 247 317 191 191 191 0
0 0 0 0 0 41 302 302 73 73 305 305 272 9 95 176 176 176 283 283 181 181 11 135 65 65 65 36 396 319 319 221 221 221 198 13 13 228 228 228 348 348 247 247 247 317 311 311 0 0
0 0 0 0 0 41 302 302 30 73 225 225 272 9 9 9 176 176 283 283 181 181 135 135 135 36 36 36 396 319 319 319 221 221 27 27 89 228 387 387 49 49 145 145 317 317 311 311 0 0
0 0 0 0 400 400 400 30 30 375 375 225 272 9 9 9 216 216 244 244 181 111 218 218 135 90 90 90 396 319 319 319 221 27 27 89 89 387 387 29 49 49 145 145 140 0 0 0 0 0
0 0 0 0 400 50 50 30 375 375 375 225 272 269 269 269 216 216 244 244 244 111 218 218 146 90 90 88 396 396 34 357 280 280 280 89 89 387 29 29 49 49 33 368 140 140 378 378 0 0
0 0 0 296 400 50 50 115 115 115 375 225 272 269 269 269 269 269 244 156 156 111 146 146 146 88 88 88 396 34 34 357 185 280 280 89 89 387 29 29 33 33 33 368 140 140 378 378 378 0
220 220 220 296 296 296 115 115 60 60 60 0 0 0 238 238 238 238 244 156 156 111 273 273 273 273 88 88 88 34 34 357 185 185 185 161 161 205 205 205 205 205 0 368 368 368 368 0 0 0
0 0 220 99 99 160 160 160 60 60 60 0 0 0 0 196 196 255 255 255 308 308 308 273 273 273 386 386 386 34 34 357 0 185 185 161 240 240 205 205 254 0 0 0 0 0 0 0 0 0
0 0 0 99 160 160 136 136 136 112 112 0 0 0 0 0 196 196 196 255 308 308 332 332 74 0 0 0 386 0 0 0 0 261 185 161 240 240 148 148 254 0 0 0 0 0 0 0 0 0
0 0 0 99 99 204 204 204 136 112 112 227 0 0 0 0 377 196 196 0 0 0 0 332 74 0 0 0 0 0 320 320 320 261 261 261 0 0 148 148 254 0 0 0 0 0 0 0 0 0
0 79 79 79 99 204 355 355 136 136 0 227 227 0 0 0 377 377 377 0 0 0 0 332 74 74 0 0 0 0 320 320 192 192 192 0 0 0 0 0 254 0 0 0 0 0 0 0 0 0
79 79 0 0 0 0 355 355 0 0 0 0 227 0 0 0 0 0 0 0 0 0 74 74 74 74 0 0 0 0 320 320 192 192 192 192 0 0 0 0 0 0 0 0 0 0 0 0 0 0
