50 400 20
61669 1576
60642 1788
62791 1968
75136 1723
95771 1644
53888 1478
87701 1764
64847 1838
63954 1274
65270 1803
97916 1301
98938 1913
80315 1365
75454 1048
59685 1480
61280 1244
69541 1689
75448 1086
51087 1681
58010 1602
54286 1930
74251 1390
82504 1728
64740 1841
55984 1240
51787 1649
91280 1677
94739 1507
75102 1604
79927 1816
93241 1478
59042 1402
65095 1429
69271 1450
87662 1089
66179 1598
72610 1711
54909 1932
90500 1111
81413 1401
58021 1007
53250 1634
91818 1334
67266 1315
69561 1137
97107 1153
91198 1865
65459 1051
73844 1736
58397 1239
56062 1720
87943 1799
76636 1957
73855 1070
79701 1695
59415 1518
80804 1180
91989 1067
81570 1742
58661 1390
88175 1578
61722 1340
87307 1339
92027 1696
93885 1575
54697 1554
99280 1318
62091 1065
90235 1710
93371 1485
51867 1725
85574 1809
86247 1234
50069 1055
57723 1322
55292 1361
52248 1409
85605 1360
92230 1704
90526 1085
66766 1457
79313 1140
89429 1875
76765 1758
50145 1686
93596 1980
80340 1163
67689 1873
78037 1666
53735 1588
82360 1843
51629 1086
74436 1758
76351 1106
81507 1476
59326 1696
62391 1840
88741 1765
97076 1193
85512 1118
81942 1213
65087 1152
63620 1839
74834 1068
62438 1786
61855 1147
62534 1352
82717 1512
65090 1860
85607 1835
63698 1625
86614 1803
61372 1306
66077 1024
98143 1694
80423 1944
81653 1112
92125 1687
82053 1749
98588 1109
82474 1025
51009 1077
92034 1227
82262 1097
90731 1441
75875 1077
83641 1176
99715 1310
75778 1119
66998 1573
79311 1199
73164 1234
61798 1702
62815 1024
70363 1950
84536 1470
79472 1643
90915 1840
88394 1046
92015 1963
91358 1538
77542 1118
98518 1523
74724 1519
79207 1836
85495 1753
93846 1191
75639 1911
71618 1126
90714 1611
79364 1745
73118 1241
99753 1664
77311 1429
66685 1704
50789 1007
77437 1062
97973 1361
95490 1919
52737 1872
59999 1028
53045 1041
59519 1463
78649 1649
76021 1855
77279 1785
67140 1748
65824 1636
54406 1299
65643 1872
60706 1223
74465 1937
90683 1154
89329 1693
60749 1793
98206 1706
60783 1643
66820 1659
76071 1310
91108 1430
72791 1906
50843 1353
87736 1079
81333 1443
64074 1053
91518 1717
68035 1774
83375 1023
54445 1028
71718 1892
77954 1386
50957 1895
64585 1324
90958 1821
88226 1451
95335 1329
83333 1360
63559 1111
79254 1326
51995 1099
92690 1179
54049 1599
50228 1629
98575 1659
89906 1832
77217 1848
87180 1404
69011 1095
59941 1018
82471 1611
91997 1373
73074 1777
90432 1367
61314 1962
65601 1386
99536 1908
59732 1887
71287 1216
97536 1774
62166 1535
62277 1174
66467 1689
67711 1981
55409 1918
61045 1270
76984 1743
69705 1609
86866 1338
61988 1742
62849 1959
86589 1662
86775 1901
91474 1605
58241 1754
85587 1112
63519 1927
56970 1661
56161 1887
99606 1499
72242 1446
75316 1362
69309 1505
52690 1911
63180 1796
68786 1971
53102 1344
79465 1140
66757 1895
63932 1394
63757 1292
65452 1821
93587 1132
59786 1684
59849 1622
58378 1304
96198 1203
59914 1257
75089 1420
78125 1534
86254 1026
80653 1888
64339 1668
90335 1915
60818 1118
82665 1986
77735 1360
78586 1156
65398 1573
77097 1882
70361 1847
63175 1058
52502 1053
69525 1803
61386 1495
94230 1724
50931 1170
62873 1085
82864 1085
57261 1934
84198 1933
57301 1440
96741 1113
72195 1556
90135 1633
83301 1738
64934 1323
78912 1059
78872 1593
64784 1643
92832 1850
62828 1870
84387 1176
53875 1774
68879 1731
87271 1770
82100 1182
77019 1619
55120 1098
94815 1696
72129 1636
55023 1762
69652 1604
99595 1229
76669 1083
77769 1666
83874 1057
94904 1315
75217 1581
55447 1449
87580 1799
76758 1007
59558 1950
73248 1840
69385 1679
92394 1280
75301 1620
94376 1575
80167 1896
82863 1478
99665 1870
83355 1588
57124 1667
92219 1484
88447 1032
92739 1017
56390 1189
83965 1146
91367 1670
83607 1351
96918 1669
73198 1574
61656 1352
76212 1119
84011 1070
84914 1335
70091 1025
52527 1567
55613 1843
87832 1471
55103 1854
81305 1649
58005 1702
79074 1928
78666 1523
76270 1083
75356 1005
71377 1683
72024 1965
97407 1624
86851 1591
50851 1689
72355 1486
78916 1154
78342 1391
87505 1350
58799 1075
99517 1144
57056 1757
72129 1842
69909 1803
84949 1625
67280 1626
55505 1931
60813 1765
91461 1005
84278 1449
56222 1207
81003 1694
51338 1098
59907 1995
78421 1211
76278 1042
53437 1324
61536 1762
58022 1671
80430 1122
95583 1781
63319 1406
96284 1210
80036 1806
75893 1950
55359 1396
67694 1100
95984 1124
60780 1353
55458 1565
66850 1852
81218 1194
57875 1714
86866 1183
73504 1290
60181 1903
91306 1920
56344 1229
66108 1434
61324 1012
78821 1047
53145 1874
96125 1435
79921 1355
0 0 0 0 0 0 0 0 0 0 0 0 0 0 356 356 356 356 0 0 0 0 0 0 0 257 257 257 257 34 34 0 0 210 210 210 92 92 0 0 121 121 121 121 0 0 0 0 0 0
0 0 0 0 0 0 0 0 0 0 137 0 0 101 101 101 101 0 0 0 0 0 0 0 0 140 140 34 34 34 34 0 0 210 139 139 92 92 0 0 70 121 121 0 0 103 103 0 0 0
283 283 283 0 359 0 0 0 137 137 137 0 367 367 85 85 101 0 0 0 0 0 43 0 43 140 140 224 224 224 224 0 0 210 139 139 92 74 166 0 70 70 70 316 0 103 103 0 368 368
386 386 283 283 359 359 0 0 0 137 137 0 367 367 85 339 339 0 193 193 193 0 43 43 43 227 140 300 212 212 212 0 0 152 139 302 92 74 166 166 166 166 166 316 316 316 0 0 368 368
386 386 283 283 284 359 0 304 304 137 137 367 367 367 85 69 339 244 244 244 193 0 0 0 0 227 300 300 212 0 0 0 0 152 139 302 92 74 74 148 223 203 166 166 180 0 0 0 368 368
386 386 0 0 284 284 284 304 304 170 20 20 69 69 69 69 339 339 0 244 244 0 81 0 0 227 300 24 286 286 0 152 152 152 139 302 302 148 148 148 223 203 203 180 180 180 390 390 390 390
0 325 325 0 311 311 311 304 170 170 20 20 20 20 291 294 339 339 0 0 0 0 81 81 81 227 227 24 286 286 0 152 152 152 352 352 302 18 148 148 223 223 203 180 180 180 279 390 390 390
0 325 325 0 311 311 23 304 170 170 299 252 20 20 291 294 294 226 226 226 277 277 81 81 33 33 227 24 24 354 194 194 190 190 190 352 352 18 148 148 270 270 270 351 351 351 279 279 0 0
0 0 0 0 23 23 23 23 170 170 299 252 291 291 291 216 294 294 226 226 277 197 197 33 33 33 227 354 354 354 194 194 323 190 190 310 310 18 278 278 6 270 270 351 199 199 279 279 11 0
0 0 280 308 308 13 217 23 23 299 299 252 291 291 291 216 195 195 329 329 277 112 197 197 33 33 126 126 354 172 172 194 323 323 323 310 310 18 278 278 6 289 289 289 199 199 157 11 11 0
0 280 280 308 308 13 217 375 23 299 299 252 252 252 327 216 195 195 329 329 112 112 112 112 33 126 126 295 295 172 172 194 194 127 127 127 37 37 278 278 6 289 154 154 199 157 157 11 11 0
0 280 280 371 308 13 217 375 375 321 321 234 327 327 327 216 195 195 195 329 112 112 273 273 99 99 99 99 295 295 295 182 132 127 127 37 37 102 102 102 96 289 154 154 199 157 385 385 385 385
0 371 371 371 0 13 217 217 375 321 145 234 234 234 78 78 78 78 17 7 7 273 273 273 99 99 107 107 182 182 182 182 132 132 132 89 102 102 96 96 96 27 27 399 399 157 157 0 385 385
0 0 0 0 0 0 0 0 375 321 145 357 234 234 396 78 78 17 17 7 7 7 7 111 99 99 107 107 186 186 93 104 104 132 132 89 89 89 96 96 96 27 399 399 399 198 157 0 0 0
0 0 0 0 0 0 0 0 375 145 145 357 236 236 396 396 396 17 17 116 116 116 111 111 317 317 107 107 186 186 93 104 104 132 173 89 97 97 97 268 268 27 27 399 399 198 198 198 198 29
0 0 0 0 153 153 153 315 375 145 145 357 236 236 343 396 396 396 21 21 21 116 111 155 82 317 317 107 79 379 93 305 305 305 173 173 97 28 268 268 115 53 53 214 87 87 87 198 29 29
0 108 108 108 153 46 46 315 238 238 238 357 344 343 343 292 187 187 21 320 111 111 111 155 82 317 317 79 79 379 93 305 105 105 35 173 28 28 28 28 115 53 53 214 87 87 337 168 168 29
0 108 156 156 156 46 315 315 164 164 238 238 344 343 343 292 187 187 320 320 249 249 249 155 82 317 317 79 79 379 379 349 105 105 35 35 141 141 28 115 115 115 253 214 214 337 337 168 168 29
256 256 256 156 156 46 46 73 164 164 238 32 344 344 292 292 292 320 320 320 249 249 249 155 82 82 219 219 235 235 349 349 105 204 35 35 141 141 28 115 83 83 253 361 361 337 143 143 143 143
256 256 256 259 259 73 73 73 164 55 55 32 344 344 269 269 162 162 288 288 288 60 60 202 202 82 219 219 235 235 349 265 204 204 183 183 141 146 146 83 83 253 253 361 361 72 72 0 0 143
256 256 209 209 259 306 306 372 55 55 32 32 344 110 269 269 162 162 288 288 60 60 202 202 202 200 219 161 161 161 161 265 265 204 183 183 141 146 146 146 113 113 113 113 72 72 72 0 0 0
229 229 209 209 259 306 306 372 372 372 32 110 110 110 269 269 269 162 288 288 3 225 225 225 200 200 240 161 161 61 61 265 265 204 204 204 230 230 230 57 57 113 366 113 341 72 72 0 63 0
229 229 209 209 259 306 306 372 124 124 124 124 124 110 312 312 269 91 3 3 3 225 225 200 200 200 240 240 240 61 61 75 365 365 95 95 230 230 230 57 48 48 366 366 341 341 167 63 63 0
0 0 158 301 301 301 306 372 165 165 124 124 124 110 312 312 91 91 3 260 225 225 225 31 31 31 240 240 240 61 75 75 365 365 95 95 95 149 149 57 48 48 366 366 341 341 167 167 63 0
0 0 158 301 301 301 165 165 165 395 395 395 222 110 312 242 91 80 80 260 260 250 250 181 31 31 201 201 201 201 75 75 365 95 95 400 400 149 149 48 48 48 366 366 49 0 0 167 63 0
0 158 158 98 98 301 332 332 332 395 188 188 222 222 222 242 242 242 80 80 260 250 250 181 181 181 201 201 201 220 119 119 67 67 67 67 400 400 8 8 8 48 123 123 49 0 0 0 0 0
0 0 0 0 98 301 332 380 332 188 188 303 303 287 287 4 242 242 242 242 142 16 16 181 181 118 118 42 42 220 119 119 119 119 119 67 400 400 8 261 261 261 123 49 49 0 0 0 0 0
0 0 0 0 98 384 384 380 380 303 303 303 120 287 287 4 59 59 59 142 142 16 16 16 181 181 118 118 42 220 207 207 207 207 207 207 400 400 285 261 22 261 123 290 290 391 391 0 0 0
0 0 0 0 328 328 384 272 380 56 120 120 120 287 4 4 76 76 59 142 62 211 211 16 136 86 86 118 42 220 309 347 347 9 9 9 218 218 285 22 22 22 313 290 290 391 391 0 0 0
0 0 328 328 328 328 384 272 272 56 56 275 335 4 4 254 76 76 59 62 62 211 211 376 136 86 86 86 394 394 309 347 347 9 1 1 218 218 285 22 22 22 313 290 290 179 189 189 0 0
0 0 185 185 185 185 378 272 272 56 56 275 335 335 4 254 76 59 59 62 12 12 12 376 136 86 54 394 394 394 309 130 258 258 1 1 334 231 285 15 15 15 313 313 179 179 189 189 205 0
0 0 0 0 336 378 378 272 272 241 275 275 335 335 254 254 184 184 66 12 12 12 38 376 136 86 54 54 54 54 309 130 258 258 334 334 334 231 285 340 340 15 313 313 179 45 45 189 205 0
0 0 0 0 336 378 362 241 241 241 241 241 213 248 248 254 184 184 66 66 66 38 38 376 136 131 131 54 54 54 130 130 258 258 177 177 342 231 340 340 340 398 358 358 45 45 45 45 205 0
0 0 397 336 336 378 362 84 151 151 151 151 213 248 248 254 184 184 2 2 228 38 134 134 293 131 131 293 246 246 246 246 163 177 177 177 342 231 392 392 398 398 358 358 358 19 19 19 205 0
0 0 397 336 336 362 362 84 84 389 389 389 213 213 125 254 128 128 128 2 228 134 134 134 293 293 293 293 171 246 36 36 163 163 163 342 342 392 392 47 398 30 30 30 30 19 237 297 77 0
0 0 397 397 5 5 330 330 84 389 389 355 213 213 125 128 128 71 71 2 228 228 298 298 298 298 298 171 171 171 36 36 192 192 163 163 47 47 47 47 345 345 30 30 196 237 237 297 77 77
397 397 397 397 5 5 330 330 326 326 355 355 355 213 125 370 370 71 71 208 318 318 318 318 298 298 298 51 171 171 150 36 192 192 251 251 251 68 68 68 345 196 196 196 196 237 297 297 77 77
0 0 0 0 0 0 0 0 326 322 355 355 355 213 125 370 370 71 71 208 318 373 281 318 51 51 51 51 150 150 150 36 346 192 251 251 251 251 251 68 345 345 345 50 160 160 160 297 0 0
0 0 0 0 0 0 0 221 326 322 322 322 109 109 109 109 106 106 208 208 318 373 281 281 51 52 52 52 150 150 319 36 346 346 346 44 44 364 364 364 388 345 345 50 50 50 160 0 0 0
0 0 0 0 0 0 0 221 221 322 25 322 109 243 243 243 106 106 208 208 318 373 281 281 159 159 159 52 150 41 319 282 282 346 346 44 44 267 267 364 388 388 388 388 50 50 0 0 0 0
0 0 338 0 0 0 0 221 221 39 25 14 243 243 382 382 382 382 208 208 262 373 373 373 159 333 333 333 150 41 319 319 282 381 381 353 44 267 267 117 117 0 0 0 65 0 0 0 0 0
338 338 338 175 0 0 0 221 221 39 25 14 14 14 0 0 206 206 206 262 262 262 262 247 159 129 129 333 333 41 0 0 282 381 381 353 353 267 267 117 117 0 0 0 65 0 0 0 0 0
0 0 264 175 331 331 331 331 39 39 25 147 147 174 0 0 206 206 206 206 206 247 247 247 129 129 58 58 58 41 0 0 387 387 387 215 353 348 348 348 255 255 0 0 65 65 363 363 0 0
0 0 264 175 331 176 100 100 100 147 147 147 147 174 174 0 0 0 0 274 274 233 233 58 58 58 58 0 0 0 0 0 0 387 387 215 215 348 348 348 255 255 0 0 65 65 0 363 363 0
0 264 264 175 331 176 100 100 100 100 100 88 147 147 174 0 0 0 0 274 274 233 233 233 64 64 0 0 169 169 169 169 90 90 138 138 215 348 348 374 374 383 383 0 0 0 0 0 0 0
0 245 245 245 245 176 0 0 0 0 88 88 94 369 369 369 0 0 178 178 178 191 191 314 64 64 0 350 350 350 350 350 90 138 138 138 276 144 374 374 374 383 383 383 239 239 239 0 0 0
271 271 133 133 133 176 0 0 0 0 88 88 94 135 263 369 0 0 178 122 191 191 314 314 314 0 0 0 114 114 114 0 90 90 276 276 276 144 144 374 374 324 324 324 239 239 239 0 0 0
271 0 133 133 133 133 307 307 0 0 0 94 94 135 263 263 0 0 0 122 122 122 314 0 0 0 0 0 114 0 0 0 377 90 266 266 144 144 144 144 26 26 324 324 239 40 10 296 296 296
271 0 0 0 0 0 307 307 0 0 0 0 0 135 135 263 0 0 0 232 232 0 0 0 0 0 0 0 0 0 0 377 377 266 266 360 360 360 360 26 26 26 26 324 40 40 10 296 296 296
0 0 0 0 0 0 0 0 0 0 0 0 0 135 0 0 0 0 0 232 232 0 0 0 0 0 0 0 0 0 0 377 377 266 266 360 360 360 360 393 393 393 393 40 40 40 10 10 296 296
