50 400 20
76361 1014
73413 1650
59333 1073
78504 1690
59577 1310
58996 1019
96601 1941
92534 1967
63975 1487
52388 1241
85081 1087
79888 1654
53888 1058
67804 1844
72694 1578
84321 1440
64630 1590
67349 1844
85886 1660
86816 1455
60243 1569
79848 1930
85338 1486
67258 1921
84410 1580
77062 1671
74918 1654
74073 1704
59179 1923
99767 1729
53192 1099
92464 1891
52118 1871
90049 1661
90638 1452
94152 1142
98858 1651
81177 1584
72061 1922
94477 1233
84872 1844
72446 1496
91878 1242
58025 1649
84840 1514
86592 1693
79569 1702
73518 1778
62451 1776
91295 1747
76991 1045
67214 1310
82250 1207
89954 1155
82659 1494
86862 1942
99324 1460
93802 1090
96494 1547
63215 1447
54086 1058
69668 1798
69386 1628
55894 1289
59811 1286
72669 1955
50282 1279
69760 1003
64277 1489
92788 1981
60315 1675
92398 1001
86859 1133
89856 1143
77438 1701
81465 1771
96261 1044
76341 1133
89830 1059
97079 1776
91230 1277
99787 1940
60284 1599
71429 1644
62820 1063
66222 1990
59838 1064
76627 1984
51078 1062
78658 1051
63236 1557
77116 1508
79826 1954
86742 1001
50920 1145
88909 1287
72910 1937
65173 1677
57303 1003
67447 1751
83201 1532
83587 1744
98718 1561
69444 1333
95947 1690
87791 1781
50128 1395
51889 1002
94068 1471
75931 1542
65296 1978
64101 1514
99928 1878
93634 1566
58306 1821
50126 1947
79812 1143
55499 1985
83643 1584
67190 1192
98537 1381
87180 1929
91677 1833
50808 1105
91493 1250
83052 1969
67534 1442
84366 1021
69057 1722
91675 1233
68625 1182
58280 1172
77700 1456
54609 1381
90909 1917
98649 1138
86371 1631
93203 1936
92373 1753
97823 1829
91430 1260
86327 1969
91119 1344
82676 1584
67490 1213
85710 1158
76001 1031
78780 1713
52739 1690
80463 1579
57159 1608
96314 1818
50165 1607
84794 1525
59546 1562
60568 1296
84124 1220
88095 1357
62320 1504
80418 1088
53214 1851
66064 1125
57672 1224
68059 1789
52995 1306
96270 1383
56907 1927
87672 1199
53416 1148
91751 1304
99515 1336
66906 1427
71726 1368
70942 1373
78697 1469
71102 1022
53276 1442
58772 1534
99935 1413
84355 1163
50928 1597
75432 1242
88901 1654
77558 1809
84998 1734
85901 1578
93113 1365
74129 1298
82547 1784
76094 1313
73224 1845
70755 1268
66956 1825
56105 1794
97061 1244
67725 1646
62114 1358
55019 1932
86858 1157
79768 1268
98365 1791
93225 1911
58228 1245
84941 1650
99445 1740
96061 1755
73115 1380
56642 1932
74365 1667
66005 1768
56522 1083
89972 1214
55439 1328
58528 1299
54040 1134
67037 1184
61652 1293
95397 1860
96399 1355
54567 1935
92970 1079
73379 1126
60878 1997
57170 1711
84171 1060
57743 1259
92704 1614
80258 1970
76619 1998
94939 1042
95956 1886
98215 1023
68643 1035
86410 1969
81763 1874
73414 1085
73534 1475
91681 1103
65761 1168
59714 1520
64833 1276
51899 1463
54708 1179
57379 1526
73006 1568
68914 1129
51992 1668
92204 1846
75799 1466
89876 1331
96280 1215
96620 1773
71718 1362
70010 1915
50298 1820
50286 1204
93085 1788
74600 1416
70509 1714
76367 1603
89870 1607
65088 1613
63558 1170
67867 1567
69579 1930
62805 1362
59198 1381
71464 1872
71353 1108
70199 1587
80409 1254
54076 1611
96668 1563
94699 1657
91413 1704
78622 1917
93303 1053
99394 1128
91703 1415
79800 1840
87083 1448
52795 1738
52871 1849
98490 1465
96677 1346
73046 1709
87682 1759
65649 1400
78987 1217
57135 1834
69217 1364
70442 1413
73050 1179
77138 1715
77386 1169
60129 1201
71117 1679
80896 1543
72310 1905
58181 1412
55589 1114
94919 1438
77460 1580
61197 1121
67946 1362
68864 1207
51106 1651
72821 1193
79027 1783
50892 1668
59892 1115
98736 1511
74478 1711
85116 1395
56116 1606
71840 1004
50948 1395
87997 1945
96446 1966
52965 1111
74660 1278
95160 1558
93414 1900
96590 1331
77143 1976
97299 1987
84450 1601
65930 1600
93266 1959
78938 1507
80651 1846
54335 1354
57053 1980
77578 1602
79627 1307
84129 1042
50933 1983
92067 1664
95485 1870
86594 1014
57048 1769
98257 1190
75950 1476
88974 1280
93964 1860
71199 1216
53317 1852
63637 1557
65618 1687
95059 1639
96054 1362
54192 1652
73662 1906
95712 1285
57213 1561
79215 1211
54429 1768
57944 1298
82776 1503
73807 1121
52684 1385
59986 1528
94945 1223
65738 1607
59037 1339
85258 1806
96584 1133
60780 1004
97737 1824
92345 1781
57084 1460
86958 1514
80322 1858
79306 1414
99022 1151
91982 1946
55223 1684
75627 1980
94157 1010
80858 1270
74760 1412
90954 1439
95547 1418
87270 1579
82144 1861
50762 1289
90867 1384
69069 1646
94494 1589
66461 1182
59728 1862
68066 1374
83958 1206
82715 1340
85098 1423
83705 1918
50438 1118
77045 1605
54742 1322
71524 1376
0 0 0 0 156 156 156 156 156 0 0 0 0 0 0 0 166 0 0 0 0 0 0 0 0 0 0 0 193 193 101 101 101 101 29 29 0 0 0 136 136 136 136 136 363 363 363 0 0 0
38 38 0 0 343 343 343 343 0 0 0 0 0 0 0 0 166 0 0 0 0 0 0 347 347 0 0 0 193 193 90 2 2 2 212 29 0 0 0 136 136 363 363 363 363 257 257 257 0 0
38 38 38 232 343 343 343 0 0 0 0 0 0 0 0 0 166 0 0 0 0 0 0 347 347 0 0 0 193 193 90 90 90 2 212 29 100 100 398 398 398 398 398 5 5 5 257 257 34 67
146 146 146 232 308 308 259 304 304 304 0 282 282 361 361 361 166 0 0 0 0 0 0 0 347 356 148 148 30 117 117 65 65 212 212 100 100 100 398 22 22 52 52 52 52 5 34 34 34 67
146 107 146 232 308 308 259 359 359 304 0 26 282 361 361 361 170 0 0 0 303 303 0 0 347 356 148 148 30 117 117 65 65 395 395 395 395 235 398 22 22 22 52 172 172 172 172 391 34 67
146 107 232 232 308 259 259 83 359 359 26 26 282 361 361 170 170 170 0 0 303 303 0 0 347 356 148 27 30 30 30 344 344 395 395 235 235 235 387 387 387 387 52 20 20 391 391 391 34 67
146 107 107 259 259 259 57 83 359 359 26 26 26 127 170 170 210 210 0 0 118 0 0 0 0 356 335 27 27 27 344 344 344 395 395 137 312 312 96 96 387 387 387 20 20 391 177 177 34 67
0 107 107 259 57 57 57 83 359 359 26 145 145 127 127 127 210 210 53 53 118 118 0 0 0 335 335 33 33 33 344 344 344 137 137 137 312 312 96 96 78 78 78 72 72 391 177 177 25 25
0 0 107 320 57 57 57 83 223 223 223 145 145 145 127 127 32 32 53 53 138 118 0 0 0 335 335 335 334 33 221 221 267 267 51 88 88 312 62 62 152 152 78 72 72 72 0 0 25 25
0 0 320 320 373 269 223 223 223 223 223 145 145 145 127 127 32 32 157 157 138 138 0 0 0 334 334 334 334 221 221 221 267 267 51 51 88 374 62 62 152 152 286 46 46 10 10 0 0 0
0 320 320 0 373 269 269 269 149 19 19 19 50 50 32 32 32 32 157 157 138 138 0 42 0 0 338 338 338 119 119 119 119 113 51 51 88 374 374 374 305 305 286 46 46 10 10 0 0 0
0 0 0 0 373 373 382 382 149 19 19 19 50 319 319 319 319 319 157 390 390 138 0 42 230 230 230 230 338 370 370 370 113 113 367 367 367 302 302 302 305 286 286 290 290 10 10 0 0 245
0 0 0 0 0 0 382 382 149 149 252 252 50 252 379 379 319 319 254 390 390 138 0 42 230 339 230 338 338 370 370 370 113 353 367 95 175 175 302 305 305 231 231 290 290 94 94 245 245 245
0 0 0 0 0 0 0 0 0 366 366 252 252 252 252 379 92 92 254 254 273 273 0 42 42 339 338 338 242 242 370 370 113 353 95 95 175 302 302 168 168 231 231 290 290 290 94 245 245 245
0 0 0 0 0 0 0 0 0 366 366 366 366 41 41 379 92 92 254 254 11 273 273 271 271 339 339 339 242 242 237 15 353 353 95 95 175 302 168 168 168 231 201 0 0 0 94 205 205 0
0 0 55 55 55 55 326 326 326 326 321 321 41 41 360 360 360 360 37 37 11 11 159 271 271 271 197 197 237 237 237 15 15 15 95 354 354 224 168 168 362 239 201 201 201 0 94 205 205 0
227 0 0 0 0 0 143 143 143 133 321 321 321 133 371 371 371 360 37 37 11 11 159 271 102 271 197 197 237 237 98 98 354 354 354 354 300 224 224 362 362 239 201 201 201 0 54 54 54 0
227 227 0 0 0 0 0 143 143 133 133 133 133 133 371 187 187 187 37 37 11 11 159 159 102 271 183 183 328 328 98 98 354 153 153 153 300 224 224 362 239 239 126 126 126 0 0 376 54 0
227 227 110 110 0 0 0 143 143 228 228 132 132 132 187 187 187 187 8 8 8 159 159 111 102 102 183 183 328 328 330 330 330 153 153 35 300 362 362 362 40 40 40 229 126 0 0 376 0 0
227 227 110 110 110 110 147 147 143 228 228 264 264 132 187 8 8 8 8 115 115 159 111 111 111 102 102 43 43 43 330 171 171 171 171 35 300 364 364 56 40 40 229 229 126 0 0 376 376 0
106 106 106 82 82 110 147 147 307 307 228 264 264 292 292 327 327 8 355 355 115 115 161 176 176 176 346 346 43 43 43 209 209 209 171 35 35 364 364 56 56 84 229 229 345 345 0 0 0 0
106 106 82 82 82 147 147 147 307 307 264 264 264 292 292 327 327 109 109 355 161 161 161 272 272 176 346 346 43 14 14 209 393 393 393 393 35 56 56 56 84 84 229 229 345 345 345 0 0 0
106 106 280 386 386 386 28 28 28 28 28 28 292 292 255 109 109 109 109 355 289 289 272 272 272 176 176 176 378 350 14 234 393 393 393 393 270 270 310 310 84 84 130 130 130 139 135 0 0 0
0 280 280 214 214 386 375 331 331 331 331 316 316 292 255 109 169 169 39 355 289 289 272 272 272 3 253 253 378 350 14 234 234 93 93 89 89 270 270 310 84 84 130 139 139 139 135 135 0 0
0 280 0 214 214 386 375 375 375 375 287 316 316 292 255 255 169 169 39 39 289 289 3 3 3 3 253 253 378 350 14 14 234 93 93 89 89 270 270 310 219 59 71 71 71 71 135 135 0 0
0 0 0 0 386 386 0 61 61 351 287 287 317 317 317 248 248 39 39 39 289 79 79 381 381 381 49 253 378 350 154 154 240 240 249 249 249 249 270 219 219 59 59 298 298 298 298 298 150 150
0 0 0 0 0 0 0 61 61 351 287 287 317 75 317 248 160 258 258 39 39 79 79 381 105 105 49 350 350 350 154 154 240 240 240 249 281 249 270 219 219 59 206 206 298 298 332 332 150 150
0 0 0 0 266 266 0 0 357 351 351 75 75 75 317 248 160 160 258 258 23 23 23 23 105 105 49 49 199 350 226 226 240 240 281 281 281 196 196 108 108 59 206 206 206 206 332 332 322 322
0 0 0 0 0 266 0 97 357 296 158 158 158 47 47 248 160 160 258 348 348 23 349 349 349 349 199 199 199 295 226 226 104 236 236 189 189 196 196 108 108 342 342 342 206 178 332 332 322 322
0 0 0 285 285 266 0 97 357 296 296 158 158 47 299 299 160 160 250 348 348 265 265 265 265 6 6 295 295 295 128 226 104 236 236 104 189 189 189 189 99 342 342 220 220 178 332 144 322 322
0 238 285 285 285 285 97 97 357 357 296 158 158 47 299 299 192 160 250 250 250 76 120 120 120 120 6 6 295 295 128 128 104 104 104 104 336 336 336 99 99 342 220 220 178 178 178 144 144 268
0 238 238 238 81 285 97 217 217 357 202 202 167 333 333 299 192 283 283 250 250 76 76 76 120 120 365 365 365 128 128 128 241 241 80 80 336 336 195 195 99 394 220 220 384 274 274 400 144 268
0 0 238 81 81 188 188 217 217 357 202 167 167 333 333 192 192 283 283 250 250 180 180 180 397 120 365 58 365 128 128 241 241 80 80 215 215 336 195 195 99 394 394 394 384 274 274 400 144 268
0 0 238 81 81 188 188 217 217 202 202 167 77 77 77 318 192 396 190 190 190 190 180 180 397 120 58 58 365 134 134 134 121 121 121 215 215 336 124 222 222 222 203 384 384 324 274 400 400 268
0 0 0 0 81 207 207 207 207 202 368 368 77 77 77 318 318 396 396 396 301 301 180 397 397 17 140 58 58 64 134 134 134 121 121 124 124 124 124 12 222 222 203 173 173 324 274 0 0 0
151 392 392 392 81 4 69 69 69 368 368 368 77 383 383 383 318 396 396 396 396 301 301 17 17 17 140 140 58 64 36 122 122 380 380 294 294 124 12 12 222 222 203 173 173 324 274 0 0 0
151 392 68 68 213 4 4 4 69 69 181 181 244 244 383 383 383 262 262 276 301 301 21 21 17 17 17 140 66 64 36 122 122 380 380 294 294 247 12 12 251 251 203 7 7 324 0 0 0 0
151 151 68 68 213 208 208 208 208 69 181 181 181 244 244 211 243 262 262 276 276 276 21 21 314 314 17 66 66 64 36 191 191 185 185 247 247 247 163 251 251 0 0 7 7 0 0 0 0 0
337 278 278 68 213 116 116 246 246 246 44 44 44 211 211 211 243 243 233 233 184 184 21 314 314 314 218 66 66 64 36 191 191 306 185 185 131 131 163 279 0 0 0 0 0 0 0 0 0 194
337 278 278 278 213 116 116 246 246 44 44 44 44 323 323 243 243 243 233 233 184 184 21 21 16 314 218 218 218 218 315 315 306 306 185 31 131 163 163 279 48 48 0 0 112 112 112 112 0 194
337 337 278 293 293 293 74 74 164 164 86 44 142 323 261 261 243 243 1 1 1 129 129 123 16 16 16 9 9 218 315 315 306 309 185 31 131 131 279 279 48 48 48 311 311 311 311 204 194 194
0 337 278 352 389 293 293 74 164 164 86 86 142 323 261 261 0 0 1 73 73 129 129 123 123 256 256 256 9 9 198 315 309 309 31 31 155 200 200 200 200 275 275 284 311 141 141 204 204 0
0 0 0 352 389 389 389 74 277 164 86 86 142 323 340 340 0 0 73 73 73 129 129 103 123 256 256 256 198 198 198 174 309 309 182 182 155 155 155 399 200 275 275 284 284 141 141 204 204 0
0 0 297 352 352 389 389 125 277 216 216 216 142 142 340 340 0 0 0 73 73 129 388 103 103 103 103 325 325 174 174 174 162 162 162 182 182 399 399 399 200 45 45 45 284 284 0 0 0 0
0 0 297 297 358 358 85 125 277 277 216 216 142 142 340 225 225 225 0 0 0 129 388 103 60 60 325 325 325 174 174 174 377 0 162 0 0 399 399 399 399 45 45 45 45 45 0 0 0 0
0 0 297 297 358 358 85 125 313 313 313 24 24 24 24 225 87 0 0 0 0 63 388 388 388 60 60 372 372 372 377 377 377 0 0 0 0 0 0 0 114 114 329 341 341 341 0 0 0 0
179 179 297 297 0 0 85 125 165 165 313 313 24 13 13 13 87 0 0 0 0 63 63 63 63 372 372 372 0 0 0 288 288 288 0 0 0 0 0 0 114 114 329 70 70 341 0 0 0 0
179 179 0 0 0 0 85 125 165 165 313 313 24 0 0 13 87 87 0 0 186 186 186 186 0 0 372 0 0 0 0 385 385 288 0 0 0 0 0 0 0 329 329 70 70 341 0 369 0 0
291 291 0 0 0 0 91 91 91 263 263 263 0 0 0 0 18 18 0 0 186 186 186 186 0 0 372 0 0 0 0 385 385 0 0 0 0 0 0 0 0 329 329 260 260 260 0 369 0 0
291 291 291 0 0 0 0 91 91 263 263 263 263 263 0 0 18 18 0 0 0 0 0 0 0 0 0 0 0 0 385 385 0 0 0 0 0 0 0 0 0 329 329 260 369 369 369 369 0 0
