50 400 20
87989 1379
50642 1109
94685 1412
98393 1282
61216 1587
60587 1232
59485 1831
92661 1771
56583 1919
68288 1085
71346 1649
80001 1740
70966 1665
70925 1483
69423 1696
65048 1329
62770 1593
77758 1037
66596 1207
64946 1160
56240 1157
93511 1508
77653 1745
73801 1452
87633 1057
57968 1589
54955 1617
93490 1788
74133 1916
54356 1183
74215 1260
95733 1869
81869 1634
72547 1236
50353 1290
91637 1001
67455 1710
77579 1410
71499 1841
70430 1710
65422 1866
96160 1261
94295 1142
66160 1884
75334 1951
87873 1268
65679 1314
84656 1929
68832 1093
66469 1281
52301 1266
80782 1410
79764 1087
72249 1387
81285 1917
99462 1517
88707 1722
87461 1909
52082 1873
59339 1312
70294 1853
86802 1208
82079 1532
69424 1951
55005 1953
80575 1258
88083 1507
94276 1545
69707 1936
70038 1135
85048 1653
77903 1234
61290 1444
90175 1939
53025 1373
96818 1703
93263 1937
51185 1917
54819 1405
95230 1828
90407 1505
78279 1668
62655 1708
51806 1387
59448 1489
86086 1023
63010 1187
86437 1091
89801 1162
77285 1824
71475 1245
92791 1170
50794 1080
50744 1586
69025 1683
98867 1711
81495 1425
91333 1614
52430 1062
81302 1984
65943 1638
54705 1957
57128 1260
50799 1134
53710 1005
77261 1247
77639 1350
98617 1138
51160 1075
59542 1359
81632 1882
67809 1602
94250 1467
79865 1980
83648 1456
81725 1639
55293 1771
70091 1495
97086 1162
90637 1918
96432 1518
85341 1544
51488 1114
82721 1186
64685 1244
98121 1431
53418 1642
60713 1662
93055 1479
92634 1248
73439 1079
79703 1368
90494 1480
72831 1500
86878 1469
94854 1824
55232 1042
79564 1968
52989 1176
86170 1000
65362 1861
65076 1894
96268 1609
87206 1997
52543 1573
71155 1170
93707 1373
99060 1227
96471 1537
82581 1062
70982 1761
55817 1194
83877 1576
64019 1223
97561 1270
82282 1370
72366 1030
68785 1241
92157 1258
51026 1017
63594 1068
65165 1149
89259 1232
90212 1277
77446 1223
80351 1412
64922 1097
78533 1125
70789 1225
51977 1410
59843 1358
84201 1964
58152 1597
78486 1579
63797 1072
68063 1258
76759 1837
57951 1179
70098 1800
51412 1681
95866 1113
67547 1309
95612 1723
61112 1140
82819 1558
87209 1066
83680 1930
58237 1740
55270 1691
75746 1972
68789 1923
81811 1096
52133 1527
98475 1614
56239 1296
98008 1065
80369 1388
89946 1932
96672 1587
57991 1253
62576 1510
79296 1091
75442 1521
95780 1611
99260 1592
65845 1301
54558 1654
90828 1785
57033 1045
55217 1579
88095 1835
66244 1574
97012 1091
67534 1258
99420 1467
64881 1030
95430 1493
71913 1040
59127 1532
95713 1334
55482 1082
50485 1785
51867 1359
87349 1759
93970 1859
57456 1539
51514 1183
59871 1933
72606 1164
54714 1961
55646 1028
72978 1508
88746 1972
80548 1130
88229 1760
90130 1416
54134 1316
60536 1057
68406 1220
86662 1111
57098 1386
69771 1336
52695 1129
92120 1909
74782 1810
57630 1916
50270 1215
69439 1842
79970 1982
51160 1903
84115 1698
82160 1486
84515 1616
71183 1400
66226 1993
51006 1804
62206 1322
60739 1885
63025 1454
96599 1174
89727 1771
99011 1500
74288 1246
63430 1462
84736 1399
97391 1995
64064 1697
69188 1667
66698 1759
56016 1709
62585 1722
78431 1108
63091 1833
70872 1328
96864 1358
97625 1228
76680 1936
89139 1435
81033 1621
97744 1826
68334 1795
51758 1388
83551 1097
72424 1857
92143 1294
72453 1854
60665 1059
85557 1645
87206 1857
86909 1744
78602 1181
63717 1919
84492 1218
79705 1715
60702 1740
65145 1821
78490 1214
97808 1007
84245 1113
90232 1416
69793 1262
60293 1898
68524 1199
95666 1809
96147 1853
83425 1045
72880 1285
57329 1156
78047 1753
70928 1522
65609 1354
51151 1029
68810 1059
74235 1122
80491 1960
92798 1496
91806 1649
58746 1669
82477 1627
68564 1675
55991 1292
85380 1518
56965 1038
93498 1131
86337 1675
57877 1141
85203 1633
80638 1420
78368 1881
76241 1166
95222 1175
67622 1093
92860 1817
91291 1341
61031 1614
64908 1497
98880 1120
81455 1857
54187 1641
72934 1846
67653 1446
88865 1404
95067 1130
74287 1007
59416 1017
68638 1177
82095 1288
54164 1166
62124 1804
51733 1899
96040 1197
84270 1854
96517 1176
58121 1174
84708 1234
63326 1735
77988 1467
92777 1891
87892 1707
96108 1986
93841 1620
56337 1224
76486 1822
51064 1972
52011 1250
66670 1020
93931 1171
99958 1627
61940 1616
87802 1156
92880 1374
89681 1216
73703 1963
70098 1570
87731 1125
89654 1554
59121 1895
66002 1334
82653 1410
88679 1636
60814 1700
87734 1949
99835 1610
92346 1230
67712 1869
88727 1961
98584 1462
54936 1731
89004 1095
76406 1604
67086 1681
56839 1474
97724 1021
81934 1730
85846 1311
87866 1956
51062 1497
96112 1091
68831 1374
75671 1437
398 398 398 29 395 395 395 291 291 0 0 0 0 0 0 0 0 0 0 0 0 0 0 0 0 0 73 73 73 0 0 10 10 239 239 0 0 0 0 188 188 188 188 188 0 0 0 0 0 0
182 182 398 29 395 395 291 291 291 0 0 0 0 0 0 0 0 0 0 0 0 0 0 0 0 0 345 345 73 73 0 10 10 239 239 0 0 0 0 188 149 0 0 0 0 148 0 0 0 0
182 182 182 29 395 0 0 0 104 0 0 284 284 284 0 0 0 0 0 0 0 0 0 0 261 261 261 345 345 345 0 10 10 130 0 0 0 149 149 149 149 183 183 148 148 148 0 0 232 232
0 0 182 29 395 0 0 0 104 0 0 284 311 311 0 0 0 0 0 0 0 0 0 0 0 0 261 289 345 345 0 130 130 130 0 258 258 149 28 28 183 183 183 148 148 140 140 140 232 232
0 0 0 0 0 0 0 104 104 0 332 311 311 53 397 397 397 0 0 0 22 35 35 0 0 0 175 289 0 0 0 130 130 234 234 258 258 149 149 28 183 228 228 228 148 49 49 140 232 232
0 0 0 0 0 0 104 104 104 0 332 332 311 53 53 53 397 0 0 22 22 35 35 181 175 175 175 289 276 276 276 130 130 234 234 258 258 258 28 28 52 228 228 201 201 49 49 0 0 232
0 0 0 0 0 315 104 259 0 0 332 332 117 117 117 117 397 0 22 22 22 22 181 181 181 175 175 289 276 298 298 192 192 132 132 132 214 244 52 52 52 228 228 201 302 302 49 0 0 0
0 0 0 0 315 315 259 259 0 0 282 282 282 282 282 396 396 0 219 219 335 181 181 11 11 175 78 78 78 298 298 192 192 132 132 214 214 244 244 84 84 84 293 201 302 302 0 0 227 0
0 0 0 0 315 259 259 259 0 0 47 47 282 282 396 396 254 219 219 219 335 335 335 11 11 11 78 78 78 298 197 288 288 288 288 214 324 324 244 84 84 84 293 77 227 227 227 227 227 26
0 0 0 0 315 113 113 113 0 0 47 47 47 20 254 254 254 254 254 254 60 60 92 213 213 213 213 78 197 197 197 288 109 221 221 324 324 244 244 84 84 293 293 77 77 77 350 26 26 26
0 0 0 0 0 113 0 0 0 0 47 47 47 20 20 20 275 275 275 60 60 60 92 92 92 150 150 82 80 80 197 197 109 221 221 324 324 64 381 381 362 362 25 25 146 77 350 350 350 0
0 0 0 61 61 61 208 208 208 0 0 0 306 40 40 57 275 39 39 39 371 371 92 92 150 150 37 82 80 80 197 197 109 99 99 324 324 64 381 400 400 362 25 25 146 146 251 251 0 0
0 0 265 265 265 61 208 208 208 236 306 306 306 40 57 57 275 39 39 39 371 371 92 92 150 150 37 82 82 80 217 217 109 99 99 101 64 64 381 400 400 362 245 245 146 146 251 251 0 0
0 0 0 0 265 61 208 236 236 236 236 202 202 40 57 355 388 39 39 371 371 371 37 37 37 37 37 82 82 217 217 31 31 31 31 101 101 225 225 362 362 362 245 245 146 146 251 0 0 0
0 0 0 0 0 256 256 236 236 70 236 202 202 40 355 355 388 388 388 68 68 68 68 224 224 98 93 93 93 93 93 31 31 31 31 137 101 366 225 225 278 278 278 118 118 118 118 0 0 0
0 0 0 0 0 256 256 256 70 70 70 115 115 115 355 355 388 388 38 38 38 38 224 224 224 98 93 93 93 327 327 110 110 137 137 137 101 366 386 386 386 278 278 118 118 118 118 66 0 0
0 0 0 0 0 256 256 256 70 267 267 267 267 115 334 247 247 388 373 67 38 38 224 224 224 98 98 387 327 327 110 110 342 137 204 137 366 366 366 386 386 278 278 246 242 242 8 66 0 0
0 0 0 325 325 74 74 83 83 129 129 129 129 115 334 247 247 373 373 67 343 343 359 359 359 387 387 387 274 274 274 274 342 342 204 216 216 216 366 386 386 246 246 246 242 242 8 66 0 0
329 329 325 325 325 74 74 83 75 129 229 229 129 334 334 334 247 373 373 67 305 343 359 359 272 272 270 270 274 190 274 274 342 342 204 216 94 94 94 94 119 246 184 184 242 242 8 66 0 0
0 329 329 0 0 0 0 83 75 229 229 390 390 390 390 334 334 334 373 67 305 343 174 174 272 272 270 270 190 190 190 204 204 204 204 216 62 94 94 119 119 119 184 184 184 242 8 66 0 0
0 0 0 0 0 218 218 218 75 75 75 390 390 390 390 292 87 87 373 305 305 174 174 174 43 43 43 328 328 328 190 195 195 195 216 216 62 62 94 94 114 119 184 240 184 184 8 66 346 346
0 0 338 338 0 218 218 218 75 75 75 206 206 143 143 292 87 87 199 297 297 297 174 174 43 357 357 357 357 328 190 195 1 1 1 1 62 62 260 114 114 240 240 240 126 3 3 3 346 346
0 338 338 27 27 27 27 218 41 41 206 206 252 252 143 292 87 87 199 147 147 297 166 166 166 166 166 196 357 301 301 195 195 195 280 280 116 116 260 114 253 253 126 126 126 191 3 3 235 235
198 198 102 102 102 102 27 41 41 377 206 252 252 277 143 292 87 87 199 199 147 147 152 152 196 196 196 196 357 301 301 301 382 195 280 250 116 116 260 260 253 253 163 163 126 191 191 193 235 235
198 198 0 0 393 187 187 187 41 377 377 377 377 277 277 277 277 199 199 121 147 147 152 157 157 157 157 385 385 385 301 301 382 382 280 250 250 250 250 164 164 163 163 176 176 176 191 193 0 0
0 0 0 393 393 393 393 187 41 41 377 377 377 63 63 277 169 169 199 121 121 121 152 54 157 157 157 385 385 385 294 382 382 382 273 273 16 250 164 164 44 44 186 186 176 176 193 193 238 0
0 0 0 0 0 0 0 0 0 0 0 243 243 63 63 63 169 169 199 100 100 54 54 54 54 205 205 205 296 296 294 382 382 273 273 273 16 222 96 96 44 44 186 186 176 176 161 161 238 0
268 268 19 19 317 317 317 317 0 0 316 316 243 243 139 139 139 139 100 100 100 54 348 354 354 354 354 205 296 296 294 294 337 337 337 16 16 222 222 96 96 186 186 72 72 72 161 161 238 238
268 268 19 19 340 340 340 317 0 0 316 316 89 89 15 15 271 100 100 391 391 391 348 348 348 51 354 205 24 24 294 294 337 337 337 16 16 222 222 222 333 333 186 72 72 72 223 171 171 238
0 0 7 19 340 340 394 394 394 0 0 128 89 89 15 271 271 264 264 391 370 370 367 51 51 51 365 365 24 24 135 135 170 170 337 337 16 269 269 269 333 333 9 72 223 223 223 171 347 347
0 0 7 7 340 340 394 394 133 69 69 128 89 89 15 271 271 264 264 266 370 370 367 367 365 365 365 365 177 177 135 135 135 170 326 326 310 310 230 269 333 383 9 9 9 112 358 171 347 347
7 7 7 4 4 4 133 133 133 69 128 128 56 56 12 12 12 12 264 266 266 266 367 367 365 303 303 210 177 177 135 135 135 170 170 326 310 310 230 230 230 383 383 112 112 112 358 171 0 0
0 0 4 4 392 392 392 339 339 69 128 128 178 56 56 279 279 279 167 266 48 266 378 378 378 303 303 210 210 210 210 210 34 159 170 326 88 88 230 230 230 383 383 112 358 358 358 0 0 0
0 0 207 207 207 207 392 339 339 339 128 178 178 369 231 279 279 279 167 307 48 48 168 168 378 179 155 79 79 79 281 281 34 159 159 159 88 88 185 185 230 320 320 320 358 358 358 0 127 127
0 0 136 136 6 207 392 32 323 352 352 178 178 369 231 167 167 167 167 307 134 48 76 168 168 179 155 155 262 79 281 281 34 30 88 88 88 88 185 185 320 320 320 399 399 131 131 131 127 127
0 0 136 136 6 6 32 32 323 352 352 85 369 369 231 231 167 287 287 307 134 134 76 76 76 179 179 155 262 79 0 0 34 30 30 123 123 123 374 374 374 374 124 124 399 399 399 131 127 127
0 0 0 0 172 6 32 32 323 323 85 85 2 2 231 58 58 287 211 307 307 134 134 203 336 336 55 55 262 262 0 0 34 30 123 123 123 123 194 194 194 194 124 124 91 91 91 131 127 127
209 209 312 312 172 172 0 32 85 85 85 85 2 2 231 58 58 287 211 211 211 211 211 203 336 336 55 55 314 314 0 0 30 30 123 255 42 42 194 194 194 375 375 375 91 91 91 91 0 0
209 209 312 312 172 172 0 32 0 356 356 356 356 97 97 97 5 5 5 203 203 203 203 203 153 55 55 55 314 13 0 0 0 295 295 255 42 42 156 156 156 375 375 361 376 376 376 91 0 0
212 212 312 0 0 0 0 0 0 283 283 356 356 97 97 95 5 5 71 71 71 203 153 153 153 108 108 108 314 13 13 13 0 295 295 255 255 90 45 156 156 156 361 361 21 21 376 18 18 18
212 212 226 0 0 0 200 200 0 283 283 220 220 220 220 95 95 95 103 103 71 389 389 153 153 108 379 379 13 13 165 13 0 0 318 318 90 90 45 45 45 158 361 142 142 21 376 215 215 18
226 226 226 0 0 0 200 200 0 299 299 160 50 309 309 309 107 107 103 103 389 389 389 153 153 379 379 138 165 165 165 13 0 0 0 318 90 90 331 360 360 158 86 142 21 21 290 215 215 0
0 0 0 0 0 0 106 106 299 299 160 160 50 50 309 309 107 107 321 321 321 321 389 141 141 141 138 138 165 165 0 0 0 0 318 318 331 331 331 360 360 158 86 142 290 290 290 0 0 0
0 0 0 0 162 162 106 106 106 160 160 233 233 50 309 107 107 107 321 321 321 321 380 141 141 141 138 165 165 0 0 0 344 344 344 331 331 111 173 173 360 158 86 349 349 349 349 0 0 0
0 0 0 0 162 162 351 106 353 353 353 233 233 0 372 372 300 154 154 59 59 59 380 380 141 141 138 237 237 237 237 0 344 344 120 111 111 111 304 173 257 257 86 46 46 368 368 0 0 0
0 0 0 0 0 0 351 341 341 248 353 0 0 0 372 300 300 189 154 154 59 59 59 380 308 138 138 237 237 237 237 0 263 263 120 120 120 304 304 173 257 257 86 46 46 368 368 151 0 0
330 330 330 330 0 180 351 341 341 248 248 0 0 0 372 300 144 189 189 285 285 313 313 308 308 308 363 363 363 17 17 0 263 263 122 122 122 122 304 173 145 145 145 46 81 36 36 151 0 0
0 180 180 180 180 180 351 23 33 248 248 0 0 249 249 249 144 144 189 285 285 313 286 286 308 308 363 384 17 17 17 0 319 319 319 319 125 304 304 173 145 145 145 81 81 36 36 151 0 0
0 0 0 105 105 105 23 23 33 33 0 0 249 249 322 322 144 144 285 285 285 313 286 286 14 14 384 384 0 0 0 0 319 319 125 125 125 364 364 364 241 145 145 81 81 36 36 151 65 65
0 0 0 105 105 105 23 23 23 33 0 0 0 0 0 322 322 322 322 0 0 0 0 0 14 14 384 384 0 0 0 0 319 0 0 0 0 364 364 364 241 241 241 241 241 241 151 151 65 65
