50 400 20
58431 1454
50275 1747
55204 1536
82369 1234
60500 1414
99375 1909
99717 1225
75684 1191
57474 1177
67982 1615
77276 1723
50203 1026
84300 1809
87369 1400
65795 1223
52030 1439
70430 1546
84661 1048
73414 1796
84290 1012
77695 1526
80922 1180
63434 1600
55129 1722
64609 1035
82453 1657
78698 1062
73675 1635
95501 1321
62673 1694
92898 1314
76534 1902
54205 1966
76414 1067
61947 1120
64191 1749
69388 1505
95058 1029
59434 1747
75924 1505
76649 1722
54876 1390
56110 1044
80246 1785
56145 1408
93756 1184
70471 1384
59250 1584
88761 1793
64294 1214
82343 1049
52201 1313
64726 1112
82530 1490
72395 1206
85349 1645
67661 1305
84169 1261
79859 1593
57318 1512
59493 1904
59038 1763
87410 1733
76648 1516
65311 1569
55191 1511
53761 1973
58693 1153
83102 1325
83464 1225
60205 1284
79257 1260
89394 1538
87358 1585
51602 1012
62430 1073
58722 1775
50532 1178
85753 1715
52654 1397
81967 1109
54209 1195
50470 1902
97060 1782
66361 1636
86749 2000
66224 1549
66613 1128
53792 1976
55655 1014
56106 1541
94874 1273
70365 1552
81671 1588
72413 1889
50577 1291
76225 1455
62928 1066
77893 1904
70362 1663
78975 1237
62434 1147
56829 1074
68838 1964
88359 1673
74710 1361
77808 1496
51127 1349
64398 1639
85023 1120
57788 1541
52092 1618
95109 1288
62610 1708
66959 1888
51955 1968
60066 1944
56172 1263
83594 1912
74014 1816
79383 1515
66531 1991
88935 1992
55817 1675
92948 1321
75479 1096
82893 1663
99756 1998
91310 1274
54204 1550
72788 1323
77182 1444
88276 1921
76774 1056
68367 1565
79231 1933
57587 1412
63345 1556
75784 1589
67221 1102
62817 1153
70069 1079
86504 1951
64552 1693
64225 1361
98673 1504
74997 1808
79218 1253
88892 1875
75869 1330
75159 1383
91099 1427
61854 1727
99174 1537
55461 1626
87678 1332
50702 1721
60190 1258
83403 1266
83103 1876
50933 1687
78266 1783
88348 1797
96331 1051
59423 1894
58670 1846
96598 1130
93048 1242
94237 1530
68649 1530
85772 1566
50316 1540
83209 1789
58690 1916
73632 1507
67649 1569
77200 1367
52688 1733
99312 1157
67241 1346
91674 1002
82452 1373
93317 1565
79621 1053
60709 1221
76423 1949
62182 1275
91703 1068
79623 1422
51056 1122
73597 1452
59267 1844
55741 1983
99839 1158
73776 1740
97739 1332
55940 1966
93750 1371
97600 1212
55047 1995
98570 1760
54018 1995
64124 1889
59645 1685
75137 1849
74195 1079
84470 1463
85836 1613
51256 1632
95873 1267
70316 1371
97620 1506
89158 1830
82153 1975
91870 1389
91811 1306
98658 1010
77841 1851
91398 1689
84473 1218
89587 1037
83008 1342
76888 1683
69903 1072
62212 1440
74413 1447
63416 1536
61581 1964
84882 1800
70739 1398
95948 1585
87506 1699
99894 1076
82102 1330
84127 1952
54907 1497
55198 1685
92637 1476
66965 1399
71927 1591
55428 1396
91034 1109
83899 1194
92414 1292
92721 1912
68334 1201
91466 1917
52602 1431
80882 1230
85710 1205
88521 1610
89863 1263
52508 1393
69236 1758
51221 1631
98183 1267
95626 1566
68406 1277
74086 1689
94811 1668
70368 1771
55605 1504
72230 1934
90538 1562
89273 1107
51691 1699
77897 1552
52030 1062
55211 1067
79063 1496
81384 1747
74980 1902
71964 1997
51760 1652
86935 1737
74013 1764
68396 1982
53713 1020
51487 1338
64171 1888
51153 1521
72241 1420
64828 1939
75486 1594
71246 1747
84908 1532
95488 1529
55818 1395
53881 1886
66894 1980
73444 1321
52624 1633
60814 1642
78040 1150
65036 1459
66167 1599
78029 1773
76112 1250
70690 1637
62111 1917
93244 1876
99456 1733
93897 1080
54424 1357
60552 1218
50190 1689
93670 1120
89402 1774
55296 1323
60072 1704
73303 1536
64990 1587
97310 1708
91172 1675
83759 1641
52775 1271
76748 1472
90005 1855
50497 1843
75607 1168
61557 1531
93681 1359
91734 1161
64256 1599
98643 1226
90880 1801
89571 1759
75449 1305
56627 1973
61034 1437
90515 1449
91637 1569
79353 1713
71842 1936
71703 1068
83896 1282
98533 1111
50745 1855
54684 1548
62709 1146
67508 1939
54400 1747
76657 1654
99227 1266
86232 1993
95540 1236
51358 1340
54353 1787
92396 1398
50860 1009
98565 1103
77295 1788
60550 1117
50780 1344
79519 1198
64534 1624
95645 1418
93551 1633
69777 1712
78682 1580
51485 1872
57217 1916
86500 1798
61312 1425
92994 1932
99303 1345
99703 1518
53782 1216
76611 1135
61195 1050
52986 1252
67534 1012
70590 1880
76289 1069
66571 1204
84747 1528
61683 1936
83030 1458
53281 1040
55994 1134
74731 1950
83037 1988
88401 1427
87658 1388
89672 1613
72991 1898
68398 1310
96110 1748
71738 1546
85868 1738
87844 1516
92899 1832
85899 1704
56007 1488
67232 1027
90261 1586
75236 1857
88100 1922
91753 1788
61868 1988
107 0 0 0 0 0 0 0 0 0 0 120 120 0 70 161 161 161 161 0 0 294 294 294 294 0 0 0 0 0 252 252 0 0 0 0 0 0 0 0 0 0 273 273 0 0 122 122 122 122
107 107 0 0 0 0 158 158 158 0 0 120 0 0 70 387 161 161 161 0 0 47 230 149 149 0 0 0 0 0 252 252 0 0 0 0 0 0 0 0 341 0 273 273 0 0 122 122 122 0
0 107 0 0 0 213 213 213 158 0 0 120 0 70 70 387 387 387 161 47 47 47 230 149 0 0 0 379 0 0 252 212 0 0 0 0 0 0 0 0 341 0 273 273 0 0 174 174 303 0
0 217 217 217 217 213 121 213 213 0 120 120 206 206 206 126 126 126 126 129 129 47 230 149 0 0 0 379 0 0 212 212 0 0 0 0 99 99 190 0 341 341 273 273 0 0 0 174 303 0
0 217 281 281 217 217 121 121 121 0 0 0 206 73 73 73 326 326 326 129 129 283 230 149 260 0 0 379 379 379 212 212 270 270 0 0 99 99 190 75 75 341 134 338 174 174 174 174 303 0
0 0 281 281 362 339 339 339 356 0 0 206 206 73 73 73 113 326 326 173 283 283 260 260 260 16 16 16 16 16 63 63 270 0 0 0 190 190 190 75 75 341 134 338 338 303 303 303 303 0
0 0 362 362 362 339 339 339 356 0 167 167 167 45 45 45 113 289 289 173 283 173 173 236 236 84 84 210 16 16 63 63 270 0 0 136 190 190 190 241 278 278 134 338 338 303 93 93 93 93
0 0 0 0 0 0 339 356 356 0 167 167 193 193 193 45 113 289 289 173 173 173 271 236 236 84 84 210 210 55 55 63 0 0 0 136 296 296 241 241 278 278 134 134 338 0 0 0 89 89
0 0 0 0 0 0 349 356 257 257 257 133 193 111 193 45 113 113 113 300 300 300 271 236 236 84 322 322 210 55 55 63 0 36 136 136 296 296 241 148 148 49 49 100 0 0 0 0 89 89
25 0 0 0 0 349 349 356 257 133 133 133 193 111 118 118 118 197 197 300 110 110 271 236 254 254 322 322 210 55 55 63 0 36 36 136 296 188 148 148 148 49 49 100 0 0 0 0 0 0
25 0 0 0 0 349 352 352 166 202 202 202 202 111 111 118 118 118 197 144 110 110 271 26 254 254 322 177 210 210 210 295 295 36 36 36 36 188 188 188 188 188 100 100 0 0 0 0 0 0
25 25 25 0 250 250 352 352 166 166 95 95 50 102 102 66 185 185 197 144 110 110 110 26 26 177 177 177 295 295 295 295 295 178 178 178 178 76 76 76 76 76 100 100 0 0 0 0 0 0
0 0 25 250 250 352 352 352 166 166 95 95 50 102 102 66 185 144 144 144 154 154 237 237 26 201 201 10 10 10 123 8 8 8 178 178 214 214 214 245 245 76 330 100 0 0 0 0 0 223
0 0 0 0 0 0 0 247 9 95 95 50 50 66 66 66 185 144 144 154 154 154 237 237 26 201 201 10 10 180 123 157 157 8 157 157 214 214 214 245 245 76 330 330 330 330 0 0 223 223
0 0 0 0 0 0 0 247 9 9 95 66 66 66 353 301 301 337 337 337 337 269 237 237 237 290 290 180 180 180 123 157 157 157 157 176 176 176 176 176 62 76 330 330 43 330 0 0 39 39
0 0 0 0 0 247 247 247 9 9 95 389 389 389 353 301 301 44 44 44 44 269 269 269 269 290 290 290 240 264 123 186 186 108 108 334 334 176 62 62 62 103 103 234 43 43 0 218 218 39
0 0 323 0 0 346 346 346 9 285 389 389 389 389 353 248 248 44 44 44 44 251 251 240 240 240 240 240 240 264 123 186 186 108 108 108 334 334 200 200 103 103 234 234 43 43 0 0 218 39
323 323 323 346 346 346 346 346 9 285 71 71 79 79 353 248 248 156 156 391 391 251 251 251 163 321 321 264 264 264 155 90 90 108 108 59 200 200 200 226 226 226 234 263 263 263 203 203 218 39
137 137 137 151 151 7 7 235 285 285 71 380 380 79 79 248 248 156 156 391 392 392 163 163 163 321 277 277 277 155 155 90 90 90 90 59 59 242 226 226 130 130 117 117 263 263 203 313 0 39
137 137 151 151 151 7 7 235 235 71 71 380 380 79 79 248 370 156 156 391 392 392 163 163 321 321 304 304 277 155 48 48 48 48 90 59 59 242 242 242 395 130 130 117 263 263 203 313 0 39
0 0 219 151 151 219 233 233 235 67 67 192 192 194 194 248 370 370 370 315 315 392 163 259 321 321 304 304 298 298 48 48 48 208 140 140 97 97 97 97 395 1 130 117 117 24 313 313 0 0
0 0 219 219 219 219 233 233 235 67 67 336 192 194 194 194 194 175 315 315 315 259 259 259 259 259 304 304 298 298 298 208 208 208 140 140 97 97 97 395 395 1 1 1 117 24 24 313 0 0
191 191 308 219 305 305 195 195 34 34 34 336 192 361 361 194 194 175 384 315 253 253 42 42 259 354 319 319 274 274 400 400 208 329 329 329 115 30 97 395 227 258 258 96 96 24 24 0 0 0
191 308 308 305 305 195 195 195 34 0 336 336 361 361 302 302 175 175 384 253 253 358 42 42 42 354 319 319 274 274 400 400 208 329 329 329 115 30 227 227 227 227 258 258 96 24 24 0 0 0
191 308 308 308 0 0 0 0 0 0 152 152 302 302 302 175 175 255 384 384 358 358 187 187 354 354 319 319 141 141 400 400 400 400 329 329 115 30 30 227 54 54 2 2 96 0 24 0 0 0
191 308 376 376 0 29 29 29 152 152 152 152 145 145 145 255 255 255 104 358 358 187 187 354 354 354 284 141 141 141 141 181 181 138 15 15 115 365 365 54 54 54 2 2 243 0 0 0 262 262
0 0 376 0 0 0 375 29 29 152 106 106 145 145 145 255 255 320 104 104 224 314 314 332 332 284 284 284 238 116 181 181 181 138 138 15 60 365 365 54 311 54 65 243 243 0 0 35 35 262
0 0 376 0 0 0 375 375 198 106 106 287 287 287 145 255 255 320 104 104 224 314 314 332 332 284 222 222 238 116 181 170 170 216 138 15 60 381 381 381 311 311 65 243 243 0 0 35 35 262
0 376 376 0 0 343 343 375 198 198 198 265 265 287 87 87 87 320 320 224 224 14 14 14 14 222 222 238 238 116 116 325 170 216 216 216 60 381 372 381 311 65 65 243 243 0 143 262 262 262
0 0 0 0 0 343 343 91 91 22 22 265 265 394 87 268 268 239 239 33 33 169 169 14 14 222 222 222 325 325 325 325 170 216 216 216 60 351 372 311 311 256 256 139 139 143 143 143 143 19
0 0 0 0 286 286 91 91 360 22 22 398 398 394 268 268 239 239 239 33 33 169 169 162 162 162 162 119 119 328 328 328 244 244 244 351 351 351 372 131 131 256 256 139 139 146 146 146 143 19
0 0 159 0 286 385 385 360 360 22 22 398 398 394 32 32 239 41 41 382 196 390 169 11 11 11 11 119 119 119 328 328 17 17 244 372 372 372 372 131 131 256 256 347 347 125 146 146 19 19
0 0 159 159 286 385 385 360 52 52 160 160 160 394 32 32 239 58 41 382 196 390 390 86 11 11 11 119 119 119 51 51 17 17 168 306 306 164 164 164 164 164 347 347 125 125 275 275 348 348
0 0 0 159 286 327 327 327 52 52 357 160 160 394 57 396 396 58 41 382 196 196 390 86 86 86 86 246 246 246 51 51 51 17 168 306 306 153 153 220 220 331 347 347 125 275 275 20 20 348
0 0 0 0 286 327 386 386 386 357 357 272 272 394 57 396 396 58 58 382 12 12 40 86 37 37 37 246 246 316 374 374 397 397 168 69 69 153 153 220 220 331 340 340 215 215 215 20 20 348
0 0 199 199 279 279 280 280 386 386 357 272 272 81 57 57 57 58 58 249 12 12 40 40 377 363 37 246 246 316 374 374 397 397 168 69 69 153 220 220 220 331 340 340 215 215 215 124 124 124
0 199 199 199 279 279 280 72 72 386 357 357 333 81 81 373 373 335 335 249 249 249 345 40 377 363 363 363 363 316 112 112 112 112 168 168 69 309 220 368 331 331 64 215 215 366 366 124 124 124
0 199 199 312 312 312 280 72 72 72 68 68 333 333 81 333 373 335 399 288 288 288 345 377 377 377 377 377 316 316 112 112 112 168 168 69 69 309 309 368 331 331 64 64 64 366 366 0 0 0
0 0 165 165 5 312 312 72 72 72 68 4 4 333 333 333 373 335 399 288 288 288 345 297 297 297 292 292 292 132 132 172 172 172 109 109 109 109 309 368 209 209 64 64 64 0 0 0 0 0
0 0 0 165 5 5 5 182 182 182 68 105 4 4 4 4 98 399 399 288 299 299 345 297 297 297 292 292 292 292 132 172 172 27 109 109 109 109 309 368 209 209 207 207 80 350 0 0 221 221
0 0 0 165 94 94 94 94 205 182 68 105 105 105 28 28 98 98 98 98 299 299 345 345 78 369 369 369 369 232 132 172 388 27 228 228 228 228 0 0 209 209 207 207 80 350 350 221 221 221
383 383 61 61 344 344 344 94 205 205 68 28 28 28 28 28 28 307 307 307 307 307 345 183 78 276 282 282 369 232 85 85 388 27 27 228 355 355 0 0 209 207 207 82 80 80 350 21 21 21
383 383 61 61 344 56 56 267 267 205 68 189 189 378 378 378 378 307 225 225 83 83 183 183 78 276 282 282 359 232 232 85 388 0 0 0 355 0 0 0 0 207 207 82 13 13 13 21 21 21
0 383 383 393 393 56 267 267 364 205 211 189 189 38 135 135 135 135 225 225 83 291 183 78 78 276 261 261 359 359 3 85 388 150 0 0 355 0 0 0 0 293 82 82 13 13 46 128 128 21
0 393 393 393 393 56 267 267 364 211 211 211 38 38 38 229 135 229 318 318 83 291 101 101 101 276 261 261 359 359 3 150 150 150 0 0 355 0 0 0 0 293 231 231 231 231 46 128 128 0
0 0 0 0 0 342 74 74 364 211 211 211 38 38 38 229 229 229 317 318 318 291 101 77 77 77 184 184 184 184 3 3 266 0 0 0 6 0 0 0 293 293 231 231 231 231 46 0 0 0
0 0 0 0 0 342 74 74 364 364 204 204 310 310 142 142 142 142 317 317 317 291 324 324 77 77 184 184 184 371 371 0 266 266 0 6 6 0 0 0 293 0 114 114 53 46 46 0 0 0
0 0 0 0 342 342 0 0 367 364 204 204 310 310 142 142 142 171 171 171 179 291 324 324 147 77 92 92 92 371 371 0 0 266 0 6 0 0 0 0 293 0 114 114 53 46 46 0 0 0
0 0 0 0 0 0 0 0 367 367 367 0 310 310 88 88 171 171 18 179 179 324 324 324 147 147 147 92 92 23 23 0 0 0 0 127 0 0 0 31 31 0 0 53 53 53 53 53 0 0
0 0 0 0 0 0 0 0 367 367 367 0 0 0 88 88 18 18 18 179 179 179 179 0 0 0 0 92 92 23 23 0 0 0 0 127 127 127 0 31 31 0 0 0 0 0 0 53 0 0
