50 400 20
81158 1456
98608 1422
82436 1713
73915 1813
60607 1127
87358 1804
82085 1783
72154 1238
59831 1297
71675 1682
90423 1331
94609 1475
76754 1455
59760 1740
90798 1431
97096 1481
95910 1426
89153 1695
55818 1118
75138 1124
82441 1737
81964 1460
68941 1778
77249 1504
87840 1634
78935 1780
69813 1972
66754 1264
53705 1896
65349 1014
74933 1581
84552 1834
79099 1544
64545 1538
87448 1243
91533 1586
66546 1569
63806 1429
51840 1570
97369 1737
51940 1595
76598 1037
80744 1187
73472 1627
85423 1442
77651 1705
81891 1944
56445 1172
71443 1288
96358 1692
71488 1356
72251 1428
98012 1925
50869 1522
98423 1763
87117 1264
65807 1069
59010 1323
75297 1634
77624 1550
54430 1770
68983 1971
62882 1367
92490 1001
53998 1624
75152 1132
89417 1596
89777 1649
76406 1587
95185 1964
51635 1678
55450 1378
65253 1278
68010 1181
66510 1912
87836 1666
51848 1675
68764 1555
80743 1299
83621 1742
72770 1892
74266 1260
61761 1090
83309 1128
72700 1804
67773 1500
93303 1379
78324 1568
77094 1812
65331 1911
66718 1722
93086 1973
70733 1132
52968 1630
56677 1782
99959 1085
59967 1348
51314 1302
60104 1555
64113 1132
70907 1153
71840 1412
59409 1661
53189 1185
75908 1460
96053 1699
81679 1993
53310 1552
58556 1123
83806 1520
51714 1935
81523 1774
82325 1590
88128 1703
58615 1258
56584 1221
81453 1365
90129 1799
68870 1700
52223 1719
77495 1875
51934 1936
70578 1342
67531 1595
71811 1706
88993 1926
64644 1747
65374 1196
85989 1485
68360 1591
59837 1288
67082 1465
71306 1676
95133 1540
97080 1046
82923 1052
61887 1574
81153 1944
59567 1107
89936 1640
83219 1536
82537 1263
95361 1862
53703 1374
97104 1416
89742 1972
84354 1781
59208 1180
99616 1324
96174 1589
51007 1857
81956 1436
91332 1241
79197 1935
70341 1984
99691 1290
53560 1080
62695 1904
95093 1922
91147 1155
53370 1234
92976 1618
67302 1973
97918 1532
78376 1161
52702 1866
94491 1003
84041 1894
52245 1305
68870 1987
67769 1971
50175 1493
74860 1746
92807 1625
53813 1013
59272 1593
55671 1669
95586 1085
87615 1008
72035 1642
92250 1148
94202 1711
52021 1279
59620 1403
93701 1054
69615 1947
56365 1606
67851 1257
94522 1959
83183 1012
88137 1649
54560 1492
80601 1645
70585 1010
89754 1685
78206 1031
69707 1079
57868 1601
50804 1295
82127 1104
56059 1827
88950 1724
71826 1814
91453 1521
78810 1276
54702 1376
97637 1717
63389 1214
95819 1040
72416 1715
72153 1168
87662 1611
61357 1979
62328 1596
82374 1246
91801 1046
71926 1152
90873 1942
51022 1098
78628 1553
68948 1703
81333 1610
56416 1895
50794 1910
53600 1704
62444 1864
62780 1187
68714 1608
95345 1836
67835 1709
74964 1478
76050 1870
50008 1755
57489 1222
52188 1640
61753 1781
63510 1226
67685 1224
57003 1393
63556 1832
88189 1036
85232 1754
73353 1029
97371 1758
88289 1390
87712 1296
95420 1371
61887 1833
64764 1846
86286 1974
59736 1938
65621 1559
70257 1933
51619 1670
86679 1286
62853 1054
54623 1229
92213 1874
61725 1157
62470 1491
52549 1741
98632 1792
78078 1685
69397 1642
87571 1510
77880 1688
93138 1846
71079 1462
69490 1972
70373 1369
88422 1857
91874 1525
89170 1640
93184 1570
72173 1176
87582 1182
76235 1298
97592 1525
68442 1021
79175 1494
79460 1561
69097 1709
75531 1146
59697 1290
56555 1074
84314 1437
70175 1298
74380 1722
55996 1656
85765 1467
54104 1434
87920 1262
63209 1759
84657 1573
53801 1317
92156 1969
73659 1403
72428 1404
94819 1526
85426 1313
94134 1780
76219 1364
97108 1502
79664 1882
56939 1078
73808 1116
52637 1810
97644 1200
81285 1244
83816 1278
66955 1290
81908 1853
86640 1793
54395 1094
83049 1578
52991 1673
73951 1591
96487 1430
92114 1922
53337 1269
86592 1085
96380 1473
55796 1415
52602 1831
60497 1022
65692 1287
75195 1187
85839 1257
83375 1017
84999 1242
62598 1069
79502 1812
92227 1953
89398 1475
56739 1939
56250 1042
70418 1558
64796 1121
96513 1227
85329 1784
67323 1320
54271 1892
65228 1599
61451 1268
90777 1053
85355 1037
58716 1759
86954 1170
89437 1447
55370 1764
97648 1359
96204 1300
91037 1917
78888 1867
61629 1842
96329 1358
77509 1738
77736 1639
89267 1717
56843 1687
97153 1794
82316 1747
83612 1285
88701 1888
86712 1807
55931 1550
83633 1022
70907 1523
63526 1987
83803 1552
66808 1615
79897 1145
56094 1021
91421 1139
54946 1542
52325 1587
68725 1954
80255 1567
80847 1045
63263 1823
86303 1898
82517 1882
82068 1839
81695 1944
73226 1289
97091 1692
93166 1850
77104 1129
53185 1852
63365 1123
68803 1574
83605 1498
63400 1191
60440 1857
82691 1412
59290 1742
53479 1312
86518 1310
69940 1776
58697 1253
217 217 217 217 159 159 170 0 0 42 42 90 90 0 0 0 0 0 0 105 105 0 0 0 0 0 0 0 0 0 0 45 45 338 0 0 0 0 0 19 19 19 0 0 0 0 0 146 146 146
0 0 0 0 159 159 170 0 0 42 42 90 90 0 0 0 0 319 319 105 105 390 390 0 0 0 0 0 0 0 45 45 338 338 0 0 386 91 0 19 0 0 0 0 0 0 339 146 0 0
0 111 111 111 111 170 170 0 90 90 90 90 0 0 0 230 0 319 319 390 390 390 385 385 385 0 0 0 0 0 0 0 0 338 338 386 386 91 91 91 0 0 0 0 79 79 339 146 146 0
361 361 361 128 48 48 355 355 394 394 242 242 0 0 230 230 0 0 0 0 238 238 385 0 0 0 0 0 249 249 0 0 0 0 338 386 197 91 91 80 80 0 0 79 79 79 339 339 0 0
361 312 312 128 48 48 48 355 355 394 242 242 0 0 230 0 0 0 0 0 238 238 238 0 0 0 0 0 249 249 0 0 0 0 347 197 197 91 91 80 80 0 0 0 0 79 223 223 0 0
361 312 312 128 128 164 164 164 164 394 394 394 389 389 389 389 59 59 59 59 238 238 238 0 0 0 0 0 263 0 0 0 363 0 347 197 197 0 0 0 0 0 148 0 0 79 223 223 0 0
212 212 128 128 164 164 164 164 321 321 321 394 178 178 178 239 239 239 239 239 239 6 6 6 6 0 0 0 263 263 0 0 363 363 347 347 197 0 0 0 148 148 148 148 0 0 223 223 223 70
212 212 128 127 127 127 321 321 321 321 321 341 178 245 294 294 294 349 349 287 287 6 6 6 6 0 3 3 263 263 0 0 0 363 147 147 0 0 0 0 148 148 258 258 55 55 232 232 232 70
212 268 268 127 127 52 52 177 177 262 341 341 178 245 245 245 294 349 349 287 287 369 369 369 0 0 3 3 85 85 0 0 0 147 147 129 0 0 0 0 0 0 288 258 258 55 232 232 70 70
0 268 268 9 340 52 52 177 177 262 341 178 178 182 182 182 182 349 349 287 369 369 369 369 0 0 0 3 354 85 61 61 61 344 344 129 322 161 189 189 288 288 288 288 55 55 55 55 0 0
0 9 9 9 340 236 236 236 166 262 262 10 10 233 233 182 183 349 86 86 5 5 369 5 0 0 0 0 354 85 354 61 61 344 344 129 322 161 189 189 132 288 89 89 229 229 229 0 0 0
0 9 34 340 340 236 236 166 166 166 166 10 10 233 233 183 183 183 86 86 356 5 5 5 0 0 0 0 354 354 354 364 364 344 344 129 322 161 28 28 132 132 89 89 89 330 229 229 53 53
0 0 34 235 195 75 87 87 87 87 87 160 160 160 94 183 183 183 114 49 356 356 5 0 0 0 107 107 107 107 364 364 196 196 295 295 322 161 28 28 132 132 391 89 89 330 188 188 53 53
0 0 34 235 195 75 316 316 65 65 87 160 94 94 94 362 362 114 114 49 356 356 333 373 373 36 36 36 36 154 154 196 196 196 295 295 295 161 314 314 314 391 391 47 47 330 188 188 115 115
0 0 34 235 195 75 43 316 65 65 274 274 279 94 94 362 114 114 114 49 356 133 333 373 373 373 373 36 291 154 179 179 179 29 29 29 161 161 314 314 314 391 47 47 387 330 0 0 115 115
0 0 235 235 195 75 43 316 303 303 274 274 279 375 375 362 362 169 114 49 356 133 333 71 71 44 44 44 291 154 179 179 156 29 29 38 38 314 314 18 187 187 187 387 387 330 0 0 0 0
0 117 248 248 248 75 43 303 303 303 184 279 279 375 375 169 169 169 297 297 133 133 333 71 162 44 291 291 291 221 76 76 156 156 156 38 38 359 18 18 187 387 387 387 330 330 203 0 0 0
117 117 117 117 248 248 43 328 328 303 184 252 252 252 169 169 104 104 297 297 99 99 343 71 162 162 162 209 221 221 76 76 270 270 270 359 359 359 18 18 255 32 301 301 301 301 203 0 102 102
117 21 117 117 248 248 43 328 328 231 184 252 252 97 97 104 104 104 297 259 99 99 343 343 343 186 186 209 221 289 76 76 270 270 270 270 218 218 218 18 255 32 32 32 203 203 203 336 102 102
21 21 40 25 25 25 25 108 108 231 184 252 252 97 97 97 104 104 136 259 259 259 343 343 343 186 186 209 209 289 76 358 358 358 8 8 8 8 218 255 255 284 284 32 32 32 32 336 336 102
21 21 40 25 25 25 25 108 108 231 184 184 200 200 200 140 136 136 136 370 370 370 370 283 283 186 186 293 289 289 124 358 358 358 281 8 228 228 228 191 191 284 23 23 23 23 336 336 336 102
325 325 40 0 0 0 334 231 231 231 329 56 200 200 13 140 68 68 136 134 134 134 134 134 283 186 172 293 293 124 124 358 358 281 281 228 228 228 228 191 191 284 307 360 360 336 336 0 0 0
0 325 40 40 0 0 334 126 126 329 329 56 13 13 13 140 140 68 68 68 215 215 215 215 283 172 172 293 293 124 206 206 206 281 175 84 84 84 84 191 284 284 307 307 360 185 185 0 0 0
0 0 0 0 0 0 334 126 126 329 56 56 13 13 13 13 140 199 199 68 215 215 237 215 180 172 251 251 193 46 54 54 206 175 175 84 24 191 191 191 371 371 307 307 360 360 185 153 0 0
0 0 0 0 17 17 334 396 0 0 56 56 56 306 306 306 309 309 199 199 141 141 237 215 180 180 251 251 193 46 54 54 206 175 173 173 24 31 31 31 31 371 307 307 307 153 185 153 66 66
0 0 0 0 17 396 396 396 0 0 397 397 306 306 64 64 64 309 243 243 141 141 237 180 180 180 180 350 193 46 46 277 224 175 173 173 24 24 24 73 73 371 371 371 371 153 153 153 66 66
0 0 0 0 17 17 0 0 0 202 260 397 300 304 304 304 64 309 243 37 37 103 237 237 247 350 350 350 193 345 46 277 224 175 173 173 173 173 24 73 73 96 96 348 348 348 153 0 66 66
0 0 0 0 0 0 0 0 202 202 260 397 300 300 300 304 388 82 243 37 37 103 298 280 247 350 350 345 345 345 277 277 224 224 78 78 26 26 63 63 63 63 96 96 348 348 0 0 0 0
0 100 100 0 0 0 202 202 202 260 260 260 323 323 388 388 388 82 366 366 103 103 298 280 247 247 398 398 95 95 383 383 224 224 78 78 26 26 26 63 276 276 96 96 96 348 0 0 0 0
0 100 100 226 226 226 202 176 176 176 381 323 323 335 335 335 82 82 366 366 366 298 298 280 247 247 398 398 95 95 383 383 383 224 78 78 26 26 26 310 276 276 96 285 285 92 92 92 57 57
222 100 100 100 226 226 122 176 98 176 381 381 381 335 335 82 82 155 155 155 269 269 280 280 247 244 244 244 22 95 149 292 292 224 78 181 50 50 310 310 310 310 310 285 285 92 92 92 57 57
222 0 0 39 39 122 122 176 98 275 275 378 381 381 60 60 120 120 120 155 269 269 280 280 247 244 399 244 22 95 149 149 292 205 181 181 181 50 30 357 357 208 208 165 165 92 299 299 0 0
222 222 0 39 39 122 122 311 98 98 275 378 378 211 211 60 120 227 227 155 155 384 384 384 399 399 399 106 22 149 149 149 292 205 181 123 123 50 30 357 174 208 208 165 165 201 299 299 0 0
0 0 0 311 311 311 311 311 234 275 275 275 378 211 211 60 227 227 227 194 194 35 35 384 399 399 399 106 22 250 250 167 167 205 205 123 123 241 30 357 174 174 174 174 174 201 299 299 299 0
0 0 0 311 207 207 311 234 234 234 116 275 138 211 211 400 400 74 74 194 35 35 12 12 12 12 106 106 106 250 250 167 167 265 265 123 123 241 30 352 377 377 131 131 201 201 0 0 0 0
0 0 130 130 207 207 207 234 234 116 116 116 138 214 400 400 400 74 74 194 266 266 264 264 12 12 83 83 250 250 379 163 167 265 265 123 123 241 241 352 377 377 131 131 88 395 395 0 0 0
0 33 33 130 130 2 2 27 27 116 116 138 138 214 400 400 326 318 318 318 266 266 264 264 12 12 83 83 368 368 379 163 163 163 135 143 143 367 367 352 352 150 150 88 88 395 395 0 0 0
0 33 33 152 152 2 2 27 27 144 144 214 214 214 139 137 326 326 318 318 266 264 264 264 264 51 51 368 368 225 379 163 163 163 135 143 143 367 367 374 374 150 88 88 88 88 0 0 0 0
0 33 33 152 152 2 144 144 144 144 332 332 214 214 139 137 58 326 326 318 266 365 365 365 365 51 51 225 225 225 379 379 315 315 135 324 324 257 257 374 374 150 150 346 346 0 0 0 0 0
0 0 33 69 69 69 144 144 290 157 332 332 139 139 139 137 58 58 353 318 317 365 365 365 313 204 51 225 225 225 225 379 315 315 135 324 324 257 257 374 374 327 273 273 346 278 0 0 0 0
0 0 0 296 296 69 296 290 290 157 332 332 15 15 15 137 137 58 353 317 317 317 317 365 313 204 204 204 7 7 168 168 315 315 135 135 77 257 257 257 327 327 273 346 346 278 278 278 0 0
0 0 0 0 296 296 296 290 380 157 332 332 15 1 267 267 267 267 353 353 256 317 256 256 313 313 253 253 7 7 168 168 168 168 246 246 77 77 77 257 327 240 273 273 273 110 110 110 0 0
0 0 0 0 119 296 72 72 380 157 392 392 15 1 331 331 331 267 62 62 256 256 256 41 41 313 253 253 7 7 261 261 261 302 246 246 77 77 77 77 16 240 240 273 273 110 110 0 0 0
0 0 0 0 119 93 72 72 380 380 392 392 15 1 1 331 331 121 121 62 256 11 11 41 41 272 151 151 7 7 261 337 302 302 351 351 351 351 372 16 16 16 240 81 0 118 118 0 0 0
0 119 119 119 119 93 93 93 380 380 14 14 15 1 331 331 121 121 121 62 62 11 11 272 272 272 151 151 216 216 216 337 302 320 320 142 351 372 372 16 16 125 125 81 0 118 118 308 0 0
0 119 198 219 219 93 93 93 0 0 14 14 20 20 20 286 286 121 121 62 62 0 0 0 382 113 113 113 113 113 216 337 337 320 320 142 142 372 372 372 125 125 81 81 0 118 118 308 0 0
0 119 198 198 219 219 0 0 0 0 190 14 20 282 20 286 286 121 220 62 220 0 0 0 382 382 113 192 4 4 337 337 337 337 101 101 142 376 376 376 376 158 158 0 0 0 118 308 308 0
0 213 213 198 0 0 0 0 0 0 190 190 282 282 282 282 0 0 220 220 220 0 342 342 382 382 192 192 4 271 271 271 112 112 101 101 101 210 210 0 0 0 158 67 0 0 305 305 305 305
0 145 213 213 213 109 109 109 109 0 0 190 282 282 282 0 0 0 0 0 220 0 342 342 393 393 192 393 4 0 0 271 112 0 101 101 101 210 210 0 0 0 158 67 0 0 254 254 254 305
0 145 145 145 213 109 171 171 171 171 0 0 0 0 0 0 0 0 0 0 0 0 342 342 393 393 393 393 4 0 0 112 112 0 0 0 210 210 210 0 0 0 158 67 67 0 254 254 254 254
