50 400 20
54011 1038
54589 1627
94858 1655
86613 1349
79321 1251
69744 1862
88499 1012
57682 1303
81581 1984
99177 1901
97674 1731
99209 1344
72890 1963
61237 1422
96213 1456
76564 1868
94413 1175
96163 1473
65302 1383
94594 1441
67488 1144
84672 1770
57662 1098
50953 1032
58108 1056
74216 1790
71760 1432
92917 1213
60705 1348
72070 1613
58874 1679
72920 1956
60279 1678
85657 1110
73086 1578
62765 1366
92357 1378
78267 1580
94106 1999
82756 1894
75312 1933
52901 1642
93226 1826
80778 1795
65633 1957
55611 1032
63190 1380
63163 1064
74072 1172
69001 1786
91541 1303
92998 1186
59585 1979
73667 1312
86968 1808
74860 1127
97891 1928
73379 1961
94196 1965
93685 1484
95187 1630
65587 1245
74348 1288
57793 1820
58132 1878
97142 1370
50940 1903
89229 1393
63850 1712
86888 1646
71188 1903
97004 1123
78182 1985
89443 1390
95914 1775
70322 1248
89033 1369
89023 1806
85933 1912
70684 1494
82176 1470
79706 1114
90162 1055
76500 1602
93349 1989
97932 1225
66097 1085
77243 1956
50987 1677
84309 1309
52522 1216
92592 1202
60732 1003
94941 1941
62751 1895
99047 1285
67258 1479
57321 1134
56948 1349
77023 1656
67213 1268
54653 1710
69374 1605
57640 1436
77362 1440
67214 1672
70832 1135
80230 1404
62957 1052
55901 1275
98931 1498
80900 1763
95195 1922
93315 1453
70914 1504
92783 1455
70247 1498
97819 1205
83348 1296
77479 1222
99908 1031
77719 1263
78301 1702
85762 1276
69681 1311
66683 1792
52459 1649
92617 1759
87681 1520
84925 1962
76582 1799
71112 1288
72647 1680
80837 1624
69455 1668
65024 1089
71684 1552
72009 1881
84743 1512
68258 1832
98528 1872
64832 1698
96058 1479
73785 1651
86838 1431
93573 2000
51130 1397
72744 1703
88363 1413
70287 1294
98947 1558
99779 1300
87878 1315
50509 1817
87318 1328
97697 1420
92485 1283
74565 1660
64202 1087
78856 1138
88682 1065
87996 1700
63122 1845
84058 1014
70020 1715
71673 1280
73048 1627
63252 1448
70255 1812
55657 1606
64828 1050
94250 1965
66524 1401
57357 1584
76479 1604
67966 1915
77191 1103
97583 1697
66826 1849
85668 1570
68698 1129
65438 1965
95543 1283
84422 1973
62615 1927
71210 1150
96858 1426
66999 1052
89362 1677
85803 1058
83307 1738
85578 1756
69548 1941
56812 1611
56080 1425
69007 1217
68922 1441
50762 1812
55687 1801
58447 1433
95024 1629
53290 1196
51953 1992
90866 1440
62332 1185
67753 1237
92858 1214
93871 1922
58127 1791
73207 1547
91554 1847
58461 1833
53469 1398
90920 1313
90955 1900
95533 1632
57676 1119
74868 1684
64803 1019
56440 1466
68127 1567
64074 1401
70129 1942
72451 1988
78024 1924
76093 1363
99524 1362
83987 1873
89404 1795
54387 1859
84772 1061
83552 1557
65994 1346
73348 1587
90814 1139
87337 1664
94614 1672
88405 1996
79671 1452
77276 1216
61008 1345
94159 1593
87338 1339
86115 1001
80303 1564
76219 1023
82757 1021
68042 1265
61227 1198
71301 1885
55085 1410
83990 1255
87338 1393
64981 1454
55303 1542
82307 1750
93738 1634
97290 1530
93524 1569
66500 1287
62570 1842
93040 1148
97029 1668
80596 1104
86201 1537
55750 1171
87956 1781
88494 1756
96227 1577
60761 1884
60689 1634
77039 1769
71362 1144
55764 1271
77401 1414
97997 1219
60307 1047
87489 1737
56051 1543
63326 1743
68540 1900
61101 1465
89796 1471
71999 1123
83547 1584
52987 1741
71026 1796
74954 1272
79396 1136
93615 1622
67480 1439
92684 1653
84056 1341
64528 1322
94624 1612
82080 1840
73252 1250
63000 1124
71596 1445
70601 1090
63584 1002
97335 1883
54276 1661
83729 1865
82305 1840
72880 1766
71601 1747
66719 1495
73602 1246
72598 1778
77051 1037
84180 1110
59601 1908
59933 1367
87119 1498
54396 1833
97263 1262
77896 1416
66160 1448
99759 1481
95874 1204
95152 1098
59470 1500
85059 1231
83815 1167
86105 1538
91476 2000
55572 1284
96523 1519
60805 1331
84249 1141
99394 1692
57899 1236
58101 1955
76451 1690
97962 1471
78940 1209
80741 1296
97751 1657
64034 1824
95768 1512
58297 1222
58517 1805
93121 1282
75049 1916
70612 1912
93698 1914
64161 1135
59852 1971
65760 1395
73370 1477
69793 1643
58521 1423
53940 1801
79137 1027
98111 1562
51798 1650
91847 1848
90276 1350
55672 1903
70176 1509
71166 1006
81874 1236
94220 1176
87441 1129
67668 1201
87991 1790
59807 1099
84535 1679
70951 1074
75039 1147
99511 1937
70939 1362
97023 1112
76619 1398
61717 1841
91318 1952
86599 1736
77636 1087
76193 1116
91015 1109
75220 1175
52880 1630
58667 1269
64124 1482
83049 1777
87530 1637
85959 2000
85178 1965
87312 1241
63471 1905
61480 1082
66715 1399
70557 1701
62519 1272
82658 1475
61873 1673
82583 1554
52522 1660
99184 1380
0 125 125 242 0 0 0 0 0 0 0 0 0 0 93 0 0 144 0 0 0 0 0 0 0 349 349 396 396 396 109 109 132 132 132 132 0 0 0 0 0 0 0 0 137 137 137 23 23 23
0 125 125 242 242 242 242 242 242 0 0 0 120 120 93 0 0 144 0 0 0 0 0 0 0 349 349 396 208 150 150 109 27 27 132 132 0 226 226 58 58 0 0 0 137 137 137 0 23 23
0 125 125 125 290 290 274 274 242 0 0 0 120 93 93 144 144 144 144 0 0 0 0 0 0 0 208 208 208 150 150 109 27 27 297 297 226 226 58 58 58 0 0 0 0 137 137 0 0 23
0 325 325 290 290 5 274 274 274 274 0 0 120 286 286 286 390 390 324 0 179 179 0 0 0 0 25 25 25 91 91 101 101 101 101 297 297 297 277 277 277 277 277 263 263 263 41 41 0 0
0 325 325 290 290 5 326 326 274 274 0 0 0 286 286 390 390 324 324 0 179 0 0 338 25 25 25 192 192 91 91 101 379 379 379 297 240 297 297 42 277 277 277 263 263 263 41 41 0 0
0 0 382 382 5 5 326 326 366 366 366 372 372 372 288 288 288 324 324 0 179 179 338 338 338 139 139 139 192 343 343 113 379 275 275 275 240 42 42 42 30 30 30 263 12 12 397 41 245 245
0 0 382 382 339 339 339 326 62 62 366 366 372 372 288 278 278 0 0 0 311 311 338 338 338 139 139 139 192 343 343 113 113 113 275 240 240 42 22 22 30 30 30 30 12 12 397 245 245 386
0 0 3 296 339 339 339 62 62 62 395 366 372 75 74 74 278 278 0 0 311 311 346 346 177 177 177 139 344 236 102 102 102 113 275 275 235 122 122 22 22 328 328 328 264 264 397 397 386 386
0 0 3 296 296 296 355 355 395 395 395 199 372 75 74 74 89 89 89 0 0 246 346 189 189 189 177 344 344 236 236 102 102 102 102 115 235 122 122 334 334 328 328 328 264 264 0 0 386 51
0 0 3 3 3 355 355 187 180 180 180 199 199 75 306 74 74 74 89 31 31 246 346 189 189 189 189 344 72 72 236 223 223 223 223 115 235 80 80 334 334 0 0 0 264 264 0 0 51 51
0 294 3 3 3 294 310 187 180 212 212 199 199 75 306 306 306 89 89 31 31 246 246 246 158 14 14 14 72 72 236 223 223 223 115 115 235 80 80 334 334 334 334 0 264 264 0 0 51 0
0 294 294 294 294 294 310 187 180 212 332 332 332 205 205 205 348 90 90 31 31 48 48 48 158 14 14 14 236 236 236 142 142 115 115 361 361 80 0 0 0 0 0 0 0 0 0 0 0 0
151 151 381 381 310 310 310 187 180 212 332 267 267 267 267 205 348 348 90 90 375 191 48 48 158 43 43 17 17 254 254 254 142 142 361 361 80 80 363 363 207 207 207 0 0 0 0 0 0 193
151 151 381 381 310 310 117 77 77 212 212 212 212 267 267 331 331 348 348 375 375 191 191 191 158 43 298 243 17 17 254 254 49 49 49 329 363 363 363 86 207 207 127 0 0 0 0 193 193 193
173 0 46 46 117 117 117 77 77 50 50 162 162 145 145 331 331 227 227 375 375 247 247 247 357 43 298 243 243 243 243 254 49 329 329 329 363 143 143 86 207 207 127 127 0 0 65 193 193 193
173 0 46 46 117 56 117 77 77 50 50 162 162 145 145 9 9 227 227 227 37 37 247 247 357 298 298 32 32 32 49 49 49 329 329 143 143 143 143 86 86 127 127 35 65 65 65 0 0 0
173 0 0 194 194 56 56 56 0 0 50 50 133 133 145 9 9 154 154 154 37 37 247 247 357 7 7 136 136 32 83 83 83 380 380 143 156 156 156 67 67 172 244 35 35 35 105 105 0 0
173 173 0 194 194 194 194 194 0 0 50 50 133 133 95 95 95 107 107 154 262 79 79 247 357 357 7 136 136 202 202 83 138 380 380 119 181 181 156 67 172 172 244 216 216 216 105 105 0 0
174 173 0 0 0 194 0 0 0 0 53 53 304 304 304 106 95 107 107 315 262 79 79 79 79 188 7 7 7 7 202 83 138 380 380 119 181 181 164 67 172 172 244 157 157 216 216 0 0 0
174 174 0 0 73 73 0 0 0 237 53 53 304 304 176 106 315 315 315 315 262 262 55 55 55 188 134 134 373 373 202 202 138 138 119 119 181 181 164 164 172 13 244 157 157 393 393 0 0 222
174 174 0 0 73 73 0 0 0 237 237 237 176 176 176 106 106 186 186 186 186 186 387 387 55 188 134 134 373 373 202 202 6 6 6 292 182 182 164 164 164 13 13 13 16 393 393 222 222 222
174 174 0 0 0 0 0 0 352 352 352 237 184 285 285 276 276 276 186 186 196 196 196 387 55 188 188 188 373 373 373 6 6 292 292 292 182 182 169 39 39 148 16 16 16 368 368 222 222 222
11 11 0 0 0 0 146 146 126 126 352 184 184 285 285 276 170 170 170 170 196 196 387 387 149 149 149 188 373 266 266 292 292 292 292 10 169 169 169 39 39 148 16 111 111 111 368 0 0 0
11 0 0 0 0 0 146 167 167 126 184 184 184 320 320 276 170 170 170 170 159 196 196 384 59 59 149 215 215 266 266 266 69 10 10 10 10 228 169 169 169 148 376 376 376 111 368 368 368 0
11 0 0 0 0 0 146 167 167 126 341 341 320 320 183 271 103 103 103 103 159 384 384 384 59 59 149 215 215 266 266 266 69 45 45 291 291 228 239 282 282 148 376 376 376 376 0 0 0 0
287 0 0 0 0 0 146 234 234 234 341 341 341 183 183 271 103 103 4 4 159 159 307 307 307 1 149 215 215 308 204 69 69 45 291 291 228 228 239 282 282 128 128 251 251 376 0 0 0 0
287 0 0 0 0 0 146 234 234 198 341 341 341 183 183 271 271 103 4 4 159 159 307 307 1 1 149 149 308 308 204 204 204 45 100 130 130 239 239 282 128 128 81 251 251 129 129 129 129 0
287 0 0 0 364 364 52 52 52 198 218 218 218 317 365 365 365 217 217 217 141 394 394 394 394 1 1 308 308 121 121 100 100 100 100 130 130 239 273 273 61 81 81 318 318 129 129 0 0 0
287 0 0 0 364 364 82 52 52 198 218 317 317 317 365 365 161 217 141 141 141 394 394 112 112 112 112 308 308 308 121 121 250 250 250 250 250 250 273 273 61 81 399 318 318 0 0 0 0 0
0 0 0 0 82 82 82 52 52 198 218 301 301 301 221 221 161 161 161 40 110 110 112 112 314 99 99 99 99 99 124 124 124 8 8 155 378 250 61 61 61 399 399 0 0 0 0 255 0 0
272 0 0 0 82 383 82 220 220 198 218 301 301 301 221 221 269 269 40 40 110 110 112 314 314 314 160 160 160 68 68 68 124 8 8 155 378 378 378 61 385 399 0 0 0 233 233 255 0 0
272 71 0 0 0 383 82 220 220 198 218 284 284 221 221 221 269 269 40 210 210 337 337 261 261 314 160 160 160 68 68 166 166 322 322 155 155 378 78 78 385 399 399 0 0 233 233 255 255 255
272 71 71 71 383 383 383 383 383 84 84 284 284 284 333 333 333 333 40 210 210 337 337 261 261 314 160 160 66 66 68 166 166 322 279 279 279 279 78 78 385 351 399 258 258 233 233 233 233 0
272 272 356 356 356 356 231 231 231 84 84 249 249 33 33 97 97 97 362 362 362 362 362 362 34 34 171 171 66 66 302 166 166 322 64 64 64 268 385 385 385 351 351 258 252 252 299 0 0 0
0 0 300 356 356 231 231 313 313 374 84 249 249 33 33 97 97 44 44 200 200 200 391 391 34 34 171 171 171 302 302 166 166 270 64 64 64 268 203 203 203 203 351 258 252 252 299 0 0 0
0 0 300 300 356 356 313 313 374 374 374 374 249 33 33 116 116 116 44 200 200 200 391 391 391 391 171 171 94 302 342 118 118 270 270 335 335 268 280 280 26 203 203 203 358 358 299 0 0 0
0 0 300 300 20 20 20 281 281 281 374 374 360 116 116 116 197 197 44 200 200 336 305 305 305 305 135 94 94 94 342 118 118 270 335 335 335 268 280 280 26 60 60 60 358 358 299 0 0 0
70 70 153 153 377 377 20 321 321 281 281 281 360 360 265 265 197 147 147 147 336 336 305 305 305 135 135 94 257 257 342 118 118 270 96 96 350 350 98 26 26 140 60 60 319 371 371 0 0 0
70 70 153 153 377 377 321 321 367 309 309 360 360 360 265 265 197 147 147 147 336 330 28 28 28 135 0 257 257 257 342 96 96 96 96 260 260 350 98 98 98 140 87 87 319 371 371 0 0 0
63 63 153 153 153 367 367 367 367 309 309 360 225 225 265 265 163 163 163 147 330 330 28 88 88 0 0 257 257 257 0 0 388 96 96 260 260 350 214 214 214 140 140 87 319 319 319 108 283 0
63 63 195 195 195 0 0 47 367 309 309 225 225 229 229 19 19 163 163 330 330 359 253 88 88 0 0 0 15 15 0 0 388 388 213 260 260 260 214 165 165 92 92 87 295 295 108 108 283 0
0 63 195 195 195 0 0 47 47 309 309 229 229 229 229 19 19 19 232 359 359 359 253 253 29 0 0 0 15 15 15 0 388 388 213 369 369 224 165 165 165 92 92 340 152 295 108 283 283 0
0 0 0 0 0 0 0 47 47 248 248 289 289 289 168 241 241 241 232 389 253 253 253 253 29 29 0 0 18 18 18 0 213 213 213 369 369 224 219 219 219 392 392 340 152 295 303 303 0 0
0 0 175 175 175 0 398 398 398 248 248 289 289 168 168 168 241 241 232 389 230 230 230 230 29 29 0 0 18 0 0 0 213 213 201 201 224 224 219 219 211 392 392 340 152 0 303 303 0 178
24 0 0 209 175 0 398 347 347 54 54 54 54 54 36 168 168 168 232 389 230 230 230 230 316 256 256 0 0 0 0 0 0 213 201 201 201 201 211 211 211 340 340 340 152 0 0 0 0 178
24 24 24 209 209 209 76 370 347 347 327 327 36 36 36 36 36 232 232 389 353 353 316 316 316 256 256 0 0 0 0 0 0 0 190 190 0 323 323 323 21 21 238 238 238 238 2 2 178 178
24 24 24 209 209 76 76 370 347 347 327 327 36 36 0 0 0 0 0 0 353 353 316 316 316 256 256 206 206 206 0 0 0 0 190 190 0 0 323 323 21 21 238 238 238 238 2 2 85 85
0 0 0 400 400 76 76 370 57 347 345 345 0 0 0 0 0 0 123 123 123 123 316 0 0 256 256 206 206 206 0 0 0 293 293 293 293 0 114 114 0 131 131 131 0 0 0 0 85 85
0 0 0 0 400 38 38 370 57 57 57 345 345 0 0 0 0 0 0 312 312 312 312 0 0 0 0 259 259 0 0 0 0 354 354 185 185 0 114 114 0 0 0 131 131 0 0 0 0 0
0 0 0 0 400 38 38 38 38 38 345 345 345 0 0 0 0 0 104 104 104 104 312 312 0 0 0 259 259 0 0 0 0 354 354 185 185 0 0 0 0 0 0 0 0 0 0 0 0 0
