50 400 20
62749 1205
85933 1062
84657 1750
93541 1967
94276 1357
78807 1845
91692 1873
89428 1636
89769 1391
67251 1188
52216 1513
71307 1663
96048 1537
72890 1541
82526 1990
71790 1927
57381 1725
86790 1206
91427 1807
99545 1165
69832 1798
74596 1690
95352 1598
77798 1705
95058 1052
91755 1720
78532 1281
88747 1019
93155 1227
62454 1283
85559 1873
75430 1836
63230 1718
92544 1590
94540 1739
50485 1009
60003 1987
88879 1272
80002 1774
81387 1373
85670 1064
84717 1279
80193 1827
98377 1085
88861 1702
64992 1939
68698 1616
85166 1800
89049 1779
60307 1906
61868 1028
77668 1107
94869 1065
95533 1218
70666 1527
82111 1267
60880 1950
71415 1302
84281 1726
73111 1169
63275 1756
51873 1194
97759 1806
51606 1469
89399 1070
81817 1413
93272 1153
63627 1916
67190 1938
72196 1991
65579 1996
84433 1468
86644 1984
71680 1911
95539 1354
64956 1613
97183 1127
98459 1576
61614 1879
78474 1385
97385 1144
86967 1343
53656 1399
76835 1975
98359 1148
69224 1656
54030 1816
67984 1600
95328 1044
52446 1261
60587 1049
59396 1388
97793 1547
85469 1843
56796 1915
97964 1777
55777 1266
78554 1316
66922 1664
55938 1739
53585 1322
73377 1971
78528 1352
88336 1119
88445 1480
56723 1738
51296 1856
96713 1872
89783 1290
63462 1250
64743 1673
71147 1719
70556 1362
59037 1762
79396 1211
60839 1905
75520 1252
66491 1417
98359 1154
89435 1233
59258 1888
88977 1517
79371 1194
77054 1696
81078 1824
69097 1440
97994 1894
59459 1484
73811 1595
70583 1532
66246 1240
56887 1263
50885 1771
68022 1709
51535 1866
96791 1436
59927 1313
74561 1489
86629 1012
97770 1389
54450 1858
80584 1397
79127 1241
66244 1323
97473 1929
75735 1438
62221 1765
95914 1536
96142 1612
61731 1500
60456 1414
57593 1211
66518 1888
99480 1020
84524 1266
54012 1835
60890 1400
97366 1652
94684 1354
52990 1240
50278 1685
79191 1986
97952 1375
63340 1311
65146 1684
98254 1005
68535 1104
99582 1857
50819 1809
97877 1783
73275 1916
58277 1403
68628 1219
68636 1575
95858 1286
86603 1942
94126 1455
99154 1461
78546 1822
88805 1761
55667 1456
51775 1933
60883 1548
67605 1794
53028 1445
75578 1448
85710 1725
74492 1319
74014 1047
51259 1470
85949 1238
93239 1752
80145 1315
85502 1530
94484 1452
52660 1017
77248 1175
88139 1377
67261 1425
81129 1344
88453 1216
66528 1728
56057 1976
68755 1035
76966 1879
59206 1438
53110 1926
52576 1315
63156 1566
69360 1960
71912 1084
54494 1549
50531 1523
86867 1283
66940 1579
58495 1504
75404 1008
70190 1268
74969 1947
92742 1734
74354 1983
81371 1157
93063 1225
98482 1550
63829 1121
77909 1137
77616 1984
59976 1958
71386 1330
77878 1636
70980 1962
93495 1125
92552 1164
76309 1756
66440 1524
78892 1685
64480 1050
78121 1028
92433 1429
97677 1715
91211 1397
50733 1177
65350 1123
96959 1554
84257 1317
80338 1998
94702 1480
91637 1731
97555 1487
68601 1970
80494 1581
72444 1299
99947 1973
95583 1065
85899 1435
53332 1337
74554 1674
64315 1912
97897 1999
54698 1510
57024 1897
67834 1682
80727 1291
90712 1010
78965 1815
73603 1725
51944 1244
91555 1807
62774 1759
55133 1159
69609 1230
93152 1938
91392 1253
96087 1316
86680 1906
71454 1484
85350 1417
74964 1594
82651 1266
83453 1088
60230 1822
71473 1835
79622 1763
66393 1938
91893 1355
65978 1287
79627 1876
79241 1163
80151 1789
70991 1947
67710 1631
97038 1384
75555 1831
74854 1565
91817 1085
60214 1478
79578 1620
62721 1615
99553 1843
86431 1363
55735 1444
91528 1626
91444 1468
84043 1457
95760 1648
78194 1218
97959 1105
55056 1147
83231 1161
86737 1417
51232 1211
92384 1203
98388 1436
79467 1187
60214 1261
79747 1398
58003 1938
87284 1108
53402 1472
75019 1655
60967 1431
99583 1380
53956 1650
60871 1875
78480 1570
67309 1979
91823 1170
87279 1800
73876 1015
57712 1525
54917 1638
50318 1867
60595 1003
61244 1965
70689 1253
52381 1737
65054 1288
65935 1401
78642 1670
89231 1515
95122 1585
67768 1358
63688 1252
97250 1404
60210 1479
98425 1336
91118 1506
71985 1282
93434 1672
64197 1443
96809 1187
57836 1962
56303 1033
61649 1690
92487 1066
85108 1537
78846 1642
82188 1721
76771 1242
84156 1247
62944 1658
65721 1192
73110 1649
88665 1235
80130 1329
75824 1324
70607 1097
75678 1085
78560 1637
64451 1404
87939 1107
87893 1112
71163 1172
56081 1790
70446 1701
52088 1242
90492 1399
82231 1865
95721 1214
57171 1520
84946 1965
73811 1497
69399 1069
64793 1768
89281 1960
76596 1588
52335 1490
97894 1879
62839 1781
66010 1532
98764 1825
51277 1702
87747 1655
98616 1338
71810 1405
97110 1708
84150 1865
93527 1850
70072 1751
75697 1423
0 0 0 0 340 26 26 0 0 0 0 0 177 177 177 0 0 0 0 0 0 0 232 232 0 0 0 291 291 291 390 390 0 0 0 0 0 0 0 0 252 252 252 252 0 0 143 143 143 143
0 0 340 340 340 26 26 0 176 176 176 176 177 177 248 0 0 0 0 0 232 232 232 232 0 0 0 291 390 390 390 390 0 0 0 0 0 0 0 0 0 252 0 0 0 0 143 2 143 143
0 0 289 289 9 9 0 0 176 176 180 152 152 152 248 248 0 0 126 126 226 0 0 0 0 73 73 73 390 137 137 390 0 0 0 0 0 283 283 283 283 252 0 0 0 0 2 2 0 0
189 289 289 9 9 0 0 0 176 180 180 152 248 248 248 0 0 126 126 226 226 0 249 249 249 73 338 338 338 281 137 137 0 0 64 64 283 283 283 68 396 396 396 396 0 0 0 2 0 0
189 289 289 9 9 0 0 0 0 180 44 44 108 108 108 0 0 126 126 226 0 0 249 249 249 249 338 338 281 281 137 137 0 64 64 209 209 193 68 68 396 396 396 396 231 231 231 2 2 0
189 189 189 189 9 110 110 110 110 180 44 44 44 44 108 267 267 267 295 0 0 0 0 0 259 259 259 259 281 281 237 0 0 0 0 209 209 193 68 68 175 175 141 141 141 141 231 0 0 0
189 292 292 189 210 110 0 0 323 180 313 313 367 367 186 267 295 295 295 0 0 0 0 0 121 121 121 121 361 361 237 0 0 0 0 0 193 193 68 370 175 175 141 141 141 141 231 231 0 0
0 292 292 0 210 210 210 0 323 180 180 313 367 367 186 186 295 295 0 0 0 0 320 320 121 158 158 158 361 361 237 237 0 0 0 238 238 238 238 370 172 172 172 297 297 67 231 231 0 0
0 0 0 0 0 0 0 0 323 323 313 313 334 287 287 186 295 224 0 0 0 0 320 320 355 355 158 158 23 319 319 371 0 0 32 32 32 70 70 370 370 370 172 297 111 67 67 67 67 0
288 0 0 156 156 156 156 296 334 334 334 334 334 287 287 206 224 224 224 0 0 0 318 318 355 355 167 158 23 23 319 371 0 0 348 32 32 70 228 228 228 181 145 297 111 111 213 213 67 0
288 39 39 296 296 296 296 296 334 316 316 334 46 206 206 206 224 206 224 0 0 0 318 318 258 258 167 158 23 23 319 371 371 371 348 32 324 70 190 190 228 181 145 145 111 111 213 213 67 0
288 39 39 296 42 42 42 0 0 0 316 316 46 46 46 206 206 206 224 0 0 270 270 318 258 167 167 387 23 23 23 20 20 371 348 348 324 157 157 190 190 181 181 145 145 0 0 0 0 0
288 164 39 0 42 42 0 0 0 0 162 162 162 304 304 304 5 5 0 0 0 270 270 270 258 167 167 387 325 325 20 20 324 324 324 324 324 157 157 218 218 218 79 79 145 0 0 0 0 0
164 164 0 0 42 0 0 0 0 0 0 162 162 162 304 304 5 0 0 271 271 284 284 284 284 43 387 387 325 325 325 257 257 257 179 179 179 157 157 218 218 79 79 79 145 0 0 0 0 0
164 0 0 0 0 0 0 0 0 0 0 0 50 50 50 50 5 0 271 271 128 284 43 43 43 43 387 272 272 272 325 257 257 257 179 179 339 339 29 29 133 79 79 79 365 365 0 0 0 0
0 0 0 0 0 0 382 382 0 0 0 0 0 10 10 10 10 0 0 128 128 128 128 342 342 43 387 272 272 272 325 16 16 243 243 385 339 339 29 29 133 133 262 262 365 365 0 0 36 36
0 384 0 0 0 0 382 382 0 0 0 230 0 10 351 351 10 0 0 128 185 246 246 246 342 342 342 104 285 285 285 16 16 243 243 385 385 385 385 385 133 133 262 262 308 308 308 308 36 36
384 384 0 0 0 0 382 382 0 0 0 230 230 116 351 83 255 255 255 185 185 246 395 41 41 342 104 104 104 21 285 88 62 62 385 385 6 6 6 6 6 305 305 305 305 308 308 212 212 36
384 384 0 0 0 386 386 386 106 106 106 230 230 116 351 83 83 269 255 185 185 395 395 41 119 119 119 119 104 21 88 88 62 62 62 222 222 222 6 6 6 305 305 305 308 308 92 212 212 264
384 384 0 0 0 386 386 207 106 106 106 161 116 116 83 83 83 269 269 269 236 395 395 41 81 81 81 81 21 21 88 88 200 200 118 391 391 222 222 400 38 38 337 337 150 92 92 92 92 264
182 0 0 0 0 0 207 207 106 102 102 161 116 349 349 349 349 269 269 269 236 236 236 41 81 221 12 12 12 12 194 194 200 200 118 118 391 250 250 400 38 38 337 337 150 150 368 368 368 264
182 182 182 0 0 0 207 207 102 102 161 161 346 346 253 253 362 362 245 163 163 245 187 251 81 221 221 341 341 60 194 30 30 376 376 118 391 250 250 400 400 400 400 400 150 150 368 0 0 264
93 357 329 329 329 207 207 207 233 233 233 161 346 346 253 253 362 362 245 163 163 245 187 251 251 221 221 341 341 60 194 30 30 376 376 376 146 78 78 275 275 300 300 300 150 327 327 134 0 0
93 357 329 329 120 120 153 153 233 233 233 161 125 125 165 149 149 279 245 245 245 245 187 187 251 282 282 282 60 60 194 194 194 374 146 146 146 78 78 275 275 300 300 300 113 113 327 134 134 134
93 357 357 389 120 120 153 153 314 314 233 161 125 125 165 149 149 279 279 136 136 136 205 205 205 282 282 282 98 192 192 49 49 374 374 344 344 78 78 359 275 275 300 300 113 113 327 134 134 134
93 389 389 389 120 120 153 15 314 314 233 331 331 331 165 165 279 279 136 136 136 139 139 139 205 131 282 98 98 195 192 49 49 374 374 344 344 124 78 359 359 359 278 278 278 95 95 134 322 322
0 0 52 266 266 266 266 15 15 314 314 331 196 331 56 165 59 279 279 51 51 139 131 131 131 131 254 98 98 195 192 82 82 216 216 124 124 124 71 71 71 203 203 278 278 95 95 151 322 322
0 0 52 52 94 94 266 15 234 234 331 331 196 196 56 56 59 59 59 51 51 51 131 131 168 168 254 254 254 195 192 82 82 216 273 273 273 273 138 256 71 203 203 278 147 147 95 151 197 197
0 0 0 52 94 94 266 15 234 234 331 72 196 196 196 56 56 24 59 54 263 263 263 229 168 168 254 254 58 58 27 27 27 216 394 354 354 273 138 256 71 14 14 278 147 147 147 151 197 197
235 235 0 33 33 33 274 274 360 360 360 72 72 90 90 56 56 24 24 54 352 263 263 229 306 306 298 254 58 58 27 27 216 216 394 394 354 354 138 256 256 14 14 278 147 147 343 151 197 197
235 235 33 33 66 66 274 274 360 360 360 72 72 90 166 166 166 166 24 54 352 76 76 229 306 298 298 240 240 58 27 27 216 216 394 138 138 138 138 14 14 14 343 343 343 343 343 151 242 242
235 235 0 33 66 66 66 105 105 105 360 328 328 90 63 63 63 63 112 54 352 76 76 229 306 298 298 240 240 372 372 336 336 392 394 138 353 353 75 75 75 75 343 343 117 117 117 0 242 242
48 48 0 312 312 312 105 105 105 388 388 328 328 90 215 215 215 63 112 112 352 47 47 47 306 306 240 240 240 372 372 336 336 392 358 358 353 353 399 399 383 184 184 184 117 117 378 0 0 0
48 48 0 312 85 85 85 307 105 388 388 148 148 215 215 215 215 63 112 112 352 352 47 47 47 276 276 276 240 265 265 130 130 392 358 358 127 399 399 383 383 184 7 117 117 117 378 290 290 0
0 0 0 19 19 85 85 307 307 307 388 148 148 215 208 69 69 99 99 381 381 227 227 276 276 276 4 4 4 265 265 130 130 392 392 358 127 127 383 383 383 383 7 379 379 379 378 290 290 0
0 0 19 19 74 85 85 302 302 302 302 129 208 208 208 69 69 99 99 381 381 227 227 335 84 84 380 380 4 130 130 130 173 392 89 89 127 127 53 53 53 53 7 7 7 379 378 290 366 142
315 315 19 19 74 74 74 74 302 129 129 129 208 208 155 155 155 155 294 294 381 335 335 335 84 380 380 380 380 0 0 130 173 173 173 89 89 127 127 364 364 364 154 154 154 378 378 366 366 142
315 315 369 369 369 369 114 114 302 302 301 301 28 28 239 55 55 45 45 294 294 335 293 317 84 199 199 199 199 326 0 0 0 0 332 397 397 91 91 91 364 364 223 223 154 109 378 366 142 142
37 37 0 0 122 122 114 114 114 277 301 301 28 28 239 55 55 45 45 45 293 293 293 317 317 0 199 326 326 326 0 101 332 332 332 397 397 25 25 91 364 309 309 223 223 109 123 123 0 0
37 37 0 0 122 169 169 114 114 277 277 277 28 239 239 77 77 77 280 280 280 144 144 317 317 0 0 0 0 0 0 101 332 332 332 397 174 25 25 3 309 309 261 261 261 109 123 123 0 0
0 0 0 0 122 169 169 114 11 11 373 373 373 96 333 77 77 77 280 393 393 144 144 144 211 0 0 171 171 171 0 101 101 160 332 397 174 174 350 3 3 3 261 261 261 109 347 123 398 0
170 61 61 0 0 57 57 13 13 11 373 373 373 96 333 77 77 8 8 393 393 191 217 217 211 211 0 171 171 159 0 0 160 160 160 397 174 174 350 350 350 3 3 3 80 80 347 398 398 398
170 61 57 57 57 57 57 57 13 11 373 373 96 96 333 65 321 8 8 321 321 191 217 217 217 211 0 35 35 159 0 0 160 160 160 299 299 375 350 350 350 87 87 80 80 80 347 398 398 398
170 61 18 18 103 103 13 13 13 11 11 22 65 333 333 65 321 321 321 321 191 191 217 217 286 286 286 35 35 159 0 268 268 299 299 299 375 375 350 86 86 87 87 0 80 80 347 0 0 0
170 61 188 18 18 103 103 310 310 225 11 22 65 65 65 65 65 321 31 191 191 191 244 330 286 286 286 356 260 159 0 0 268 268 303 303 375 86 86 86 86 86 86 0 0 0 0 0 0 0
0 17 188 188 377 377 377 310 310 225 22 22 0 0 0 0 34 34 31 191 244 244 244 330 330 330 356 356 260 0 0 0 0 0 0 303 0 0 0 0 0 0 219 107 107 107 0 0 204 204
0 17 17 188 377 377 310 310 310 225 0 214 214 0 0 34 34 34 31 198 198 0 0 183 183 247 356 260 260 0 0 0 0 0 0 303 303 303 0 0 0 0 219 107 107 107 0 0 204 204
0 17 17 345 345 241 241 241 241 225 0 214 214 0 0 34 34 31 31 198 198 0 0 183 183 247 363 363 363 363 0 0 0 0 0 0 100 100 100 0 0 219 219 135 135 135 135 1 140 140
0 17 202 345 345 115 115 115 115 115 0 0 97 97 0 0 34 40 40 201 201 201 0 0 0 247 247 178 178 178 178 0 0 0 220 220 220 100 0 0 0 219 219 0 0 0 1 1 1 140
0 0 202 202 202 202 115 311 311 311 311 0 97 97 0 0 0 40 40 201 132 132 132 132 0 247 0 0 0 0 178 0 0 220 220 220 220 100 0 0 0 219 219 0 0 0 0 1 1 140
