50 400 20
77255 1536
70453 1553
50987 1349
56019 1254
57491 1449
60558 1868
85208 1016
75835 1352
98685 1003
82192 1032
68645 1435
86754 1740
61113 1935
97466 1041
63205 1352
54301 1699
58482 1295
99999 1896
83599 1688
80410 1874
96161 1091
62252 1180
75234 1306
85923 1015
67363 1370
74931 1052
78317 1201
59862 1876
62742 1176
85248 1432
60478 1843
96912 1045
53039 1870
85200 1697
60624 1407
69041 1857
66378 1258
84948 1245
98055 1730
63903 1529
57786 1639
92438 1262
60710 1266
96032 1835
93611 1619
90165 1673
56693 1429
82484 1097
95761 1036
77794 1877
83422 1081
81092 1359
54913 1276
61858 1324
58792 1029
76766 1679
88420 1027
79688 1310
76515 1496
62602 1828
91289 1583
62766 1905
79603 1872
99555 1065
72667 1016
76017 1921
66223 1779
84340 1194
70457 1508
81328 1212
99069 1163
68931 1760
65985 1206
80220 1545
90051 1837
65621 1157
94671 1676
95239 1462
76127 1897
56902 1677
75335 1208
62677 1300
71763 1571
61202 1977
62301 1871
99312 1015
89004 1542
87193 1000
58089 1482
77160 1536
63136 1549
56190 1220
96176 1053
89953 1007
94305 1770
90264 1405
57901 1199
69301 1316
85494 1397
90812 1132
94247 1674
58282 1316
83407 1843
92855 1238
55480 1088
51792 1952
53554 1677
88299 1811
58510 1067
57698 1277
96179 1590
57808 1092
91283 1944
92299 1329
84717 1224
63081 1400
73916 1694
59127 1466
70459 1818
64147 1114
91596 1559
56243 1946
70483 1529
83995 1603
96110 1263
53084 1576
96428 1082
95808 1059
83946 1146
83456 1926
86806 1312
76861 1213
73159 1675
59347 1892
62402 1603
53536 1882
78977 1414
82340 1074
58734 1829
52685 1380
85999 1863
68148 1944
53454 1197
54902 1038
77060 1109
83207 1470
60908 1379
71461 1251
63474 1204
63648 1771
84336 1749
88584 1800
70753 1971
60661 1294
75561 1417
86279 1860
63581 1909
76400 1874
63450 1318
65006 1472
99012 1346
62444 1924
63185 1450
57077 1512
50841 1855
73459 1079
76560 1648
59263 1005
67562 1383
95687 1440
67259 1742
54663 1107
51297 1864
99900 1621
50807 1726
79137 1640
97333 1801
77101 1583
77895 1450
88681 1058
58466 1455
53454 1035
76195 1649
57123 1146
93553 1057
69058 1382
67531 1943
78277 1806
81105 1527
83471 1827
72372 1737
65381 1698
72002 1709
74347 1975
93556 1869
87886 1131
53025 1667
74764 1484
66393 1428
60141 1903
90846 1725
83386 1155
74163 1088
83839 1101
63946 1289
98422 1658
71837 1115
85816 1999
75286 1074
94438 1334
97932 1569
82880 1290
64736 1347
96655 1503
62297 1952
96109 1649
88259 1687
53490 1306
87933 1409
74187 1344
61857 1916
61421 1973
91150 1283
81283 1461
59046 1962
79830 1487
96566 1969
86271 1527
75504 1354
72077 1044
72339 1313
52573 1983
69551 1504
62058 1708
95748 1668
62723 1749
71589 1949
68968 1162
97050 1543
99791 1343
78000 1620
99684 1988
76752 1450
89148 1357
78789 1925
76750 1283
73713 1920
72195 1107
61051 1876
52773 1838
76579 1168
83834 1394
55142 1195
71293 1844
56312 1991
89712 1002
81434 1771
90043 1408
99036 1866
69054 1212
63982 1202
90801 1115
94364 1474
85000 1608
78811 1088
85982 1352
93353 1663
95146 1872
71536 1601
75452 1789
83783 1286
88640 1537
52817 1150
58676 1732
92246 1413
53604 1715
80336 1748
69390 1947
80801 1032
63938 1776
58819 1737
93618 1712
86839 1425
95113 1214
65984 1060
76235 1720
84005 1631
74383 1785
69367 1409
97118 1442
94327 1890
94076 1255
83308 1690
98292 1653
82622 1913
92156 1043
53808 1354
58476 1572
79466 1103
94919 1003
93689 1449
85578 1944
92442 1132
73917 1741
56781 1705
88177 1930
93705 1498
72279 1026
76127 1930
60765 1320
76662 1045
96575 1462
78225 1644
87589 1616
99800 1712
70279 1763
93603 1739
88993 1625
68918 1639
58894 1522
79227 1716
76534 1753
85717 1607
73699 1755
78831 1784
69747 1536
88276 1584
79600 1406
78524 1329
84721 1203
96742 1595
59817 1717
59093 1941
66017 1817
84655 1132
50517 1788
78486 1661
75256 1271
54669 1499
50348 1231
88937 1496
89577 1394
81786 1472
77092 1627
82932 1047
81082 1844
92977 1578
95774 1063
50589 1196
79904 1372
84695 1629
95194 1888
52550 1235
80252 1035
60961 1749
78894 1114
61601 1619
92830 1176
97074 1550
93042 1243
72522 1386
62078 1467
75433 1013
99849 1562
59344 1267
84326 1398
92090 1361
61150 1728
63274 1363
78864 1601
93889 1884
71136 1916
89239 1380
89976 1678
52653 1741
58064 1149
78651 1507
55882 1842
57340 1522
75421 1500
96693 1459
52426 1151
57694 1430
93834 1346
85511 1288
75530 1288
82789 1572
95847 1796
61037 1258
88796 1237
64806 1815
92365 1099
51527 1322
59191 1573
78729 1612
54809 1016
67407 1646
56359 1358
59376 1396
52229 1760
20 20 20 20 361 0 0 0 0 0 0 24 24 24 0 0 0 0 0 0 0 0 0 348 338 338 338 103 103 0 0 0 0 0 0 0 0 0 0 0 0 0 0 0 0 0 0 339 0 0
133 133 133 20 361 0 0 0 0 0 0 203 203 24 0 0 0 0 0 0 0 348 348 348 338 338 103 103 103 0 0 0 0 0 0 0 0 328 328 328 146 146 146 318 318 0 0 339 0 0
133 361 361 361 361 361 220 220 220 342 343 203 203 344 19 19 0 0 0 0 0 0 0 338 338 338 0 0 0 0 0 0 0 0 0 0 0 0 0 328 146 146 318 318 127 301 301 339 0 0
133 330 330 84 8 8 220 220 220 342 343 343 344 344 19 19 0 0 0 0 0 0 66 66 66 66 66 66 0 0 0 0 0 400 400 400 400 400 400 59 59 127 127 127 127 301 301 339 0 0
133 330 330 84 84 8 220 342 342 342 175 343 344 344 19 0 0 0 0 0 0 0 0 0 0 0 347 113 113 232 232 118 118 118 118 247 247 400 400 59 174 368 368 368 127 222 0 0 0 0
248 248 246 246 84 8 342 342 175 175 175 116 116 344 0 0 0 0 0 0 0 0 0 0 129 347 347 113 232 232 232 291 291 188 188 188 247 54 54 59 174 368 28 368 326 222 0 0 0 0
248 332 332 246 246 246 246 141 141 141 175 116 116 0 0 0 0 0 0 0 0 0 129 129 129 347 113 113 113 283 283 291 291 188 104 247 247 54 54 59 174 174 28 326 326 222 0 0 0 0
248 332 332 332 0 0 246 141 102 102 225 225 375 0 114 114 114 114 365 365 0 7 129 129 129 371 371 217 217 283 283 121 121 104 104 104 337 94 94 284 284 284 28 326 98 222 0 0 0 0
21 21 0 332 0 0 246 102 102 225 225 225 375 375 114 114 114 114 365 365 0 7 184 184 281 371 371 11 217 283 283 121 121 104 337 337 337 94 94 284 284 284 28 98 98 0 0 0 0 0
21 21 0 332 0 0 323 323 323 323 341 341 375 375 259 259 16 16 16 16 0 7 184 184 281 11 11 11 217 153 340 340 104 104 289 289 289 172 172 172 284 211 211 98 98 0 0 0 0 0
21 0 0 0 0 0 207 231 231 231 341 341 387 387 259 15 15 15 15 0 0 7 281 281 281 11 11 245 245 153 388 340 340 198 289 289 289 172 212 212 211 211 211 211 0 0 0 0 0 0
0 0 0 0 0 0 207 231 231 30 30 387 387 387 259 259 386 0 0 0 0 0 219 281 281 310 310 245 245 153 388 388 198 198 165 165 289 172 212 212 211 211 379 379 224 0 0 0 0 320
0 0 0 0 0 0 207 207 30 30 30 377 377 390 72 72 386 105 105 105 105 219 219 329 359 310 310 136 313 153 388 388 198 92 92 165 165 48 48 48 234 234 379 379 224 224 285 285 320 320
128 0 0 0 0 0 0 185 185 30 377 377 390 390 72 72 386 256 256 256 75 219 219 329 359 310 136 136 313 313 183 183 183 183 92 165 165 48 48 48 234 234 379 379 224 224 285 285 320 320
128 128 376 376 393 0 0 185 185 317 317 317 390 390 390 227 386 256 256 145 75 219 219 329 359 136 136 314 314 313 314 183 183 183 92 26 26 208 208 48 394 394 394 206 83 83 83 83 83 320
128 128 376 376 393 0 0 210 210 138 138 317 161 227 227 227 215 215 215 145 75 75 75 329 359 359 136 136 314 314 314 58 58 156 156 26 208 208 366 366 366 77 394 206 137 137 137 137 83 0
0 128 128 376 393 0 0 210 369 369 138 138 161 68 68 143 215 215 215 145 315 75 75 189 189 189 193 193 130 314 314 58 58 156 156 26 399 399 366 77 77 77 206 206 137 137 137 383 0 0
0 242 242 287 393 0 0 210 369 369 293 293 161 68 68 143 331 331 145 145 315 315 315 189 336 336 193 130 130 130 130 58 58 263 38 399 399 399 77 77 77 77 22 22 22 22 22 383 0 0
0 0 242 287 287 0 0 240 240 240 293 293 161 143 143 143 331 331 145 145 315 315 50 50 336 336 193 322 322 6 130 58 58 263 38 38 38 399 254 254 254 254 51 51 51 51 383 383 0 0
0 242 242 287 287 171 171 240 89 89 125 125 123 123 266 266 331 331 140 56 56 315 50 50 50 336 179 322 322 6 173 173 173 263 38 55 55 55 55 254 213 213 213 349 349 383 383 0 0 0
0 0 0 287 171 171 171 89 89 89 125 123 123 266 266 266 331 140 140 56 56 315 50 50 396 336 179 148 148 6 173 147 147 263 55 55 160 160 160 160 160 160 213 349 349 383 378 378 0 0
78 78 296 287 287 43 43 65 65 65 125 125 266 266 300 52 140 140 140 187 187 187 187 50 396 396 179 148 148 6 97 147 147 147 87 55 252 252 252 91 91 91 192 201 201 201 201 378 352 0
78 296 296 43 43 43 65 65 65 65 125 125 45 300 300 52 52 52 276 276 187 187 62 62 396 396 179 115 40 40 97 97 151 151 87 87 87 252 252 91 91 91 192 391 391 201 201 378 352 0
78 296 268 268 373 373 373 166 85 85 45 45 45 300 270 270 370 370 276 276 33 33 62 62 216 396 179 115 40 40 97 178 178 151 151 157 157 157 157 157 91 192 192 391 391 124 124 306 352 352
78 296 268 268 288 373 373 166 166 85 101 101 101 300 270 370 370 370 258 258 33 33 305 305 216 396 115 115 115 97 97 178 163 163 163 157 82 82 134 134 134 192 391 391 391 124 124 306 0 0
78 296 268 288 288 288 288 166 166 85 101 101 101 270 270 270 108 258 258 258 1 1 305 305 216 267 267 267 115 97 178 178 163 163 277 157 82 82 134 134 398 251 251 124 124 124 306 306 0 0
78 17 17 169 169 169 288 81 304 304 385 3 3 3 3 108 108 258 258 258 1 1 61 61 216 267 267 267 120 120 120 277 277 277 277 67 67 82 398 398 398 251 251 12 12 124 306 353 353 353
76 17 17 17 169 169 288 81 304 304 385 3 3 228 228 108 299 271 271 271 1 321 61 61 61 267 111 111 120 120 120 120 277 277 67 67 67 82 398 398 398 398 355 12 12 306 306 353 73 353
76 76 76 0 0 81 81 81 304 385 385 3 3 228 228 228 299 271 311 311 311 321 61 61 358 358 358 111 111 239 239 120 42 167 167 67 67 82 324 312 312 312 355 355 243 243 73 73 73 0
0 0 0 0 0 81 81 81 23 23 23 23 88 88 88 228 299 299 311 311 311 321 321 325 358 358 358 358 170 170 239 42 42 42 167 324 324 324 324 312 249 249 355 355 355 243 243 243 41 0
100 0 0 0 0 0 0 360 360 381 23 23 88 88 88 88 316 299 299 144 311 325 325 325 13 13 13 358 170 170 239 42 86 86 167 324 180 180 93 93 249 249 244 244 355 158 295 295 41 0
100 0 0 0 0 0 333 333 360 381 381 381 381 90 90 186 316 316 316 144 144 144 110 110 110 13 13 362 362 239 239 86 86 302 302 302 180 180 93 93 93 64 64 244 244 158 295 295 41 0
100 100 0 0 0 0 333 333 360 280 280 381 381 90 90 186 186 47 150 150 150 144 181 181 110 110 110 362 362 239 164 164 164 302 139 139 139 286 93 93 214 64 64 64 158 158 250 41 41 0
190 190 190 190 119 0 0 0 0 199 280 280 367 186 186 186 186 47 150 60 397 397 397 181 110 110 279 279 164 164 164 79 79 79 139 238 238 286 286 286 214 64 64 64 250 250 250 307 0 0
190 0 0 190 119 0 0 0 0 199 199 280 367 367 152 152 47 47 106 60 60 60 397 181 176 279 279 279 255 255 255 255 27 79 238 238 131 36 36 286 214 214 237 209 209 202 202 307 154 154
0 0 0 119 119 374 0 0 0 351 199 2 122 367 152 152 152 152 106 106 106 60 155 155 176 176 176 279 235 235 235 255 27 27 131 131 131 36 36 31 237 237 237 209 209 202 202 307 154 154
0 0 0 374 374 374 335 351 351 351 2 2 122 122 122 152 152 14 14 14 34 34 155 155 18 18 18 142 235 235 235 255 27 27 131 131 168 168 31 31 237 237 237 209 202 202 202 307 307 307
0 0 0 374 364 364 335 351 351 351 2 257 257 257 122 39 39 74 14 14 34 34 34 182 297 297 18 142 274 274 235 235 303 69 69 372 168 168 31 382 392 392 205 205 202 0 0 0 0 0
0 0 0 334 364 335 335 253 253 253 253 257 159 389 389 39 39 74 74 34 34 204 204 182 182 297 18 142 274 303 303 303 303 69 69 372 382 382 382 382 392 236 236 205 205 0 0 0 0 95
0 0 334 334 364 335 126 126 126 159 159 159 159 389 389 389 74 74 74 34 204 204 262 262 182 297 18 142 274 274 112 112 112 112 372 372 149 149 265 265 392 236 236 275 275 0 0 0 0 95
32 0 132 334 334 282 126 264 126 126 159 159 221 221 345 345 35 35 290 290 290 204 262 262 297 297 241 241 274 274 112 112 112 112 200 200 149 149 265 265 392 236 236 275 275 0 0 177 177 95
32 132 132 282 282 282 126 264 278 278 278 221 221 221 345 35 35 35 290 319 273 273 380 10 10 10 10 241 241 109 162 162 4 4 200 200 265 265 265 265 49 272 272 275 0 0 197 197 177 95
32 132 132 132 132 194 264 264 278 278 221 221 9 345 345 191 191 35 29 319 319 273 380 10 10 10 195 195 109 109 162 162 4 4 4 200 384 384 49 49 49 357 272 308 308 308 197 197 177 37
32 0 0 0 0 194 346 107 107 107 221 327 9 9 9 9 191 35 29 319 319 273 380 380 218 218 195 195 109 109 269 269 269 269 384 384 384 384 384 357 357 357 272 308 308 197 197 0 37 37
32 32 0 0 0 194 346 346 346 107 354 327 327 9 9 9 191 29 29 29 135 135 380 292 292 218 356 356 356 46 269 269 309 309 0 0 260 260 260 260 25 25 0 0 0 197 197 0 37 37
261 261 0 0 0 194 230 346 346 354 354 327 327 350 350 70 191 29 29 135 135 292 292 292 218 218 356 46 46 46 269 269 309 309 0 0 0 0 0 260 25 25 25 25 0 0 0 0 0 0
261 261 0 0 0 233 230 346 354 354 363 350 350 350 57 70 70 70 0 0 99 99 44 44 298 298 229 229 229 0 395 395 0 0 0 0 0 0 0 0 0 294 25 25 53 53 53 53 0 0
0 0 0 0 0 233 230 80 80 80 363 350 57 57 57 0 0 226 226 0 99 99 44 44 44 298 298 229 229 0 395 395 0 0 0 0 0 0 0 0 0 294 294 294 0 0 196 196 196 196
0 0 0 0 0 233 230 80 0 0 363 363 363 0 0 0 0 226 226 0 0 223 44 44 0 0 0 0 0 0 395 5 71 71 0 117 117 96 96 96 294 294 294 294 0 0 63 63 196 196
0 0 0 0 233 233 80 80 0 0 363 363 363 0 0 0 0 0 0 0 0 223 223 223 0 0 0 0 5 5 5 5 71 71 0 117 117 96 96 96 0 0 0 0 0 0 63 63 196 196
