50 400 20
78691 1658
51293 1870
52267 1872
80675 1681
86778 1536
67135 1085
86356 1608
95709 1058
75479 1755
68185 1277
62714 1709
64574 1385
93152 1224
89164 1222
50346 1899
69748 1942
93920 1564
81393 1543
79989 1144
72087 1216
87568 1603
56358 1347
77783 1679
63212 1748
74010 1967
95371 1866
60220 1769
55497 1794
84121 1620
99846 1118
62112 1640
61491 1997
58665 1456
93461 1426
93660 1709
79156 1806
81427 1562
93431 1540
71001 1916
72864 1360
89671 1106
95209 1312
57794 1987
61976 1860
63678 1517
89621 1989
65629 1624
74031 1589
61039 1123
57117 1002
60735 1468
73844 1717
69463 1463
93466 1484
68465 1672
55252 1806
79569 1525
73004 1914
94600 1768
79034 1737
66706 1751
87995 1343
62125 1187
80930 1597
77580 1417
93197 1283
87963 1950
89326 1872
63641 1873
68122 1804
97405 1779
71423 1254
93990 1018
68652 1996
53483 1719
55593 1245
71348 1937
61873 1519
59262 1314
62432 1940
97830 1179
78081 1336
87279 1639
77658 1785
65343 1499
77360 1185
70425 1951
97871 1777
86225 1956
70908 1947
69271 1430
84158 1223
78240 1753
65539 1071
74139 1536
61305 1061
53531 1340
68278 1017
99774 1631
99215 1080
52563 1939
95519 1720
65422 1826
50256 1513
86098 1896
56593 1915
88343 1646
72809 1809
56037 1993
81407 1254
83030 1664
59551 1988
60325 1805
65064 1607
78595 1438
55715 1686
84312 1800
90638 1308
59140 1938
97387 1099
87483 1183
56596 1793
65746 1559
62344 1641
71974 1107
91277 1098
79635 1138
73671 1906
75227 1780
63023 1481
80112 1776
74359 1041
92807 1273
84979 1702
50982 1021
71863 1605
65858 1330
76115 1785
70960 1723
59717 1842
90061 1166
64121 1105
91879 1934
66985 1258
62045 1048
90089 1080
82034 1519
75363 1193
67271 1312
72097 1920
93648 1408
90626 1683
63633 1498
59082 1415
77167 1052
87177 1224
81689 1474
70596 1606
56927 1210
90145 1814
97890 1158
61496 1606
88228 1048
84349 1067
65530 1389
91202 1221
82646 1820
82505 1078
73761 1018
68143 1755
58010 1363
73853 1805
95591 1299
83268 1114
91963 1782
73201 1817
68706 1311
58819 1862
95391 1710
56756 1187
63802 1334
89664 1378
74124 1441
75461 1398
61601 1138
50813 1436
98559 1286
52009 1024
66584 1286
59762 1464
63175 1044
78583 1191
64408 1288
87474 1770
91786 1218
97980 1900
92781 1946
51329 1381
87097 1695
96042 1376
52124 1857
87477 1185
89812 1872
58676 1711
75850 1912
82587 1374
51064 1755
67423 1439
70845 1285
70348 1800
60744 1417
77018 1424
71909 1982
57231 1037
62080 1653
61884 1002
59734 1144
97042 1430
70800 1554
96602 1450
55986 1754
76771 1190
67928 1579
80821 1706
81728 1266
87199 1190
77103 1758
79169 1567
71170 1694
90435 1489
71281 1686
58969 1264
91400 1432
92144 1557
88292 1255
54784 1819
88970 1464
50860 1079
85527 1924
98342 1705
74741 1436
57283 1469
87194 1057
85391 1411
57411 1920
77886 1581
92310 1434
60420 1929
73462 1260
82288 1178
85778 1145
84221 1291
56507 1288
81963 1288
84381 1684
80754 1667
54144 1551
53343 1383
73459 1177
75083 1003
53954 1279
85933 1974
91376 1823
71540 1187
52590 1439
67610 1842
67298 1771
84019 1509
89485 1743
64827 1392
89110 1691
66066 1015
94084 1661
99197 1481
77531 1573
96386 1557
58105 1530
63889 1156
64063 1246
98530 1385
67425 1609
71594 1692
88867 1137
55565 1950
99564 1870
69954 1124
86636 1138
52961 1800
76329 1195
98003 1852
81802 1630
94163 1082
85444 1167
57948 1420
77017 1076
94415 1750
69952 1862
58289 1069
81898 1810
99416 1727
75515 1726
66972 1072
83750 1341
70374 1732
54707 1663
60559 1183
65259 1639
69821 1193
82651 1280
55764 1512
80995 1626
95228 1588
51414 1113
81057 1255
55453 1687
75841 1835
68493 1315
99861 1513
81818 1305
99856 1710
52591 1554
72120 1723
54360 1396
75929 1128
62727 1880
56602 1348
54043 1984
78723 1504
88488 1680
93798 1488
99334 1518
92357 1393
65357 1082
84974 1715
68159 1263
73882 1761
51456 1594
68639 1887
77085 1670
71474 1472
52149 1425
86629 1021
67878 1824
94892 1138
54115 1720
68356 1822
57924 1215
86695 1723
64897 1871
50028 1373
58836 1439
92099 1612
64850 1411
62408 1921
68404 1294
99448 1055
70872 1811
55207 1113
69051 1804
52877 1953
62747 1273
74390 1322
86093 1310
87298 1680
87208 1165
51298 1781
71559 1570
98063 1860
97312 1496
73679 1013
69731 1564
57756 1099
62616 1399
89976 1456
95679 1126
84577 1483
94359 1445
71533 1316
60082 1908
66725 1078
93088 1153
61452 1416
54030 1436
53489 1304
83901 1187
89990 1439
84267 1766
58690 1330
62635 1031
83400 1039
61558 1217
69277 1232
52032 1747
79270 1876
58147 1988
76232 1660
67639 1783
85107 1797
65280 1988
70023 1791
0 133 133 133 0 0 0 0 0 370 370 0 0 0 316 316 316 316 316 0 0 0 0 0 0 0 364 364 0 0 0 289 338 338 138 138 138 363 363 0 0 0 0 0 0 0 264 264 264 0
0 0 133 133 0 0 0 0 0 370 370 0 0 0 0 117 117 117 117 0 0 0 0 0 0 282 364 364 0 0 0 289 338 338 226 138 138 363 214 214 60 60 60 60 0 0 264 0 0 0
0 0 0 126 126 0 0 165 165 370 284 284 0 0 0 0 117 117 14 0 0 353 36 36 36 282 282 282 0 182 182 289 338 338 226 138 138 363 225 214 60 60 60 3 3 131 131 168 0 0
0 0 0 126 126 126 0 165 165 284 284 0 0 382 382 0 14 117 14 0 0 353 36 124 124 282 282 0 0 182 289 289 338 19 226 226 225 225 225 214 108 108 108 3 3 131 131 168 168 168
0 0 0 126 126 126 0 280 284 284 0 0 0 0 382 382 14 14 14 0 0 353 353 124 124 124 282 0 0 182 396 19 19 19 226 277 225 225 225 167 167 167 108 3 119 119 119 0 0 0
0 0 0 275 275 0 0 280 280 284 0 0 0 0 0 313 313 14 14 0 0 353 353 124 124 124 0 0 179 179 396 396 366 366 366 277 241 241 241 167 167 167 57 57 119 119 119 0 0 0
0 0 0 275 275 0 0 120 280 0 0 0 0 0 0 313 375 375 0 0 0 337 353 247 351 351 0 0 179 179 179 396 366 366 277 277 241 241 167 167 304 304 57 57 334 334 119 308 308 308
0 0 0 55 55 345 345 120 120 4 4 4 0 313 313 313 375 375 375 337 337 337 260 247 351 351 0 0 179 179 173 217 217 366 200 200 200 241 241 241 304 304 57 57 334 334 219 308 122 122
0 52 52 55 55 345 345 345 120 4 4 4 0 313 183 183 375 375 375 337 260 260 260 247 221 221 221 221 221 173 173 217 217 217 75 75 200 200 24 24 304 304 57 57 334 21 219 219 219 122
0 52 52 303 303 303 303 88 88 4 4 0 0 388 388 183 107 78 78 337 337 310 206 247 206 206 230 230 230 173 173 231 231 217 75 207 207 207 24 24 304 322 322 159 159 21 21 21 21 122
374 354 354 190 190 303 303 88 368 368 368 0 0 388 388 183 107 78 78 95 95 310 206 206 206 310 176 230 230 176 176 231 231 75 75 207 16 16 16 16 16 322 322 159 159 21 7 7 7 122
374 354 354 190 190 303 215 88 360 360 368 37 177 177 177 177 107 107 107 95 95 310 310 310 310 310 176 176 176 176 231 231 75 75 207 207 86 16 16 113 113 279 159 159 159 159 7 0 0 0
374 349 349 349 190 256 215 360 360 37 37 37 272 285 285 285 114 114 114 114 395 395 218 218 218 385 385 385 212 212 283 283 290 290 158 158 86 86 86 113 113 279 92 92 389 389 389 233 0 0
374 349 349 349 256 256 215 29 29 17 17 17 272 285 30 30 30 30 296 296 395 395 5 5 218 385 385 212 212 212 283 283 377 290 158 158 111 111 111 113 279 279 92 92 276 389 233 233 0 0
244 381 349 349 256 256 215 128 29 17 17 17 272 285 285 285 211 211 196 296 261 261 5 5 218 385 385 212 212 212 283 283 377 290 240 292 111 12 12 367 213 213 92 276 276 389 233 0 0 0
244 381 381 83 83 83 83 128 29 29 56 56 272 141 141 141 141 211 196 296 296 261 261 155 155 160 160 160 160 327 347 347 377 290 240 292 292 12 12 367 367 213 92 276 130 130 0 0 0 0
244 244 381 83 83 83 83 128 128 56 56 56 272 6 6 270 141 211 196 196 154 154 261 155 155 362 362 362 327 327 347 347 377 240 240 292 292 367 367 367 367 213 92 0 130 130 0 0 0 0
244 132 132 112 301 301 301 397 397 56 56 205 205 6 6 270 270 211 201 201 154 154 371 371 43 43 362 362 327 327 347 347 347 321 321 178 178 178 178 192 213 213 0 0 0 0 0 0 0 0
0 0 132 112 112 112 301 397 397 199 199 205 205 205 228 228 270 211 211 201 201 201 371 371 43 43 362 339 328 171 171 321 321 321 357 386 386 188 188 192 192 129 0 147 147 147 239 239 239 0
0 0 132 309 309 301 301 199 199 199 199 228 228 228 228 228 355 42 42 42 42 372 43 43 43 43 362 339 328 328 171 357 357 357 357 386 329 188 188 192 192 129 129 147 234 239 239 239 239 0
0 0 106 309 309 301 301 199 294 294 294 380 380 62 62 210 355 42 174 372 372 372 76 76 76 76 362 339 328 328 171 357 357 235 235 386 329 9 9 9 195 195 129 147 234 234 234 333 333 333
0 106 106 383 383 387 208 208 294 294 361 361 380 62 62 210 355 355 174 174 174 97 76 76 254 254 293 339 392 392 373 373 235 235 229 229 329 329 9 9 195 161 161 186 186 333 333 333 320 320
106 106 330 383 383 387 208 208 361 361 361 40 380 27 62 210 210 93 93 319 319 97 254 254 254 254 293 293 392 191 373 373 235 229 229 356 356 356 184 184 195 161 161 186 186 333 333 77 320 320
398 106 330 330 387 387 163 163 66 66 66 40 380 27 27 27 93 93 93 319 319 97 97 302 302 302 302 293 392 191 203 305 253 253 253 202 202 356 184 393 393 393 393 393 393 77 77 77 0 0
398 398 398 330 387 268 163 163 90 90 66 40 40 193 193 169 169 325 93 116 116 97 97 302 110 110 110 245 245 191 203 305 305 253 253 202 202 291 184 70 70 115 115 115 77 77 0 0 0 0
0 0 51 51 51 268 268 268 90 90 40 40 40 193 136 169 169 325 325 325 116 97 97 302 110 110 245 245 140 191 203 203 305 253 253 202 202 291 184 184 70 64 64 115 237 237 0 0 0 0
0 0 0 0 51 268 268 268 99 99 99 99 376 193 136 169 39 39 39 39 116 204 400 400 400 400 259 259 140 140 311 311 311 311 253 223 223 291 291 184 70 64 64 115 237 237 0 0 0 0
0 0 0 0 0 222 222 222 359 359 359 359 376 136 136 317 39 39 39 204 116 204 400 400 400 400 259 259 379 140 18 311 311 311 223 223 223 63 63 63 63 335 118 118 172 172 0 0 0 0
0 0 0 0 0 222 15 15 13 13 359 359 376 287 287 317 273 273 39 204 204 204 170 137 326 326 326 379 379 18 18 311 263 263 263 278 223 187 187 63 63 335 118 172 172 172 0 0 0 0
0 0 0 0 236 20 15 15 13 13 359 359 376 287 287 317 317 273 273 204 170 170 170 137 137 125 326 379 379 18 18 185 263 263 263 278 134 187 187 85 63 335 118 89 89 172 0 0 0 0
0 0 0 0 236 20 20 15 96 96 109 87 87 189 189 189 189 273 262 262 216 216 137 137 125 125 326 379 379 18 18 185 185 251 278 278 134 85 85 85 63 335 238 238 89 255 255 255 45 0
0 0 0 0 236 236 20 80 96 96 109 87 87 87 189 74 74 350 262 262 216 216 257 137 125 8 121 121 274 274 274 185 185 251 251 251 134 85 85 105 105 335 238 238 89 224 224 255 45 45
0 0 0 0 68 236 0 80 80 109 109 87 87 87 399 74 74 350 350 146 146 257 257 123 123 8 8 121 274 274 185 185 251 251 251 251 134 85 105 105 65 103 103 103 89 89 224 340 340 45
0 0 0 0 68 68 0 0 80 135 135 390 390 390 399 307 307 2 350 350 146 257 257 123 123 8 8 121 49 49 384 384 384 384 166 166 134 85 105 288 65 103 11 89 89 224 224 340 340 45
0 0 0 0 68 68 0 336 336 135 135 390 399 399 399 307 307 2 2 2 146 98 98 98 22 8 8 49 49 1 384 142 142 142 166 166 288 288 288 288 65 65 11 11 11 224 0 0 0 0
0 44 44 44 68 68 0 249 336 336 135 135 344 344 307 307 307 2 232 98 98 98 98 98 22 22 8 1 1 1 148 142 142 227 166 166 100 288 104 104 104 104 61 246 246 0 0 358 358 0
44 44 44 44 0 68 0 249 249 249 249 344 344 91 307 91 220 2 232 232 232 232 312 312 22 22 369 1 48 48 148 142 197 227 227 227 100 100 100 271 104 104 61 246 246 23 358 358 358 0
0 0 35 35 0 0 0 242 242 26 342 342 342 91 91 91 220 220 220 220 297 297 312 312 22 369 369 79 48 48 148 148 197 181 101 101 101 153 271 271 265 104 61 61 71 23 23 358 58 58
0 0 35 35 35 0 242 242 242 26 342 342 342 91 306 306 306 314 175 175 297 297 267 149 149 369 149 79 79 79 79 148 197 181 252 252 101 153 271 271 265 104 61 61 71 71 23 58 58 58
0 0 0 0 0 0 258 258 258 26 26 94 94 94 306 306 306 314 175 175 391 34 267 267 149 149 149 31 31 298 298 50 197 181 181 252 101 153 153 153 265 265 269 269 162 71 58 58 72 72
0 0 0 0 0 258 258 266 266 266 94 94 32 32 32 306 314 314 391 391 391 34 267 267 139 139 149 31 31 298 298 50 156 156 156 252 394 394 394 153 153 265 151 269 162 0 0 0 0 72
0 0 0 0 0 258 258 318 266 266 94 94 300 300 32 32 314 314 194 194 34 34 152 152 152 139 139 31 50 50 50 50 156 156 156 46 46 394 394 343 343 265 151 269 162 0 0 0 0 72
0 0 0 73 0 0 180 318 318 157 157 94 300 300 127 127 25 150 150 194 194 194 33 152 152 139 139 139 144 144 50 50 286 286 156 46 46 67 67 343 343 151 151 269 162 315 143 143 0 0
82 82 0 73 0 84 180 180 318 157 157 164 164 0 127 127 25 25 150 281 194 194 33 152 152 28 28 139 144 144 144 0 286 286 286 365 365 67 67 198 198 59 59 59 162 315 143 143 0 0
82 82 346 73 0 84 180 180 318 318 318 164 0 0 127 0 25 25 150 281 378 378 33 33 28 28 28 102 144 0 0 0 286 286 331 365 365 365 198 198 198 198 145 59 162 315 143 143 143 0
82 82 346 73 248 84 84 84 84 0 0 164 0 0 0 0 0 0 281 281 378 378 209 102 102 102 102 102 144 0 0 10 10 10 331 331 331 54 323 348 145 145 145 59 162 315 243 243 341 341
82 346 346 0 248 69 47 47 84 0 0 0 0 0 0 0 0 0 281 281 81 81 209 209 209 209 0 0 295 295 0 10 10 54 54 54 54 54 323 348 348 348 0 0 0 0 243 243 243 341
0 0 0 0 248 69 47 47 352 352 352 352 0 0 0 0 0 0 0 81 81 332 41 41 41 209 0 0 295 295 0 250 250 54 54 0 0 323 323 323 0 0 0 0 299 0 0 38 38 341
0 0 0 0 248 69 324 324 324 324 352 352 352 0 0 0 0 0 0 81 81 332 332 332 41 0 0 0 0 0 0 53 250 0 0 0 0 0 0 0 0 0 0 0 299 299 299 38 38 341
0 0 0 0 69 69 324 324 324 0 0 0 0 0 0 0 0 0 0 0 0 0 0 332 332 0 0 0 0 53 53 53 250 250 250 0 0 0 0 0 0 0 0 0 299 299 299 38 38 38
