50 400 20
73008 1595
66385 1788
58292 1933
86071 1523
93935 1541
87913 1921
56751 1892
97422 1343
62365 1057
61408 1154
86737 1832
74417 1272
54918 1091
92945 1277
79489 1373
79696 1327
62680 1000
51100 1049
99452 1914
60196 1443
50235 1801
58738 1989
87673 1014
55713 1301
85781 1139
60543 1035
56747 1980
78787 1284
58960 1565
66540 1738
64164 1092
85251 1220
75626 1454
58349 1680
98173 1328
55292 1661
83128 1412
62233 1471
89027 1573
92823 1158
61845 1443
87706 1682
83349 1210
87236 1713
51507 1300
97903 1219
94359 1352
56307 1366
82599 1379
84745 1335
74400 1817
70339 1228
72791 1098
94249 1590
90060 1734
85647 1893
91547 1650
77270 1606
62964 1722
95790 1360
91422 1270
51574 1087
87367 1476
66040 1242
96138 1815
68677 1345
86273 1443
78066 1797
77986 1134
88220 1221
64560 1777
82601 1690
67164 1338
54028 1692
94511 1332
72161 1205
80104 1504
68974 1058
66743 1162
69441 1274
79099 1292
68784 1461
51623 1784
70512 1205
91791 1678
99759 1342
95707 1224
85793 1947
66546 1434
84386 1049
53384 1996
64850 1270
69632 1650
61628 1544
57247 1465
63520 1797
87976 1794
72772 1155
81251 1083
88467 1232
61917 1244
71283 1670
62305 1529
68216 1584
85971 1758
57760 1742
55730 1061
67784 1413
96330 1659
68356 1909
68566 1913
97762 1587
87704 1915
75989 1792
50010 1510
70979 1887
83248 1477
79714 1835
95069 1913
98631 1957
50424 1549
68971 1702
86244 1622
80799 1240
83946 1420
99749 1410
53210 1850
88445 1555
76839 1121
81134 1532
55723 1862
70073 1776
60233 1075
92859 1178
58691 1822
76340 1158
95300 1105
68256 1401
68769 1288
81388 1250
96491 1413
94997 1078
65784 1967
99504 1337
95536 1642
94558 1944
64651 1034
83379 1170
54405 1532
70809 1819
91200 1459
70270 1340
98127 1250
52995 1033
96264 1172
68233 1325
95842 1180
64490 1821
91279 1216
77859 1179
72843 1859
53135 1722
78400 1007
89343 1314
71668 1307
61547 1543
95185 1285
69625 1630
81123 1819
77527 1030
61280 1137
72397 1853
79495 1598
98173 1039
57100 1794
67732 1148
68532 1975
74777 1654
82419 1525
56416 1655
57715 1868
75103 1511
56101 1748
69459 1159
75690 1822
97108 1843
62963 1254
57675 1968
86643 1489
77658 1013
80217 1985
78242 1327
64181 1547
55246 1828
74122 1509
51365 1342
61948 1740
70289 1212
84642 1274
70124 1763
98994 1400
79545 1533
99929 1303
68543 1509
95754 1911
91135 1765
71361 1490
89525 1345
72033 1236
61701 1751
98109 1360
51717 1994
78788 1980
82352 1808
72747 1966
97948 1720
50561 1763
66662 1504
69347 1914
99543 1330
78369 1314
98018 1541
70151 1455
62604 1324
58869 1215
97235 1152
73978 1172
92109 1402
92168 1635
59394 1687
97143 1827
94815 1619
54815 1285
91147 1988
98561 1661
81919 1967
57115 1803
95685 1686
54372 1003
60644 1918
63911 1606
60821 1932
51413 1574
82038 1078
53713 1413
92845 1595
72642 1966
82284 1911
86542 1501
87362 1269
73929 1138
97636 1127
93784 1686
91879 1583
86287 1794
54907 1344
93163 1305
61437 1023
95948 1190
83872 1797
92029 1501
58735 1424
87051 1431
99677 1536
64621 1625
69471 1825
85032 1703
85375 1907
57987 1426
84336 1642
79932 1132
87318 1720
80441 1903
91803 1642
86687 1130
52281 1825
86543 1429
61787 1466
91295 1377
87068 1939
62379 1618
57565 1114
60839 1851
54361 1128
66864 1527
55446 1924
84520 1914
98632 1049
53774 1451
98095 1469
71484 1809
51658 1993
99953 1294
78935 1744
61316 1572
66339 1935
57500 1349
56528 1957
64871 1499
92994 1973
97860 1379
95129 1824
53216 1769
56553 1161
55295 1219
71998 1354
87416 1670
97999 1706
86142 1988
77655 1025
96950 1514
79102 1936
86973 1702
71259 1900
68249 1412
96862 1632
79777 1018
88773 1767
92626 1734
63866 1932
90007 1819
72491 1864
60556 1760
55065 1798
94924 1475
65556 1845
97339 1135
97626 1641
80860 1938
71363 1215
51084 1490
73107 1058
50779 1062
62303 1371
87910 1437
71617 1996
94205 1057
90722 1919
65687 1077
99974 1090
67856 1360
55601 1291
98826 1370
52407 1403
64184 1998
54884 1806
51023 1517
84456 1585
59693 1332
73871 1593
57266 1690
94876 1836
86306 1996
62222 1657
67800 1785
83357 1676
91347 1748
53036 1186
92332 1021
65897 1605
54809 1341
55364 1659
96223 1726
85442 1034
71237 1419
85771 1629
54307 1912
65910 1293
94769 1386
86262 1416
55629 1541
72913 1302
83015 1922
92685 1675
84227 1212
85037 1324
99066 1785
53223 1001
96110 1236
99462 1125
99380 1402
73983 1026
93184 1316
87563 1582
68333 1918
80248 1481
78125 1571
60107 1458
89198 1554
81309 1763
50156 1710
53053 1563
73048 1565
61873 1410
70851 1903
70085 1570
66399 1396
86079 1083
69070 1305
52757 1910
0 0 295 295 0 0 0 0 364 364 332 332 0 0 248 248 248 330 330 330 330 305 305 0 0 46 46 46 0 0 0 0 26 284 284 284 0 0 0 0 388 388 335 0 0 0 0 208 208 0
0 32 295 295 0 0 0 0 364 364 332 332 0 0 0 248 248 330 239 323 323 305 0 0 0 46 46 46 0 0 26 26 26 16 16 284 189 189 0 0 388 132 335 335 335 335 0 0 208 0
0 32 32 32 0 0 0 0 364 0 0 0 0 0 7 248 248 391 239 323 323 305 0 206 137 137 46 0 0 120 26 26 26 16 16 24 189 189 250 250 132 132 0 0 0 0 0 208 208 0
267 267 32 32 0 0 0 0 364 0 0 0 196 0 7 7 7 391 239 239 239 305 0 206 137 137 46 120 120 120 365 365 365 127 127 24 24 311 250 250 132 132 0 0 0 0 0 357 357 0
267 267 0 3 3 0 0 11 11 133 196 196 196 196 7 7 7 391 391 239 239 327 327 206 229 229 229 354 354 184 184 184 365 127 127 127 24 311 311 311 311 311 0 0 0 0 0 357 357 0
0 0 0 3 3 0 11 11 263 133 110 110 292 292 236 236 7 260 260 327 327 327 206 206 229 278 278 354 184 184 184 184 288 288 288 288 328 328 0 0 0 0 0 0 0 0 116 116 116 116
0 0 227 227 227 227 83 83 263 133 133 110 292 180 180 236 236 260 260 327 327 327 381 381 278 278 278 354 192 192 192 375 375 375 375 288 328 328 167 167 167 167 0 0 0 0 269 269 269 301
0 0 0 227 227 227 83 83 263 262 262 110 292 292 180 180 236 71 260 61 61 61 233 381 278 278 278 354 354 192 192 79 79 79 108 108 34 34 34 167 167 0 0 0 0 0 269 269 269 301
0 0 0 0 0 0 83 83 263 262 262 5 5 5 293 71 71 71 119 61 61 61 233 381 121 121 121 121 42 42 79 79 79 79 108 108 34 169 265 265 336 336 336 0 0 126 126 126 301 301
0 0 0 334 0 0 57 57 57 57 262 5 5 5 293 98 98 119 119 378 378 233 233 121 121 173 173 173 173 42 42 254 254 169 169 169 169 169 265 265 20 336 336 0 0 126 126 321 321 321
0 0 0 334 334 93 93 57 57 57 148 148 148 293 293 98 98 119 378 378 378 194 194 194 194 314 136 136 173 325 325 254 254 81 81 287 169 169 265 265 20 20 20 0 0 126 0 0 321 321
0 0 334 334 334 93 93 27 27 27 27 148 148 293 293 293 257 257 257 257 307 194 194 194 194 314 136 136 346 325 325 235 235 81 81 287 287 0 0 0 0 0 0 0 86 86 0 0 139 139
0 0 0 0 92 92 92 92 27 27 27 356 281 281 281 181 181 181 125 125 307 307 342 342 314 314 314 346 346 103 103 235 235 235 287 287 287 234 385 0 0 113 113 302 86 86 0 0 0 139
0 0 163 163 246 246 246 277 277 277 356 356 281 281 281 281 181 125 125 125 307 307 342 342 28 28 28 346 346 103 103 99 99 99 99 99 234 234 385 0 0 0 113 302 0 0 0 69 69 139
0 0 163 163 246 246 246 277 102 102 356 356 243 243 243 181 181 15 125 125 230 230 230 205 28 28 28 95 95 95 154 154 154 213 99 99 234 234 385 385 385 302 113 302 0 140 140 69 69 69
0 163 163 163 163 306 306 306 102 102 341 341 243 243 243 243 331 15 125 15 230 230 205 205 28 222 222 95 159 159 154 213 213 213 99 0 0 0 385 385 385 302 302 302 0 140 140 0 0 0
0 0 0 0 0 247 247 306 102 102 341 341 55 96 96 243 331 15 15 15 219 230 205 118 28 118 222 95 159 159 304 304 393 393 393 142 0 0 0 0 0 0 0 0 0 0 0 0 0 0
0 0 0 0 147 147 247 247 223 223 117 117 55 55 96 96 331 15 15 183 219 77 77 118 118 118 222 159 159 159 304 304 393 393 393 142 142 0 70 70 70 345 345 0 0 0 0 0 36 0
0 0 0 147 147 247 247 261 261 223 22 117 117 55 55 331 331 331 183 183 219 77 77 211 211 211 91 195 195 195 195 304 377 377 377 142 142 0 273 273 70 345 345 266 266 0 0 0 36 0
0 0 0 84 84 247 261 261 261 223 22 353 353 353 55 361 361 183 183 183 219 219 211 211 211 91 91 204 4 4 259 259 377 377 377 142 142 142 273 273 70 394 394 266 266 266 0 0 36 0
0 0 0 84 84 395 89 89 22 22 22 1 1 353 353 29 361 56 56 188 188 252 252 252 252 91 91 204 4 4 259 259 377 377 297 297 297 273 273 363 258 394 48 266 266 191 0 0 36 0
172 172 172 172 395 395 89 89 251 220 220 1 1 256 29 29 361 56 56 188 188 252 252 252 252 197 204 204 203 203 259 259 122 122 270 297 297 297 273 363 258 394 48 191 191 191 0 0 36 231
0 172 172 172 395 85 251 251 251 220 256 256 256 256 29 52 56 56 309 188 188 188 188 197 197 197 204 203 203 320 320 320 122 122 270 270 270 270 273 363 258 258 48 48 0 0 0 231 231 231
0 41 41 41 395 85 85 310 310 220 155 155 155 155 224 52 56 56 309 316 316 316 344 344 329 329 329 203 50 50 50 320 320 320 270 270 209 253 207 363 386 386 386 386 51 0 0 109 231 231
0 41 66 66 85 85 68 310 310 310 310 150 150 298 224 52 52 52 309 316 100 100 344 344 344 329 54 54 60 60 50 53 320 320 209 209 209 253 207 363 207 207 212 212 51 51 51 109 231 0
0 41 66 66 68 68 68 310 177 177 150 150 150 298 224 224 379 309 309 214 100 100 366 366 317 329 329 54 54 60 60 53 53 53 209 160 253 253 207 207 207 207 212 212 212 212 212 109 109 0
216 41 380 66 135 135 135 177 177 177 150 150 298 298 379 379 379 309 104 214 214 104 366 317 317 18 201 54 54 54 60 53 53 160 160 160 176 253 43 43 397 397 212 97 97 129 129 129 0 0
216 216 380 66 135 135 282 94 94 387 387 150 145 145 145 40 285 285 104 214 214 104 366 317 317 18 201 201 201 242 242 53 53 105 105 105 176 176 43 43 397 397 97 97 179 179 179 129 0 0
13 216 380 380 0 0 282 94 94 387 387 347 347 245 145 40 285 285 104 104 104 104 317 317 317 18 18 201 201 242 242 242 319 319 105 105 176 176 90 397 397 199 199 199 199 179 179 268 268 0
13 13 0 0 0 0 282 282 392 392 347 347 347 245 40 40 165 165 185 115 115 115 115 152 152 202 202 202 201 156 156 217 319 240 276 276 90 90 90 397 397 199 199 199 199 268 268 268 268 0
13 13 0 0 0 0 0 0 392 392 392 245 245 245 315 315 165 165 185 185 348 367 152 152 152 367 202 202 390 156 156 217 319 240 276 276 90 291 291 291 399 399 49 49 67 67 38 38 268 0
0 0 0 0 0 0 0 0 37 226 226 245 271 271 10 315 315 165 255 185 348 367 367 367 367 367 294 390 390 128 217 217 217 240 90 90 90 244 244 291 399 399 49 49 67 67 38 38 0 0
0 0 58 0 0 33 33 37 37 37 226 226 271 271 10 78 78 165 255 255 348 348 370 370 370 294 294 390 390 128 217 217 80 240 187 187 244 244 244 244 399 399 49 44 44 67 67 0 0 0
9 0 58 58 58 58 33 33 362 37 226 226 10 10 10 78 78 25 25 255 131 131 370 370 338 294 368 368 390 128 80 80 80 2 187 187 244 300 300 300 389 389 389 389 44 337 398 0 0 0
9 0 350 350 350 350 33 362 362 226 226 313 313 10 63 63 171 25 25 131 131 370 370 370 338 372 372 368 368 128 2 2 2 2 124 187 124 73 300 300 389 389 389 389 44 337 398 0 0 238
9 9 9 101 101 101 101 362 362 151 151 313 313 82 63 171 171 25 275 131 322 322 338 338 338 19 372 372 130 130 2 264 264 124 124 124 124 73 279 279 157 157 337 337 337 337 398 398 398 238
0 0 396 396 303 303 303 76 76 151 151 151 151 82 63 171 171 275 275 322 322 340 340 144 338 19 19 19 130 215 215 264 264 249 249 124 73 73 279 279 157 157 274 274 382 382 382 111 398 238
0 0 396 396 303 35 303 76 76 76 39 39 39 82 82 400 400 275 107 107 107 340 340 144 144 144 144 19 130 215 225 225 225 249 249 249 249 158 17 17 17 17 274 274 382 358 382 111 398 238
0 0 193 193 193 35 35 35 76 76 39 39 153 82 174 174 400 290 290 107 107 340 340 144 144 376 376 170 170 215 225 225 225 249 249 158 158 158 17 17 17 369 369 358 358 358 111 111 0 0
31 31 193 21 21 114 114 45 153 153 153 153 153 62 174 174 400 290 290 143 143 143 340 144 272 376 376 170 170 312 312 221 198 198 198 198 198 296 296 296 17 369 369 358 358 87 87 87 0 0
31 31 21 21 114 114 45 45 12 12 153 62 62 62 174 174 174 290 290 290 143 143 272 272 272 228 228 228 312 312 221 221 221 221 182 383 383 296 0 296 324 324 324 324 324 87 87 241 0 0
31 31 21 21 14 45 45 6 12 12 62 62 0 74 74 74 343 343 343 290 308 308 351 351 228 228 166 166 312 312 8 8 8 221 182 383 383 149 0 296 324 280 280 324 241 241 241 241 175 175
72 72 72 72 14 14 45 6 12 12 360 62 0 74 74 74 74 343 343 190 308 308 351 371 228 59 59 166 166 283 283 283 8 182 182 149 149 149 0 134 134 280 280 324 241 241 241 112 112 175
168 168 168 65 14 14 45 6 384 12 360 360 0 64 64 373 373 373 373 190 190 351 351 371 228 0 59 59 283 283 283 352 352 359 359 359 359 0 0 134 134 200 200 210 210 210 210 112 175 175
168 23 65 65 355 355 355 6 384 12 360 360 0 0 64 64 289 289 373 373 190 371 371 371 371 0 59 59 283 88 283 352 352 359 359 0 0 0 0 134 200 200 75 318 318 112 112 112 0 349
23 23 65 123 355 355 146 146 384 384 384 0 0 0 0 64 64 289 326 326 326 326 371 161 161 0 141 141 141 88 88 88 88 359 359 0 0 0 0 75 75 75 75 318 318 0 0 0 0 349
23 23 0 123 123 123 146 146 218 0 384 0 0 289 289 289 289 289 138 138 326 326 47 161 161 0 232 232 141 88 286 286 0 0 30 30 0 0 0 299 299 299 299 0 0 0 0 349 349 349
164 23 0 0 0 0 218 218 218 0 0 0 0 0 333 333 333 333 138 138 162 162 47 161 161 0 232 232 141 286 286 0 0 0 30 30 186 0 0 0 0 0 0 0 0 0 0 0 374 374
164 164 164 0 0 0 178 178 106 0 0 106 0 0 0 0 333 339 339 339 162 162 47 237 237 0 232 232 232 0 0 0 0 0 30 186 186 0 0 0 0 0 0 0 0 0 0 0 374 374
0 0 0 0 0 0 178 178 106 106 106 106 0 0 0 339 339 339 162 162 162 162 47 237 237 0 0 0 0 0 0 0 0 0 0 0 186 186 0 0 0 0 0 0 0 0 0 0 0 0
