50 400 20
56989 1821
83491 1666
87355 1827
85264 1423
85327 1725
74629 1616
99712 1709
80952 1758
96526 1704
88280 1425
93303 1835
94424 1908
77136 1688
58407 1166
75742 1369
77217 1453
83291 1176
57130 1356
54782 1465
60740 1148
81711 1206
75980 1140
59284 1317
94073 1024
53712 1546
54707 1566
80457 1708
67313 1193
92129 1001
68542 1241
61408 1356
66177 1026
97367 1080
70471 1840
82296 1916
62764 1732
93052 1303
99203 1363
83781 1394
76742 1166
83787 1826
68778 1832
52053 1021
65005 1487
50703 1138
80946 1521
99559 1657
58378 1278
90242 1443
80327 1865
50535 1629
50373 1936
57759 1758
70753 1213
69305 1746
69509 1581
65289 1182
74425 1547
80115 1805
51754 1196
55745 1448
83431 1733
88925 1360
84366 1041
73769 1960
60397 1867
58900 1266
67031 1662
90677 1253
71595 1043
58215 1306
88459 1601
79729 1135
70838 1261
94804 1579
59594 1056
59513 1251
84122 1643
70150 1744
60796 1307
61151 1186
60756 1202
84205 1239
73005 1515
74121 1969
82012 1198
73778 1309
93600 1816
61109 1345
74573 1842
66159 1056
50798 1862
95168 1856
59366 1969
66961 1095
60388 1529
57087 1715
94791 1095
77967 1356
94074 1721
86728 1835
84504 1272
77117 1277
70042 1443
55157 1565
99902 1743
94693 1313
55237 1964
79715 1046
95586 1517
62784 1755
59110 1363
73540 1788
59488 1048
56059 1741
75131 1109
74745 1904
96798 1856
81632 1104
72797 1055
68292 1069
99002 1966
66464 1730
53009 1780
71596 1546
54744 1732
68084 1181
60722 1216
87985 1917
91890 1645
91736 1112
72072 1515
58437 1650
59108 1884
61244 1361
65201 1787
57349 1077
85489 1568
79356 1316
50389 1280
69920 1311
91928 1103
75972 1060
78621 1471
98896 1968
77618 1155
66167 1365
86834 1889
65781 1960
60539 1782
73262 1976
63966 1273
72208 1879
68724 1331
66131 1589
97253 1653
93062 1782
76729 1341
64041 1648
51457 1761
86342 1301
90255 1616
65944 1262
94884 1703
70414 1592
78258 1465
73248 1035
63873 1075
85070 1101
56301 1836
74953 1128
66965 1620
55411 1708
97219 1167
82199 1652
53269 1130
66739 1128
53501 1469
94633 1081
78529 1892
66921 1235
88986 1524
72173 1182
62541 1066
88987 1123
70669 1134
50133 1513
93628 1537
86852 1940
72444 1066
82089 1897
84679 1488
72106 1539
95742 1889
50320 1347
85777 1452
93016 1352
89094 1903
97691 1464
97198 1680
63707 1028
60987 1406
58147 1438
90416 1762
58937 1957
59235 1945
75219 1779
73727 1969
88336 1032
71978 1373
72153 1397
53081 1999
55084 1954
99565 1573
86216 1777
86053 1500
77888 1464
94706 1856
93925 1372
51145 1884
88611 1930
69097 1004
56742 1839
72193 1800
90293 1924
65641 1220
96098 1021
87971 1243
75547 1784
65647 1950
84226 1786
99191 1908
94671 1422
76761 1795
93433 1639
94709 1783
85281 1151
93778 1260
52381 1812
71704 1197
62017 1978
61295 1008
68683 1997
76368 1691
64048 1269
52626 1318
67135 1788
77034 1090
75943 1192
68906 1478
52086 1471
62183 1499
97333 1163
55757 1983
92396 1204
98945 1001
83869 1833
52057 1277
83173 1943
64454 1127
53874 1706
53600 1701
70095 1161
95873 1792
53892 1304
64260 1513
62835 1560
99482 1969
99002 1789
81346 1247
50088 1415
61182 1980
95754 1923
92137 1101
75272 1232
77788 1526
79431 1207
70467 1064
92993 1773
89262 1180
60055 1357
52903 1909
68014 1290
63549 1071
56270 1499
95926 1118
78256 1689
83148 1940
67822 1848
91043 1529
50009 1594
95853 1473
57202 1973
62484 1939
96224 1490
88951 1518
72512 1225
66173 1683
80600 1434
59622 1522
56238 1815
76740 1880
50241 1584
95717 1871
96047 1410
72642 1634
66130 1142
95621 1750
84675 1514
66871 1259
88092 1758
90216 1323
51769 1928
70951 1945
79104 1781
90455 1082
81799 1487
97307 1277
66362 1674
60131 1599
55605 1311
80528 1442
68028 1312
84030 1231
67891 1657
89912 1616
88305 1035
67609 1247
69415 1991
92860 1039
69765 1568
84945 1818
57976 1490
80412 1666
87012 1332
80273 1423
65094 1266
71472 1537
86267 1982
75741 1907
73842 1607
79349 1693
51003 1943
76511 1286
58354 1272
85725 1458
69141 1009
78471 1025
86645 1740
88667 1791
99497 1629
50731 1958
71972 1268
73382 1555
97760 1560
56681 1010
94113 1921
81222 1185
84553 1321
97184 1671
50446 1411
77244 1604
84237 1518
83448 1859
79536 1020
94885 1006
75462 1639
66440 1082
75890 1333
59781 1496
86476 1054
71252 1028
99780 1090
85198 1385
87940 1959
53312 1712
90912 1803
76576 1598
79143 1297
88276 1272
63946 1482
53524 1560
86017 1050
97656 1234
67703 1712
63274 1231
96245 1288
65683 1644
83556 1702
59418 1447
56377 1478
53539 1228
92103 1137
78027 1322
76032 1157
75790 1565
67123 1224
69518 1855
58459 1700
86102 1757
0 112 112 112 274 115 115 115 115 115 259 259 259 0 0 0 0 0 0 0 0 366 0 0 133 133 0 0 0 384 384 384 0 0 0 233 233 233 48 122 122 122 344 344 344 0 0 0 0 0
0 0 0 112 274 274 377 377 259 259 259 259 259 0 0 0 0 0 0 0 0 366 366 0 0 133 133 0 0 356 356 384 56 56 0 233 233 233 48 122 122 122 190 344 344 0 0 0 0 0
0 143 45 194 194 274 377 104 105 105 244 244 0 0 360 360 0 0 185 0 0 0 366 0 0 0 199 199 356 356 50 50 56 56 56 135 135 48 48 372 372 122 190 190 0 0 0 316 0 0
0 143 45 194 194 377 377 104 105 105 244 244 0 360 360 360 0 0 185 0 178 178 366 0 0 0 199 199 356 356 165 50 50 50 56 135 127 48 48 372 372 372 372 190 0 0 0 316 316 316
0 143 45 45 45 377 110 104 47 105 276 0 0 360 0 0 0 0 185 178 178 178 366 155 155 155 155 155 148 148 165 165 165 165 174 135 127 48 372 372 33 33 317 317 317 86 0 355 355 355
0 143 382 0 0 377 110 104 47 105 276 276 1 1 202 202 9 9 185 185 96 353 353 90 90 148 148 148 148 304 304 304 304 165 174 174 127 127 127 127 33 319 319 319 317 86 86 355 355 355
382 382 382 0 177 177 110 110 47 67 276 1 1 183 202 202 9 386 386 96 96 353 353 90 258 258 334 227 227 304 304 304 169 165 174 174 174 33 33 33 33 319 319 319 317 86 86 355 220 64
0 0 0 0 177 177 110 110 47 67 276 183 183 183 147 147 9 386 96 96 25 140 140 90 258 258 334 227 227 295 295 62 169 169 169 169 184 184 283 283 251 251 37 37 37 37 86 220 220 64
0 209 209 209 177 273 273 110 47 67 183 183 380 380 147 147 9 386 131 128 25 140 140 324 324 334 334 227 227 295 295 62 62 62 62 62 175 184 283 283 54 251 251 81 81 81 86 220 64 64
0 0 209 177 177 273 374 73 73 67 211 211 380 380 147 147 9 342 131 128 25 25 25 324 324 334 101 101 369 369 369 369 62 117 117 117 175 184 19 19 54 281 281 66 66 81 64 64 64 0
0 0 209 2 2 273 374 39 73 73 73 211 211 147 147 342 9 342 131 128 128 25 83 83 83 83 101 101 369 369 369 369 117 117 117 175 175 19 19 19 54 281 216 66 279 0 0 0 0 0
0 0 240 2 2 273 374 39 73 73 103 103 211 357 357 342 342 342 131 330 330 330 351 351 351 83 265 265 265 4 4 4 364 364 397 397 397 138 138 138 54 281 216 66 279 279 0 0 0 0
0 272 240 240 240 273 374 39 39 39 103 237 43 43 357 357 291 114 114 114 114 330 351 150 265 265 265 10 10 10 10 4 364 364 397 282 282 138 35 138 222 222 216 216 279 279 63 63 63 0
272 272 240 240 240 70 70 358 358 358 103 237 43 43 294 357 291 291 291 119 241 150 150 150 320 265 265 10 10 99 10 4 4 30 282 282 282 35 35 296 296 222 222 222 172 63 63 0 0 0
272 272 240 146 146 70 70 358 163 163 163 237 237 294 294 357 357 119 119 119 241 241 150 150 320 320 320 320 320 99 99 30 30 30 282 282 282 35 280 280 296 222 222 160 172 172 172 0 0 0
272 272 146 146 146 70 358 358 163 163 163 163 237 294 301 301 228 228 228 228 201 241 234 234 368 368 368 320 320 99 99 326 225 225 158 158 158 158 158 280 296 0 393 160 160 91 91 0 0 0
311 311 146 146 167 76 76 206 206 301 301 301 301 301 301 256 176 176 207 207 201 201 234 368 368 368 288 288 288 69 69 326 225 225 22 22 94 0 0 280 254 0 393 393 160 91 91 0 0 0
311 311 311 146 167 76 76 206 77 198 198 198 198 256 256 256 284 176 207 201 201 201 234 234 361 368 141 141 288 69 326 326 305 225 22 94 94 0 0 254 254 0 0 393 0 0 0 0 0 0
8 8 8 8 167 46 46 206 77 198 198 198 256 256 256 256 284 176 207 322 201 264 264 17 361 141 141 141 141 69 305 305 305 305 95 94 263 263 0 254 0 0 0 18 18 0 0 0 0 0
8 8 8 0 167 46 46 278 77 77 149 149 219 219 219 284 284 176 176 322 201 264 264 17 361 271 271 116 116 51 51 51 375 375 95 94 200 263 0 0 0 0 0 0 18 266 266 0 0 0
0 0 0 0 0 278 278 278 77 149 149 149 87 87 219 219 321 321 322 322 264 264 17 17 361 271 271 116 116 51 51 51 375 375 95 95 200 263 263 315 0 0 0 0 18 266 266 204 204 0
210 210 0 0 0 278 278 278 179 179 292 292 292 87 87 87 321 321 322 322 230 230 230 269 269 269 269 145 145 145 191 191 375 375 217 95 200 109 109 315 124 0 0 0 0 0 0 204 204 204
12 210 0 0 0 0 40 179 179 179 292 292 292 111 87 87 321 321 322 74 74 74 230 34 269 243 269 290 290 145 191 191 359 217 217 200 200 109 109 315 124 247 247 0 0 0 0 0 0 0
12 210 118 392 392 40 40 23 23 346 346 111 111 111 87 321 321 212 322 74 74 74 34 34 243 243 290 290 260 260 191 191 359 359 359 359 359 359 315 315 124 388 247 247 0 0 0 0 0 0
12 12 118 392 392 40 262 23 23 346 346 249 111 111 270 270 52 212 212 212 325 325 34 34 243 243 290 290 121 260 260 191 323 323 65 65 293 293 315 315 124 388 29 29 29 0 0 0 0 0
341 118 118 0 395 395 262 262 329 329 329 249 249 249 270 270 52 52 27 27 325 325 303 337 337 231 231 290 121 121 121 121 323 323 65 65 293 293 336 336 336 388 388 388 29 0 0 0 0 0
341 341 341 0 395 395 262 262 329 329 249 249 352 352 270 270 52 61 61 27 27 27 303 303 337 231 231 72 72 72 257 257 26 26 182 182 129 129 336 336 336 226 162 162 162 162 0 0 0 275
0 0 0 0 0 0 262 187 329 236 249 352 352 352 14 270 52 61 61 27 27 27 303 303 337 337 337 72 286 286 257 399 26 26 182 182 129 129 159 159 226 226 82 82 162 0 0 275 275 275
11 11 0 0 0 0 0 187 363 236 249 352 14 14 14 270 52 59 59 59 339 339 339 339 387 387 347 347 286 286 257 399 26 182 182 157 157 157 159 156 226 82 82 82 162 0 0 0 0 153
11 11 139 139 0 0 0 187 363 236 236 236 164 164 350 130 130 59 327 327 339 339 339 36 387 387 347 347 41 41 41 399 181 181 157 157 289 189 159 156 226 226 44 44 44 0 0 153 153 153
0 11 139 139 71 71 0 187 363 137 236 188 164 164 350 350 130 130 130 327 327 327 327 36 314 314 132 41 41 41 41 399 181 181 192 289 289 189 156 156 226 226 44 44 0 0 153 153 5 120
0 0 139 139 71 71 0 0 363 137 252 188 164 340 350 350 350 130 130 396 396 36 36 36 314 132 132 144 144 144 171 171 389 389 192 289 289 189 156 113 113 113 44 44 333 49 49 5 5 120
0 0 139 139 126 126 126 7 7 137 252 188 188 340 340 340 350 130 396 396 396 36 36 36 314 132 132 93 93 144 171 171 389 389 192 362 362 189 156 113 242 242 242 242 333 49 49 5 120 120
0 0 136 136 126 126 239 7 7 137 252 252 42 42 42 42 42 232 232 306 306 400 400 84 84 132 93 93 308 308 308 389 389 389 192 362 193 193 242 242 242 242 379 379 333 68 68 0 0 0
0 0 136 136 136 126 239 239 239 299 285 285 60 38 38 42 232 232 306 306 306 400 400 161 84 84 93 365 308 308 308 75 75 75 343 362 193 193 248 248 248 248 379 379 333 333 68 0 0 0
0 0 0 136 136 318 239 239 239 299 285 285 60 38 38 97 97 97 338 373 373 373 373 161 365 365 365 365 308 214 214 75 75 75 343 343 186 186 248 253 16 16 16 333 333 68 68 391 391 0
0 0 0 0 318 318 381 381 299 299 285 60 60 79 300 97 97 97 338 373 373 58 58 161 161 161 161 268 268 214 214 214 75 261 261 343 186 186 248 253 16 16 16 16 0 0 68 391 391 0
0 0 0 0 318 318 381 381 299 299 285 245 245 79 300 309 309 97 338 338 58 58 58 58 267 267 161 268 268 107 307 307 307 261 261 250 24 277 277 253 170 371 371 371 371 0 0 32 32 0
0 0 0 0 255 318 310 310 299 299 285 245 245 79 300 309 309 196 390 390 390 390 58 58 267 267 3 268 268 107 307 307 302 302 261 250 24 24 277 253 170 371 85 85 85 0 32 32 32 0
0 0 345 345 255 310 310 310 197 197 197 213 213 79 300 196 196 196 390 390 390 15 15 205 205 205 3 268 107 107 107 307 302 302 261 250 24 24 277 253 170 85 85 85 85 0 0 0 0 0
0 0 345 345 255 125 125 125 197 197 213 213 213 154 154 154 154 100 100 100 15 15 205 205 205 3 3 107 107 168 168 53 53 0 250 250 0 277 277 277 170 85 224 224 224 215 31 0 0 0
0 221 78 78 255 125 383 383 398 398 213 213 88 154 154 154 108 108 100 100 376 376 354 354 354 385 385 385 28 168 168 53 53 0 0 0 0 335 335 277 394 394 224 224 224 215 31 0 0 0
0 221 78 78 332 125 383 383 398 398 13 88 88 134 134 134 108 108 100 100 246 376 376 376 354 385 349 349 28 378 378 378 378 0 0 0 0 335 335 394 394 394 208 224 224 215 31 31 287 287
0 221 78 78 332 332 332 13 13 13 13 88 88 0 134 134 108 0 0 0 246 92 92 92 367 367 349 349 28 28 378 152 152 0 0 203 203 203 203 203 348 348 208 208 208 215 180 180 287 287
331 221 0 0 332 332 332 13 13 13 173 0 88 0 0 0 0 0 246 246 246 92 367 367 367 367 349 349 28 28 152 152 80 0 0 0 0 0 203 203 348 348 297 297 208 208 180 180 180 287
331 331 0 0 332 0 0 0 173 173 173 0 0 0 0 0 0 0 0 0 0 89 89 106 313 313 313 123 123 28 57 57 80 0 0 0 0 0 0 0 0 297 297 142 142 208 102 102 180 287
0 331 331 0 0 0 166 166 166 166 370 370 0 0 0 0 0 0 0 0 0 89 89 106 106 313 313 123 123 57 57 80 80 21 21 0 0 0 0 0 0 0 142 142 142 55 102 102 287 287
0 0 0 0 298 298 20 20 20 98 370 370 0 0 0 0 0 0 0 0 195 195 195 106 106 313 313 218 229 229 229 80 0 21 21 0 0 0 0 0 55 55 55 55 55 55 102 223 223 223
0 0 0 0 298 298 20 6 6 98 98 98 238 312 312 0 0 0 0 0 0 0 195 0 0 0 0 218 218 218 229 0 0 0 328 328 235 235 235 0 0 151 151 0 0 0 0 0 223 223
0 0 0 0 298 298 298 6 6 238 238 238 238 312 312 0 0 0 0 0 0 0 195 0 0 0 0 218 218 218 218 0 0 0 328 328 235 235 235 0 0 151 151 0 0 0 0 0 223 223
