50 400 20
77708 1006
53653 1230
67568 1862
56668 1935
91949 1261
97366 1489
78716 1236
92343 1434
69124 1795
68913 1504
82155 1515
65331 1756
52293 1833
94419 1014
87786 1739
68418 1951
78687 1740
96894 1903
50938 1340
92728 1470
81983 1858
51422 1732
91695 1407
70656 1538
51118 1958
79701 1562
82315 1912
83256 1062
76897 1896
52602 1518
89882 1610
77824 1348
90704 1955
62381 1475
95042 1123
62444 1049
85338 1410
80584 1760
56694 1366
56719 1460
84582 1734
58050 1973
79293 1083
64034 1246
54119 1139
73377 1301
99134 1731
96712 1471
72617 1166
84239 1199
55807 1679
92592 1007
87377 1821
96618 1047
74484 1898
81314 1576
65510 1826
75274 1192
62798 1310
85636 1665
81312 1945
68859 1770
97160 1531
58726 1657
73466 1287
64414 1355
62571 1752
92671 1325
71519 1726
62746 1911
65657 1817
65447 1078
67118 1894
56242 1148
96165 1334
75694 1299
63545 1969
53386 1056
58875 1870
86909 1624
74271 1782
84086 1350
84170 1918
74095 1439
65178 1978
80794 1135
69143 1140
82254 1564
75357 1343
66947 1952
94365 1380
55179 1732
50257 1633
90796 1790
72891 1836
92984 1408
90397 1055
89454 1051
82244 1464
56038 1373
71553 1847
96480 1546
98810 1150
79381 1217
67093 1028
77517 1194
87203 1798
83580 1317
57645 1960
53007 1765
54005 1594
55108 1627
86440 1382
61168 1547
87167 1291
63110 1494
59449 1036
68531 1662
93143 1132
87211 1760
75841 1123
84271 1328
64224 1731
56599 1974
96705 1258
96982 1153
73666 1133
87333 1614
62624 1292
77804 1708
55622 1716
96342 1118
70633 1796
61168 1874
63956 1808
50802 1883
99873 1865
92910 1716
83057 1571
81151 1174
69591 1507
58797 1379
89617 1285
94481 1190
51495 1309
55355 1325
57979 1477
68662 1336
87025 1348
93874 1270
78617 1041
97383 1396
93559 1734
88121 1766
70693 1373
92012 1130
79176 1916
93053 1777
66466 1450
91487 1498
54506 1435
50924 1513
56563 1997
71303 1155
82288 1558
56507 1263
77254 1874
80681 1879
98973 1463
75809 1249
98730 1845
97344 1241
55203 1037
89780 1506
82483 1613
70276 1327
92649 1495
74501 1656
97408 1732
53126 1640
56927 1158
88833 1296
88500 1145
62081 1193
77496 1627
89152 1076
92215 1576
95954 1947
59951 1457
88602 1147
94490 1945
58577 1842
95295 1347
56431 1245
82705 1138
96978 1470
55551 1757
69827 1689
65973 1030
88328 1992
77914 1352
97118 1647
95287 1742
60747 1665
73438 1057
75525 1333
78904 1685
93384 1659
87526 1347
62198 1107
85692 1921
64473 1799
59738 1284
81153 1843
56164 1518
58450 1995
50007 1569
57476 1648
51336 1481
77941 1931
55617 1210
51064 1780
92355 1803
92092 1690
82611 1207
54609 1679
87671 1070
55412 1431
87788 1312
61268 1084
86695 1260
74511 1165
86921 1953
56270 1679
67065 1160
74182 1157
93646 1512
79627 1512
63028 1317
94084 1527
73832 1483
64160 1929
96213 1769
51009 1909
83658 1563
74582 1818
77849 1057
68953 1180
55578 1787
77638 1212
78574 1367
93303 1305
61179 1924
73937 1693
61911 1737
72684 1622
59333 1555
97460 1954
54391 1157
68690 1977
73108 1230
96985 1186
58539 1941
99310 1678
70777 1690
50899 1494
89864 1298
72027 1009
54014 1492
89629 1395
62945 1745
63932 1360
63707 1353
55387 1430
58959 1662
82156 1182
95195 1447
99541 1355
86050 1088
50112 1469
53753 1656
89921 1924
62172 1352
51600 1476
55849 1493
59982 1320
99904 1244
94428 1600
93647 1856
93144 1380
97107 1753
92681 1236
52483 1576
82439 1505
62184 1965
83856 1511
62447 1982
51624 1921
78142 1620
92357 1128
62487 1270
67836 1694
79707 1712
55866 1230
66659 1679
82339 1950
69160 1938
93689 1893
58693 1382
74779 1724
93026 1191
57065 1967
93104 1007
73036 1565
81913 1281
96315 1226
72136 1158
65290 1348
58818 1548
81682 1164
97311 1371
62203 1068
80527 1475
65735 1517
63468 1037
53327 1257
72074 1076
74529 1937
74154 1672
99301 1521
71792 1534
83558 1243
92434 1272
52965 1378
81574 1568
83682 1380
65819 1715
59343 1400
95078 1476
87251 1129
65225 1987
57315 1313
87286 1589
97933 1396
93989 1672
95591 1783
75478 1137
54966 1294
70457 1036
55022 1235
55816 1027
76928 1841
85624 1135
67879 1068
80167 1683
81931 1981
91063 1663
78729 1752
65610 1897
73549 1827
93289 1181
61022 1706
88901 1464
76883 1124
96672 1619
86451 1292
51476 1731
61057 1933
60207 1706
62076 1846
77616 1967
70975 1207
72036 1955
72542 1780
99018 1442
83919 1012
79525 1797
77390 1946
68755 1906
93481 1772
72938 1361
69082 1704
83577 1334
67664 1371
81939 1422
61024 1788
93397 1070
65296 1906
82612 1381
54326 1154
59588 1784
64699 1508
78898 1861
88493 1472
90823 1379
68993 1853
95590 1388
61034 1787
91465 1977
74612 1338
0 0 46 46 46 0 0 0 0 0 272 272 272 0 0 0 127 127 127 248 248 0 0 0 0 0 326 326 384 0 0 0 0 0 0 0 0 0 0 139 139 139 143 143 0 0 0 0 39 39
0 0 0 46 46 0 0 0 0 272 272 272 0 0 0 393 393 393 127 248 0 0 0 0 0 0 326 326 384 384 0 0 0 0 0 0 0 0 0 139 139 150 143 143 143 0 0 178 39 39
0 0 0 46 0 0 0 0 0 0 0 272 386 386 386 386 393 393 127 248 248 248 248 0 0 0 0 0 0 384 289 289 0 0 0 0 0 287 287 287 150 150 143 143 0 0 0 178 39 39
207 207 207 174 0 0 180 180 0 0 0 265 265 386 386 318 318 393 69 69 69 0 0 0 86 86 0 0 0 0 0 289 289 389 0 0 0 287 287 150 150 150 236 236 236 236 178 178 39 0
207 207 29 174 174 256 180 180 0 265 265 265 265 386 386 318 318 115 70 70 69 69 0 0 86 86 0 0 0 0 277 277 277 389 389 53 53 287 287 156 12 12 12 12 392 75 75 324 0 0
207 207 29 174 174 256 180 180 111 72 72 188 188 188 188 318 318 115 70 70 70 69 0 0 0 341 341 341 341 0 277 277 277 277 389 53 53 156 156 156 12 12 392 392 392 75 75 324 0 0
0 29 29 256 256 256 256 111 111 72 72 332 332 362 362 318 318 115 70 70 70 0 0 275 341 341 13 13 0 0 0 364 365 365 389 53 53 78 78 78 78 112 112 81 81 324 324 324 0 0
0 29 0 256 256 328 328 111 185 185 185 332 332 362 362 211 211 115 115 0 0 0 0 275 275 227 13 13 0 228 0 364 365 365 365 164 340 340 340 292 292 112 112 81 324 324 183 0 0 0
0 0 0 0 369 369 328 328 166 166 185 185 378 378 378 378 211 211 0 0 323 295 275 275 275 227 227 227 228 228 364 364 365 365 365 164 340 67 276 292 292 292 255 81 81 17 183 0 0 0
0 0 0 0 369 369 104 166 166 38 377 377 377 377 187 187 251 269 269 269 323 295 275 331 331 227 352 352 228 33 33 33 65 65 65 164 164 67 276 292 292 292 255 37 17 17 183 183 0 0
0 0 0 0 47 104 104 104 104 38 38 377 377 79 187 187 251 269 323 323 323 295 381 331 331 107 352 352 352 95 95 33 65 65 193 193 164 67 276 255 255 255 255 37 17 17 17 0 0 0
0 0 0 0 47 105 330 330 221 221 38 377 377 79 303 303 251 396 323 333 333 295 381 331 331 107 352 352 352 95 95 231 65 258 193 193 193 67 276 306 306 255 235 37 388 388 388 0 0 0
61 61 61 47 47 105 330 330 221 221 221 221 79 79 303 303 251 396 396 396 333 333 381 381 107 107 278 300 128 128 128 231 231 258 193 193 45 45 306 306 306 379 235 37 154 154 388 20 20 0
61 291 291 291 105 105 330 330 330 376 376 41 41 41 303 400 400 400 299 137 137 137 208 208 278 278 278 300 195 195 128 138 231 258 45 45 45 45 306 306 379 379 235 391 154 154 361 361 20 20
315 291 291 291 153 153 153 153 153 376 376 84 41 41 51 51 400 400 299 299 299 137 312 208 208 387 387 300 195 195 138 138 138 258 45 45 184 184 184 311 379 379 235 391 391 391 361 361 165 165
315 315 87 87 87 87 153 153 153 230 230 84 84 84 51 51 224 144 144 144 144 312 312 208 208 387 387 300 123 123 257 257 138 345 345 345 184 264 264 311 311 311 311 391 391 360 361 361 165 390
244 315 315 233 233 233 233 233 353 230 230 263 263 263 51 224 224 176 176 225 225 312 385 385 28 28 205 123 123 123 257 257 147 147 345 345 184 264 264 283 283 15 15 15 15 360 327 361 165 390
244 240 240 233 192 192 353 353 353 230 230 263 263 263 224 224 224 176 225 225 385 385 385 385 28 28 205 123 123 123 147 147 147 147 345 345 27 27 283 283 15 15 15 15 360 360 327 361 165 390
244 240 240 240 192 192 8 8 8 92 92 49 49 100 100 100 176 176 225 93 93 93 196 196 301 301 205 205 116 116 116 147 147 314 314 345 27 27 283 283 30 30 327 327 327 327 327 390 390 390
244 244 268 268 268 268 8 8 8 92 92 49 49 100 100 100 100 103 103 93 93 93 196 196 301 301 301 205 116 116 36 36 206 206 314 314 132 132 132 132 30 30 42 42 343 343 343 390 0 0
244 244 117 117 117 32 358 358 358 310 310 262 259 259 170 170 100 103 135 135 135 11 11 196 301 121 121 205 68 68 36 36 206 206 314 314 314 102 102 102 102 102 42 42 343 266 266 0 0 0
370 9 9 117 117 32 358 358 358 310 310 262 259 259 170 170 103 103 118 118 135 11 11 196 151 121 121 205 68 347 347 347 206 206 206 243 243 243 243 73 73 73 73 343 343 266 266 246 246 0
370 9 9 32 32 32 32 358 358 310 262 262 259 254 254 213 213 118 118 118 118 118 162 196 151 121 121 121 68 347 347 253 253 253 18 18 243 249 243 249 249 171 171 171 222 222 266 246 246 0
370 370 119 119 119 106 106 296 296 296 296 296 317 254 254 213 55 160 160 280 162 162 162 151 151 151 68 68 68 181 181 253 74 372 18 83 83 249 249 249 249 171 171 171 222 222 246 246 246 0
130 119 119 35 35 106 106 202 241 241 241 296 317 219 219 213 55 160 160 280 162 250 162 302 302 374 374 374 374 181 181 253 74 372 18 83 83 134 249 152 152 152 152 171 171 247 247 247 247 0
130 320 320 260 35 35 35 202 202 202 241 7 317 317 219 55 55 160 22 280 280 250 302 302 394 350 350 350 279 279 279 279 74 372 372 372 134 134 50 152 152 201 201 0 0 0 0 0 0 0
130 320 320 260 260 260 202 202 202 304 304 7 219 219 219 22 22 22 22 22 250 250 250 394 394 350 350 136 136 136 136 279 74 372 372 134 134 134 50 50 50 201 201 271 0 0 271 0 0 0
130 309 43 260 260 260 382 5 202 304 304 7 7 133 133 133 133 329 329 329 155 155 250 394 394 350 129 286 334 334 279 279 19 355 355 66 66 321 321 50 50 204 204 271 271 271 271 0 0 0
309 309 43 126 126 382 382 5 5 161 161 161 161 133 133 169 169 329 329 329 155 155 250 394 394 129 129 286 334 354 354 19 19 355 66 66 339 321 232 50 305 281 204 148 148 148 271 200 0 0
309 309 43 126 126 382 382 5 5 5 161 161 161 210 210 169 169 169 329 319 60 60 250 96 96 129 286 286 334 354 354 19 19 355 66 339 339 321 232 305 305 281 204 148 148 148 200 200 0 0
0 0 43 43 6 6 282 282 282 282 282 282 237 237 210 336 342 342 342 319 60 60 60 96 344 344 344 344 209 209 239 239 190 190 274 339 232 232 232 305 10 281 204 97 97 148 200 200 0 0
0 0 43 6 6 177 177 177 282 282 57 57 237 237 210 336 342 336 319 319 356 356 356 96 344 26 26 344 209 209 239 239 190 190 274 339 339 368 368 305 10 281 204 97 97 148 0 0 0 0
0 0 80 80 177 177 94 64 64 64 64 57 57 57 189 336 336 336 316 316 316 356 356 186 186 26 26 122 209 209 209 48 48 274 274 339 339 368 305 305 10 337 337 337 261 261 0 0 0 0
0 80 80 399 399 94 94 64 64 64 64 157 157 189 189 3 3 3 34 34 316 173 173 16 186 186 122 122 122 217 217 48 274 274 288 234 368 368 368 10 10 337 337 337 261 261 0 0 0 0
0 80 80 80 399 399 94 89 89 89 89 157 157 189 189 189 3 3 218 34 34 173 173 16 141 141 122 141 217 217 217 48 56 56 288 234 234 270 270 357 357 357 99 99 99 99 99 99 0 0
0 80 194 194 194 194 94 89 182 89 285 285 52 52 52 189 145 218 218 218 142 142 142 16 16 141 141 141 294 294 294 294 56 56 288 288 234 172 270 357 357 0 0 0 114 114 366 366 98 98
0 0 0 252 252 194 194 120 182 267 285 216 216 23 52 145 145 218 218 218 142 77 58 58 375 375 375 101 101 146 335 335 56 56 56 234 234 172 270 270 397 397 223 0 114 366 366 0 0 98
0 0 0 252 199 199 194 120 182 267 285 216 216 23 52 145 145 145 145 159 159 77 58 58 58 58 375 101 101 146 146 335 335 110 110 172 172 172 270 163 397 397 223 0 114 0 0 0 0 98
0 0 0 252 199 199 199 120 182 267 14 216 216 23 23 23 23 273 145 159 77 77 58 290 290 290 293 101 101 101 146 91 91 110 110 398 371 371 270 163 163 163 223 0 0 0 0 0 0 98
24 24 24 24 322 322 191 120 120 267 14 242 242 242 242 242 23 273 54 159 159 159 90 290 293 293 293 293 293 293 293 91 91 91 398 398 2 371 85 163 223 223 223 113 0 0 0 0 0 0
24 313 24 215 215 322 191 191 191 14 14 245 245 245 245 273 273 273 54 220 220 220 90 168 168 168 168 229 229 82 140 140 140 398 398 2 2 85 85 367 367 367 113 113 0 0 0 0 0 0
0 313 313 215 215 322 191 191 191 363 363 167 167 297 297 273 338 54 54 226 220 220 90 90 90 44 44 229 82 82 140 140 124 124 124 2 63 63 85 85 367 367 113 113 0 0 0 0 0 0
0 0 313 313 108 108 108 108 0 363 363 167 167 297 297 338 338 338 338 226 226 226 90 90 238 44 44 229 82 82 0 140 140 124 124 2 63 63 63 63 62 62 113 113 0 0 0 0 0 0
0 0 179 108 108 307 0 0 0 0 0 167 167 348 348 348 0 338 197 197 197 197 238 238 238 175 175 373 373 0 0 0 0 0 325 325 25 63 63 71 62 62 395 395 76 0 0 0 0 0
0 0 179 179 108 307 0 0 0 0 0 167 167 31 31 348 0 0 1 197 197 197 238 238 175 175 373 373 0 0 125 125 198 0 0 325 25 25 71 71 62 62 395 395 76 76 0 0 0 0
203 203 179 179 307 307 0 0 0 0 0 0 0 31 0 0 0 0 1 158 158 158 238 238 175 149 149 0 0 0 125 125 198 198 198 325 25 25 71 71 308 308 298 298 298 76 0 0 88 88
203 212 0 0 307 40 0 284 284 0 0 0 31 31 0 0 351 351 1 214 214 158 158 158 158 149 149 0 0 0 0 0 0 346 346 346 346 25 131 131 308 308 0 298 298 383 0 0 88 88
203 212 0 0 0 40 40 284 0 0 0 0 0 0 0 0 351 351 1 1 214 214 0 0 0 0 0 0 0 0 0 21 0 346 346 349 380 131 131 131 0 0 0 298 298 383 383 383 88 59
212 212 0 0 4 4 40 284 0 0 0 0 0 0 0 0 351 351 0 1 0 0 0 0 0 0 0 0 0 0 0 21 21 349 349 349 380 380 131 131 359 359 0 0 0 383 0 0 59 59
212 0 0 0 4 4 4 284 0 0 0 0 0 0 0 0 0 0 0 109 109 109 109 0 0 0 0 0 0 0 0 21 21 349 349 349 380 380 359 359 359 359 0 0 0 0 0 0 59 59
