50 400 20
55031 1286
58537 1245
72457 1619
71824 1504
51334 1048
55994 1275
88629 1166
50577 1208
96114 1064
50994 1755
64688 1914
78272 1436
99303 1616
97934 1888
79555 1661
65589 1497
82228 1326
52232 1164
93953 1672
94239 1160
93536 1497
79757 1401
99805 1195
84066 1580
61053 1860
84625 1287
78034 1571
63145 1614
97575 1628
56526 1125
55386 1413
87571 1644
64992 1274
63394 1693
78678 1674
76601 1756
57548 1692
96368 1762
91432 1556
95576 1951
64764 1101
51481 1145
96192 1575
99883 1875
91704 1516
56054 1109
83720 1106
73213 1573
75452 1533
56289 1203
88369 1073
64670 1196
87746 1831
96637 1182
75915 1009
75716 1201
57484 1239
96041 1903
78139 1987
54050 1108
64943 1270
73364 1348
76654 1196
82190 1088
55133 1315
69660 1852
60429 1820
56635 1384
70631 1548
69604 1720
56830 1984
77376 1244
97162 1960
69782 1061
68204 1755
82833 1807
73629 1854
58956 1916
73890 1334
90306 1708
66389 1384
69122 1839
93527 1213
69876 1356
63825 1356
59980 1885
60188 1318
58799 1413
60352 1305
61850 1866
95840 1947
61416 1254
79130 1695
61735 1274
96428 1292
65848 1383
73873 1554
78796 1344
56697 1293
94088 1132
88672 1316
92236 1486
68946 1664
74632 1804
71888 1505
75334 1488
86047 1235
77654 1881
53855 1600
66351 1058
67718 1901
70201 1502
50005 1079
82820 1373
91865 1769
57459 1477
71164 1274
50457 1012
67276 1530
70104 1785
71223 1476
81722 1633
60177 1097
90537 1638
70091 1662
94001 1052
64215 1536
68622 1445
53542 1962
91875 1032
74646 1809
71901 1740
64438 1079
89575 1557
59528 1872
85517 1755
80630 1892
80749 1336
60411 1713
79367 1803
71841 1916
52995 1775
72987 1290
70279 1633
65410 1863
77995 1175
62863 1007
61396 1170
90213 1155
64070 1553
56994 1180
86918 1498
77768 1022
50283 1638
53501 1321
59832 1301
80812 1689
79435 1405
69549 1545
92633 1470
67159 1394
92075 1663
99574 1621
77065 1552
61235 1323
89851 1704
65022 1830
57967 1033
93376 1543
80981 1992
58193 1141
56316 1711
70993 1739
75993 1030
72619 1901
51964 1929
54004 1276
69371 1027
56948 1370
94560 1873
91910 1942
94833 1435
92224 1768
59557 1105
51634 1665
58248 1998
57035 1713
63697 1205
51734 1663
88353 1985
91268 1091
76621 1457
75712 1776
69084 1517
56665 1024
57932 1134
55085 1421
74969 1227
88430 1639
84334 1252
50415 1168
96585 1275
72732 1912
71741 1785
84687 1187
86253 1452
80593 1010
92919 1409
80854 1654
50812 1569
69514 1484
80545 1411
71848 1433
81020 1860
66942 1756
63961 1238
97648 1754
86546 1305
85087 1063
82325 1302
56978 1968
82670 1954
60887 1205
82256 1502
97050 1341
74561 1875
89659 1709
51920 1339
51751 1064
84395 1698
73202 1618
51682 1745
68213 1011
92767 1404
97215 1188
80702 1589
65769 1304
66686 1759
55913 1190
92231 1726
97270 1794
94332 1645
73402 1847
98167 1667
84486 1798
91873 1837
67210 1282
79749 1331
58102 1876
81036 1229
74101 1578
63596 1862
78244 1154
69628 1481
85434 1957
90341 1666
96982 1333
93826 1205
52554 1600
64005 1554
60099 1790
85634 1561
94608 1825
50199 1077
50540 1321
87069 1832
70927 1211
98332 1798
62376 1242
89328 1102
88842 1351
69997 1892
75767 1184
76901 1350
89041 1060
90518 1934
96694 1898
84660 1075
52595 1626
66414 1452
54477 1240
95449 1057
93576 1643
56500 1185
78582 1047
61051 1707
56407 1021
74649 1031
67054 1892
55824 1878
67804 1186
98064 1697
58204 1876
92577 1660
59210 1070
85227 1140
88484 1368
81920 1518
51662 1778
76132 1228
67088 1682
51457 1572
59623 1760
53908 1484
84950 1012
57001 1432
79287 1442
71226 1229
65275 1948
94133 1502
70227 1539
94099 1526
81584 1744
90072 1820
50229 1981
80108 1871
90386 1980
72792 1804
99934 1470
53717 1075
73259 1548
99444 1894
82227 1151
98396 1991
61570 1856
87115 1408
80313 1306
97524 1914
94260 1121
99481 1603
75664 1357
68052 1466
84809 1642
93921 1893
54989 1881
96381 1912
64862 1316
58344 1606
97287 1215
53352 1207
90686 1472
64465 1421
77850 1994
96188 1033
52538 1846
69200 1286
99645 1362
61479 1690
86810 1502
86826 1438
79118 1229
64001 1409
68742 1827
59755 1516
60246 1946
58438 1923
68132 1373
51858 1499
56769 1588
74762 1210
82103 1826
94616 1089
59914 1575
92987 1826
65073 1541
77810 1267
73358 1469
63507 1737
82063 1583
81769 1080
62734 1944
94226 1470
66523 1663
99197 1108
54537 1846
57527 1099
87044 1523
85714 1232
86437 1693
68651 1029
70635 1571
78445 1516
88717 1637
57756 1365
83607 1827
58276 1749
96827 1635
90580 1836
75444 1317
97826 1750
55978 1280
50055 1689
87212 1172
73884 1031
85385 1415
72137 1021
60756 1753
73812 1774
99328 1040
81005 1760
173 173 137 137 198 198 0 0 0 0 0 0 0 0 0 0 0 0 0 316 316 316 340 340 340 0 0 0 0 0 0 0 0 0 0 0 0 0 0 275 275 275 113 113 113 5 0 118 118 118
173 137 137 198 198 0 0 0 0 0 0 0 0 0 0 0 0 0 0 316 183 183 183 340 190 0 0 204 0 0 0 0 0 0 0 0 0 0 0 275 275 275 113 113 65 5 0 118 118 118
173 115 30 198 197 0 0 0 60 60 0 0 0 0 209 0 0 0 0 316 263 263 183 340 190 190 0 204 204 204 204 262 262 0 0 0 0 0 175 175 100 100 65 65 65 5 0 37 37 37
0 115 30 30 197 109 109 244 244 60 60 367 367 209 209 0 0 0 0 0 263 263 340 340 385 190 179 179 204 248 248 262 104 0 289 289 0 0 0 175 100 162 162 5 5 5 0 37 252 0
0 115 30 30 197 109 109 244 244 244 305 367 367 209 0 0 0 0 0 0 355 263 263 385 385 190 179 179 248 248 171 262 104 0 289 289 289 0 0 175 100 162 162 162 277 0 0 252 252 0
0 115 359 359 197 109 109 305 305 305 305 367 367 0 0 0 0 0 0 0 355 355 371 385 199 199 362 362 389 389 171 262 104 104 75 75 75 0 0 0 162 162 216 277 277 0 0 391 252 0
0 0 359 50 50 50 50 305 305 304 304 367 367 0 0 0 0 0 0 0 355 355 371 199 199 236 362 362 389 389 171 171 306 306 75 75 75 0 0 0 216 216 216 277 277 88 0 391 252 0
0 0 359 0 0 0 50 168 168 304 304 304 377 0 0 0 0 0 0 0 0 371 371 199 199 236 236 383 383 290 290 290 290 306 306 221 221 281 281 69 69 69 277 277 277 88 391 391 252 0
0 0 0 0 234 234 50 168 168 271 271 377 377 348 0 0 0 0 0 0 0 169 169 169 319 319 236 383 139 139 284 284 284 284 284 221 281 281 69 69 212 212 212 212 217 88 88 181 0 0
0 0 0 234 234 167 50 203 203 271 271 377 377 348 348 0 0 0 0 0 0 0 169 169 319 319 236 383 139 139 284 284 335 335 186 221 186 7 69 69 212 111 111 212 217 88 88 181 0 0
0 0 0 0 167 167 203 203 203 203 241 241 377 390 348 42 42 42 369 369 369 0 169 169 74 74 121 121 18 18 18 335 335 335 186 186 186 7 7 7 212 111 111 217 217 88 88 181 0 0
0 0 0 0 167 167 203 203 177 177 241 241 390 390 390 42 42 42 68 369 369 369 329 285 74 133 133 121 121 121 18 335 335 335 186 66 66 66 66 66 0 0 0 217 120 120 0 181 151 151
0 138 138 138 167 167 376 333 177 177 146 318 318 318 390 4 42 42 68 68 329 329 329 285 74 133 133 123 123 123 18 18 321 321 321 66 346 346 364 364 0 0 0 217 120 120 0 0 151 151
0 138 57 57 26 26 376 333 146 146 146 146 318 318 390 4 4 4 145 68 68 68 285 285 74 394 394 394 123 123 123 123 321 399 399 346 346 207 207 364 0 0 0 127 127 127 23 0 0 0
0 138 138 57 26 26 376 333 124 124 318 318 318 141 141 141 4 4 145 145 145 68 269 269 269 269 394 394 394 84 208 208 208 399 399 192 192 207 207 364 364 0 0 127 127 127 23 0 0 0
0 48 48 57 14 14 376 333 124 3 3 141 141 141 141 141 61 4 4 200 200 200 200 200 269 301 301 301 381 84 208 208 1 1 192 192 192 207 207 207 364 0 0 0 0 0 23 23 0 0
0 0 48 48 14 14 14 333 124 3 3 309 309 61 61 61 61 129 33 326 326 326 9 200 269 269 301 301 381 84 84 208 1 1 192 29 29 29 29 343 343 300 300 300 0 0 0 0 0 0
0 0 48 48 31 31 280 280 280 3 3 3 309 309 129 129 129 129 33 33 33 326 9 9 9 27 27 368 381 381 311 311 311 324 324 378 378 86 86 242 343 343 300 300 0 0 0 0 0 0
0 0 48 48 31 31 0 0 280 2 2 2 2 184 184 345 345 345 33 49 49 49 386 386 386 27 27 368 381 381 311 232 232 324 324 378 378 86 242 242 317 317 102 43 43 154 0 0 0 0
0 0 0 0 0 0 0 0 280 280 22 22 184 184 184 345 345 85 85 85 41 49 295 83 386 386 368 368 55 233 232 232 384 384 45 378 86 86 242 317 317 102 102 43 43 154 154 154 154 219
0 0 0 0 0 91 91 206 206 280 22 22 155 155 35 35 345 218 218 85 41 295 295 83 82 82 55 55 55 233 233 233 384 384 45 45 86 86 395 102 102 102 292 292 292 292 292 154 154 219
0 0 0 0 0 91 91 206 206 22 22 22 155 155 35 35 258 258 218 41 41 295 83 83 82 82 55 55 233 233 233 233 195 195 174 45 20 20 395 96 142 102 38 38 38 38 21 154 219 219
0 0 0 117 117 152 152 206 80 80 80 80 35 35 35 35 258 258 218 41 251 251 336 336 336 336 336 191 191 191 191 191 195 195 174 20 20 395 395 96 142 142 273 273 273 273 21 76 76 76
0 0 0 117 117 152 0 0 253 253 253 253 372 372 135 135 135 135 218 251 251 325 325 325 325 63 63 122 122 92 92 191 382 174 174 313 313 143 143 96 96 142 273 273 182 21 21 76 28 76
0 0 0 0 0 152 0 0 0 225 225 372 372 372 94 94 334 334 334 89 89 325 325 325 325 63 63 122 122 92 382 382 382 174 313 313 313 143 143 96 342 342 342 342 182 21 278 278 28 76
393 0 0 0 0 0 0 0 0 225 225 293 293 322 94 94 334 354 354 89 89 148 157 157 157 398 166 166 122 92 382 382 382 382 93 81 81 143 220 96 220 323 323 342 182 182 278 278 28 28
393 0 239 239 239 0 0 0 0 225 225 293 293 322 322 322 354 354 354 148 148 148 157 147 157 398 166 166 166 92 93 93 93 93 93 81 81 220 220 220 220 323 323 182 182 182 182 52 52 52
393 393 239 366 366 366 0 0 0 374 225 293 293 293 293 358 213 213 213 246 246 246 157 147 398 398 161 166 166 92 58 34 34 202 81 81 81 81 32 32 32 32 211 211 211 211 211 52 52 52
112 393 366 366 260 260 374 374 374 374 225 17 17 17 17 358 358 358 213 246 246 126 157 147 147 161 161 166 92 92 58 34 34 202 202 165 165 77 32 32 32 353 298 298 298 298 265 265 265 52
112 393 56 56 260 260 374 79 79 79 79 79 79 17 17 17 17 255 134 134 246 126 157 147 147 161 161 161 58 58 58 36 36 36 202 165 165 77 77 77 32 353 353 353 265 265 265 320 0 0
112 0 0 56 176 176 176 397 397 397 95 95 95 95 95 95 255 255 134 134 134 126 51 351 351 388 388 388 388 58 193 193 193 36 36 36 307 307 307 77 77 156 226 353 353 353 231 320 0 0
112 112 0 56 176 350 350 350 397 397 97 97 97 106 227 227 255 170 170 170 170 126 51 51 351 303 303 266 266 266 266 193 193 193 279 36 307 224 224 19 156 156 226 226 226 231 231 320 0 0
0 0 0 87 350 350 350 350 352 397 107 107 97 106 227 227 227 201 201 330 330 46 51 51 351 303 303 238 238 238 331 331 103 103 279 101 307 224 224 19 156 131 131 226 226 231 231 320 320 0
0 0 0 87 87 87 87 352 352 180 180 107 106 106 227 227 227 201 201 330 330 46 51 51 11 11 11 238 363 363 331 103 103 257 279 101 64 235 235 19 156 131 131 72 226 231 231 159 159 159
0 0 339 339 339 114 114 352 352 180 180 107 107 272 291 291 249 249 249 249 132 46 46 229 229 229 11 238 363 363 331 331 125 257 279 101 64 235 235 19 296 296 296 72 72 72 72 0 159 159
0 0 339 314 339 114 302 302 210 210 210 337 337 272 291 291 249 249 132 132 132 347 347 347 229 229 229 341 341 341 365 365 125 257 257 101 64 105 105 19 19 296 296 247 99 72 72 0 0 0
0 0 339 314 314 114 302 302 210 210 210 337 337 272 291 291 308 308 13 13 13 347 347 347 62 297 297 341 341 341 365 365 125 125 257 64 64 105 105 19 19 247 247 247 99 99 99 71 71 71
188 188 339 314 314 286 286 210 210 158 373 373 373 272 308 308 308 53 53 53 13 13 13 62 62 297 297 230 230 341 185 245 245 245 39 222 228 228 228 228 287 247 247 99 99 99 99 71 71 71
188 188 339 375 375 286 158 158 158 158 373 40 40 370 370 370 294 53 53 53 13 13 250 62 299 299 299 230 230 185 185 185 245 245 39 222 222 222 261 261 287 287 247 144 144 149 149 0 0 0
0 0 375 375 375 286 158 158 158 259 237 40 40 370 370 294 294 98 98 53 98 250 250 62 62 299 299 230 230 270 270 185 361 361 39 222 222 222 261 261 261 287 287 144 144 149 149 149 0 0
0 0 0 136 387 387 119 119 392 259 237 237 237 240 370 276 294 294 98 98 98 250 250 62 62 172 172 172 230 0 270 185 361 264 39 205 205 205 205 205 205 73 73 150 144 144 267 267 0 0
0 0 0 136 387 387 119 119 392 259 259 259 240 240 370 276 276 276 54 98 98 250 223 223 223 10 172 172 0 0 270 185 361 264 283 283 116 116 116 205 205 73 73 150 150 256 267 267 0 0
136 136 136 136 387 387 312 312 392 392 392 189 189 240 357 357 54 54 54 16 78 78 78 78 223 10 172 172 0 160 160 361 361 264 283 283 274 274 116 274 254 214 214 214 150 256 256 0 0 0
136 136 0 268 268 268 312 327 327 327 327 189 189 240 357 357 344 16 16 16 90 90 70 70 10 10 164 164 0 160 160 361 264 264 283 283 274 274 274 274 254 214 214 214 150 256 256 215 215 0
0 0 0 268 268 268 312 327 349 349 187 187 187 24 24 338 344 344 344 25 90 90 70 10 10 10 164 164 0 0 0 0 0 0 0 0 360 360 274 47 254 328 328 130 130 130 130 215 215 215
0 0 59 59 59 268 268 327 349 243 243 187 187 24 24 338 396 396 344 25 25 90 70 310 310 310 380 380 380 0 0 0 0 0 0 0 360 360 47 47 254 328 328 328 328 12 12 67 215 215
0 0 0 0 59 59 288 163 349 243 243 128 128 315 338 338 396 108 108 25 25 400 400 400 310 310 380 44 44 44 44 0 0 0 0 0 47 47 47 0 0 0 0 356 356 12 67 67 0 0
0 0 0 0 0 288 288 163 163 163 163 128 128 315 338 338 396 108 108 25 25 400 400 0 0 194 194 44 0 0 0 0 0 0 140 140 140 140 140 0 0 0 0 356 6 12 0 67 0 0
379 379 379 8 15 288 15 15 110 110 0 0 0 315 315 332 332 332 108 108 25 282 282 0 0 194 194 196 196 196 0 0 0 153 153 0 0 0 0 0 0 0 0 356 6 6 0 67 0 0
379 8 8 8 15 15 15 110 110 110 0 178 178 178 178 332 282 282 282 282 282 282 0 0 0 0 196 196 196 196 0 0 0 153 153 0 0 0 0 0 0 0 0 0 6 6 0 0 0 0
