50 400 20
56755 1818
58842 1362
87418 1214
64144 1610
53247 1853
94990 1141
97692 1478
50147 1023
88992 1977
98458 1395
68429 1260
54323 1682
54060 1695
66906 1528
91737 1929
83300 1324
72610 1815
74289 1153
87045 1726
84251 1408
85069 1359
87149 1584
74831 1806
72042 1534
77222 1344
79270 1682
88119 1533
68546 1992
95881 1866
95426 1575
82122 1388
80696 1773
67540 1650
56654 1557
61550 1026
71429 1908
75509 1026
95306 1234
72384 1355
60105 1396
88040 1515
95110 1670
93274 1084
64566 1447
74241 1309
51864 1343
63422 1131
87685 1958
67024 1388
98031 1005
72063 1998
72656 1946
66332 1876
68423 1119
62303 1162
88167 1178
67551 1754
52712 1379
95615 1333
82878 1625
60672 1717
64725 1702
97878 1054
68267 1052
59014 1883
58179 1195
98136 1998
50122 1957
86794 1915
79035 1559
91311 1080
75667 1491
86457 1879
90505 1475
83543 1983
71787 1286
72083 1583
96367 1857
57309 1736
88063 1274
68490 1563
66969 1999
83416 1537
72919 1139
66494 1491
50438 1179
74286 1176
83693 1009
51772 1219
89728 1711
57988 1127
95378 1284
52674 1111
68212 1707
72069 1232
92243 1141
55453 1747
98225 1792
50900 1951
83967 1483
66239 1871
57688 1029
99042 1178
84552 1439
81146 1431
94914 1032
79151 1490
61217 1888
81254 1752
73470 1666
86549 1300
82795 1193
93120 1062
58717 1937
55524 1333
71099 1283
68409 1347
63175 1766
61063 1017
71035 1529
76527 1143
95249 1528
88314 1659
92904 1954
69221 1001
68320 1805
77421 1137
85288 1178
70733 1916
72434 1685
87655 1471
51367 1484
94078 1205
66077 1470
73344 1054
97360 1284
69397 1064
87228 1061
79469 1081
99956 1550
59947 1955
70285 1293
53588 1189
53758 1814
60870 1175
83685 1191
84657 1260
90427 1705
56442 1563
79191 1863
71107 1349
87125 1591
65667 1693
74865 1431
64138 1056
80504 1849
73757 1231
97913 1863
86337 1521
69346 1635
65283 1084
56854 1099
97395 1705
93412 1546
93018 1753
99222 1213
52984 1015
90276 1581
74808 1324
51039 1968
59093 1445
63136 1524
69228 1660
67179 1933
59279 1896
95129 1625
68875 1941
53075 1931
91047 1794
74747 1756
56995 1187
78751 1545
71219 1496
71073 1152
97329 1588
97935 1778
68434 1785
70923 1225
81828 1821
88629 1639
93080 1655
83714 1727
59053 1247
65642 1005
61077 1163
86007 1045
52552 1241
96282 1426
50800 1419
67221 1319
91192 1704
77114 1301
92888 1313
80140 1867
50981 1176
69757 1666
58294 1887
61752 1024
77493 1268
51618 1082
89152 1095
90402 1714
72721 1251
71402 1881
54876 1908
77665 1642
60105 1883
81175 1835
86575 1093
74764 1126
59904 1910
66643 1354
64881 1163
64569 1228
57411 1846
50967 1098
92082 1933
83784 1197
67419 1958
77848 1667
95242 1137
64917 1459
77795 1606
74977 1951
63106 1762
76868 1711
67860 1190
54578 1497
61207 1796
94636 1501
82801 1846
86192 1981
85234 1508
53334 1938
54314 1998
75046 1793
63408 1987
55061 1527
57121 1331
67026 1271
58780 1804
93546 1451
79299 1822
54869 1562
55658 1619
94227 1080
92435 1116
55945 1321
76835 1685
88489 1195
79901 1846
71853 1338
91951 1581
92190 1571
92434 1382
62042 1179
99498 1595
99995 1674
74184 1867
54780 1816
96488 1354
77541 1875
98626 1221
82659 1776
67354 1592
91965 1055
95238 1862
72738 1510
80511 1485
50135 1463
78244 1425
73799 1335
54461 1879
80252 1359
64846 1176
60309 1107
75555 1730
60385 1275
76309 1059
91344 1947
64924 1123
62708 1724
60759 1433
61723 1287
59050 1611
50390 1475
72977 1277
52488 1410
90373 1161
65429 1549
59613 1790
81705 1123
79412 1314
95204 1367
96598 1216
83483 1804
67177 1730
50065 1743
86562 1576
96024 1453
62328 1341
80478 1752
60025 1649
83699 1043
61735 1488
97073 1856
98422 1784
74733 1904
65796 1703
79145 1881
94716 1519
93759 1313
86889 1534
72047 1614
72901 1389
58721 1598
78671 1817
61846 1434
64477 1030
58153 1645
56168 1166
55619 1654
69213 1695
65032 1497
80759 1944
77553 1724
68450 1177
75605 1608
52432 1486
78905 1381
80342 1381
82602 1153
64378 1421
94539 1399
68250 1458
66781 1308
66322 1533
86264 1636
65275 1864
79588 1399
99814 1962
50771 1893
62421 1409
95396 1908
60560 1617
76278 1383
97102 1997
93264 1706
74735 1736
93663 1134
52840 1289
57902 1743
88497 1834
61524 1185
93301 1752
78119 1874
99498 1999
94410 1070
69110 1689
67148 1813
73779 1414
52733 1743
67627 1604
83782 1201
89297 1661
61691 1686
90785 1392
63970 1666
82872 1309
98451 1824
57785 1281
78531 1723
69007 1914
95605 1953
84657 1269
78190 1396
88998 1754
82031 1196
75665 1651
65330 1338
53712 1173
83170 1216
73234 1322
98230 1008
96402 1106
96310 1522
50575 1448
68989 1295
51208 1476
88765 1907
125 125 125 104 104 104 0 0 0 46 46 46 46 344 344 344 344 0 0 0 0 0 0 0 0 0 0 210 210 0 0 0 0 0 0 0 299 299 328 328 328 328 0 0 0 0 0 0 0 0
125 125 125 253 253 104 337 337 0 0 269 269 269 344 344 344 0 0 0 0 0 0 0 0 0 0 0 0 210 210 210 0 0 0 0 299 299 102 102 328 328 328 0 0 0 0 0 0 0 0
125 125 0 0 253 253 337 337 337 0 0 269 269 133 133 396 396 285 285 285 0 0 0 0 0 0 0 0 145 145 0 0 0 0 0 0 299 102 102 137 137 137 137 0 276 276 0 0 0 0
20 20 0 0 338 338 338 338 338 0 0 27 133 133 279 396 396 307 307 285 0 358 358 358 61 0 0 145 145 241 241 241 0 0 0 0 299 299 299 137 0 0 0 0 276 0 0 0 0 225
20 20 0 76 76 76 76 338 338 0 0 27 227 279 279 396 396 396 307 41 41 41 358 61 61 0 192 192 241 241 241 0 0 0 0 0 100 100 100 137 0 153 153 153 276 244 244 0 0 225
0 0 0 185 79 79 189 189 129 129 27 27 227 279 164 164 164 164 307 41 386 386 358 61 0 0 192 192 394 394 394 394 0 0 0 208 100 100 100 137 137 226 226 153 276 276 244 225 225 225
0 0 185 185 79 79 189 189 129 129 209 227 227 203 277 128 128 77 307 386 386 386 386 54 54 0 192 381 381 381 56 56 56 56 56 208 247 100 311 311 226 226 226 346 19 244 244 244 167 167
221 221 185 7 7 345 186 186 186 186 209 209 203 203 277 128 128 77 307 307 307 386 386 54 54 0 381 381 381 230 230 230 281 281 281 208 247 311 311 157 157 213 346 346 19 19 143 143 167 167
221 308 308 7 7 345 186 186 353 353 209 209 203 212 277 128 128 77 132 132 132 132 316 316 316 0 381 349 349 230 230 230 281 26 26 208 247 247 157 157 213 213 213 346 350 19 143 143 0 0
221 221 308 308 0 345 345 186 353 353 172 172 212 212 277 128 128 77 132 280 280 222 316 309 309 0 0 349 349 349 261 261 263 263 26 124 124 124 21 21 139 139 213 346 350 350 106 143 143 0
0 0 0 0 0 83 265 265 353 310 172 172 212 212 277 77 77 77 280 280 222 222 316 309 309 0 0 349 349 349 261 261 263 263 26 124 124 38 21 21 139 139 139 346 350 350 106 143 143 0
0 148 148 148 148 83 265 265 310 310 15 15 212 212 277 195 195 98 256 256 222 222 105 324 324 96 82 82 234 234 116 116 116 263 365 38 38 38 21 21 139 224 224 379 379 350 106 106 0 0
0 0 0 0 0 83 83 235 310 310 15 357 357 357 391 195 195 98 256 256 105 105 105 324 324 96 82 82 234 234 116 116 29 365 365 365 38 38 93 21 224 224 224 379 379 379 341 341 341 0
0 0 0 0 0 0 235 235 310 15 15 118 118 357 391 391 98 98 98 177 177 275 275 324 324 96 96 96 59 59 374 374 29 155 155 365 38 38 93 93 224 224 224 379 379 214 214 341 341 0
0 0 0 0 0 0 235 393 268 268 268 268 118 118 391 391 147 147 147 177 275 275 275 324 168 178 96 75 59 59 374 374 29 155 155 373 373 93 93 93 245 32 25 25 25 25 214 214 119 119
0 0 0 0 204 204 254 393 268 268 268 268 30 118 391 391 147 149 187 177 43 43 43 168 168 178 178 75 75 4 146 146 29 373 373 373 31 9 245 245 245 32 32 32 42 24 24 24 119 119
0 0 0 0 204 204 254 393 393 122 122 30 30 1 1 149 149 149 187 187 187 303 43 168 217 217 178 115 75 4 146 351 351 373 373 373 31 9 9 9 9 32 32 32 42 24 24 24 72 190
0 0 0 0 0 0 254 393 393 122 122 30 30 1 1 151 151 107 107 107 303 303 303 303 217 217 217 115 110 4 146 351 351 351 31 31 31 201 201 171 171 171 171 32 42 72 72 72 72 190
0 369 369 0 44 44 254 44 122 122 122 30 30 1 114 151 151 107 107 107 400 400 303 73 73 199 199 115 110 4 22 22 273 273 273 314 314 201 201 10 10 293 293 343 42 72 72 361 361 190
0 369 369 173 173 44 44 44 122 246 246 246 114 114 114 114 151 107 107 400 400 400 37 37 73 199 199 115 110 4 22 22 273 347 347 314 314 323 10 10 10 293 293 343 150 150 361 361 190 190
0 0 0 0 173 173 5 5 5 5 397 246 114 371 371 371 371 84 191 191 400 400 37 37 73 199 199 110 110 74 74 74 347 347 384 384 323 323 323 317 317 317 317 343 343 150 150 231 0 0
0 0 0 0 0 242 242 392 392 397 397 246 114 158 158 84 84 84 191 191 169 385 385 385 73 199 233 233 348 348 74 74 74 347 384 384 323 323 312 312 312 267 267 65 65 231 231 231 0 0
0 0 0 0 0 242 242 392 392 397 322 246 158 158 158 84 84 18 18 169 169 385 385 73 73 233 233 233 233 348 348 144 144 144 384 384 156 336 336 336 312 267 62 65 65 231 237 237 237 237
0 0 0 0 0 0 134 134 134 322 322 14 14 158 158 112 112 18 18 169 169 385 385 73 395 395 306 306 233 375 375 375 375 144 384 138 156 166 3 336 267 267 62 62 65 2 2 2 237 237
0 0 0 0 0 134 134 131 131 322 322 215 14 14 142 112 112 90 90 90 175 175 175 175 395 306 306 28 28 375 259 259 259 259 259 138 156 166 3 290 290 140 140 62 320 320 2 255 255 0
121 121 121 0 0 368 368 131 131 194 215 215 383 383 142 305 86 90 97 97 175 250 250 250 395 395 69 69 28 28 11 259 138 138 138 138 156 166 3 290 290 140 140 140 320 320 2 255 255 0
0 0 121 179 179 368 368 131 131 194 215 383 383 383 142 305 86 97 97 180 180 220 220 250 58 58 69 69 390 390 11 11 138 138 319 319 166 166 3 290 272 272 140 140 320 53 53 53 329 0
0 0 0 162 179 179 117 131 131 194 194 378 378 142 142 305 86 86 180 180 180 220 220 250 58 58 188 188 367 390 390 11 45 319 319 319 55 166 3 3 272 272 140 274 53 53 53 53 329 0
0 0 162 162 179 179 117 23 23 363 378 378 289 6 6 305 86 86 180 202 202 202 130 130 130 130 188 188 367 390 390 390 45 319 319 238 55 55 228 3 272 272 274 274 39 248 248 329 329 0
0 0 162 162 179 179 117 23 23 363 363 363 289 6 6 362 362 364 364 287 287 202 130 376 376 130 398 367 367 258 258 45 45 87 87 238 238 55 228 301 301 272 274 274 39 218 248 248 0 0
0 0 162 162 126 126 117 360 360 363 363 363 289 289 289 362 362 364 364 287 287 326 326 326 376 376 398 398 398 258 258 45 45 45 87 87 238 228 228 301 301 262 262 39 39 218 218 218 0 0
71 71 219 126 126 355 117 360 360 360 399 399 91 271 271 271 364 364 364 297 297 326 326 377 376 376 398 398 398 389 258 101 101 101 352 87 238 228 228 239 239 262 262 39 39 332 218 218 50 50
71 71 219 219 219 355 117 360 360 360 399 136 91 271 120 271 109 109 249 297 297 297 297 377 377 376 376 389 389 389 258 101 331 101 352 352 352 228 239 239 239 64 64 332 332 332 292 218 50 50
71 159 159 355 355 355 211 211 211 211 399 136 91 271 120 120 109 109 249 249 249 297 297 377 377 266 266 266 108 108 258 101 331 331 331 352 240 228 339 339 64 64 64 292 292 292 292 0 0 0
16 159 159 355 355 330 330 330 295 295 136 136 91 271 120 120 163 109 249 249 249 47 47 47 70 70 70 266 108 108 335 300 300 300 302 302 240 240 339 339 36 36 64 64 325 325 0 0 0 0
16 159 159 366 366 330 295 295 295 295 136 136 257 257 120 120 163 163 163 284 47 47 47 47 223 223 70 266 335 335 335 300 251 251 302 302 240 240 67 67 36 36 252 64 182 325 325 0 0 0
16 16 159 366 366 288 288 298 298 111 111 232 257 257 40 127 284 284 284 284 284 284 223 223 223 223 335 335 335 304 304 294 251 251 176 176 282 282 67 67 36 36 252 182 182 182 325 113 113 113
95 95 95 95 95 313 288 298 298 111 66 232 40 40 40 127 183 183 284 291 291 291 291 223 223 181 181 181 335 304 304 294 251 176 176 176 282 282 67 67 67 67 252 182 182 325 325 113 113 113
0 0 0 0 0 313 288 111 111 111 66 232 232 103 103 127 127 183 183 183 291 291 291 181 181 181 170 170 207 207 207 294 294 60 60 176 176 282 270 270 270 270 252 380 380 325 52 52 0 0
0 0 0 123 123 313 333 333 111 66 66 103 103 103 165 161 161 198 198 354 354 278 278 278 94 94 170 170 207 207 207 236 236 60 184 184 184 370 370 270 270 243 243 243 380 380 52 229 229 0
0 0 0 0 123 313 333 333 78 356 356 356 356 165 165 161 161 161 198 354 278 278 94 94 94 94 152 152 152 13 236 236 236 60 184 184 184 370 370 51 51 243 200 200 200 200 52 229 229 0
388 388 388 388 123 123 78 78 78 78 205 205 205 165 165 0 49 49 198 354 354 354 99 94 99 197 197 152 152 13 13 13 315 315 315 315 92 51 51 51 89 89 89 200 81 81 0 0 0 0
0 0 388 388 0 0 321 321 0 0 160 160 205 205 0 0 0 49 141 141 17 354 99 99 99 197 197 152 0 0 57 57 57 315 315 315 92 92 92 89 89 34 34 34 81 81 327 283 283 0
0 0 388 0 0 0 321 321 0 0 160 160 160 205 0 0 0 49 141 141 17 318 206 206 296 296 0 152 0 0 57 0 57 264 264 135 340 340 340 342 342 34 34 34 81 0 327 283 283 0
0 0 388 0 0 0 33 33 0 0 260 260 260 205 0 0 0 0 141 141 17 318 206 206 296 296 0 0 0 0 0 0 264 264 264 135 340 340 342 342 35 35 35 81 81 0 327 327 283 0
359 359 359 0 0 0 0 33 0 334 334 260 260 260 0 0 0 0 141 141 17 318 318 0 0 0 0 0 0 0 0 216 216 216 216 135 68 340 342 342 35 35 35 81 0 0 327 327 0 0
0 0 359 0 0 0 8 33 0 0 334 334 0 0 0 174 174 0 0 0 0 63 63 63 154 154 88 88 0 0 0 216 12 12 135 135 68 68 68 85 85 85 85 0 0 0 0 372 0 0
0 0 0 0 8 8 8 0 0 48 48 48 48 48 48 174 174 0 0 0 63 63 286 154 154 154 88 88 0 0 0 0 12 12 135 135 0 0 0 387 387 387 387 0 0 372 372 372 0 0
0 0 0 0 0 0 0 0 0 0 0 48 0 0 80 80 80 0 196 196 196 196 286 286 382 382 382 88 88 0 0 0 12 12 193 193 0 0 0 0 0 0 0 0 0 0 0 0 0 0
0 0 0 0 0 0 0 0 0 0 0 0 0 0 80 80 80 0 0 196 196 196 196 286 382 382 88 88 0 0 0 0 0 193 193 193 193 193 0 0 0 0 0 0 0 0 0 0 0 0
