50 400 20
72520 1328
90708 1058
97149 1292
72682 1512
62492 1822
94215 1658
54696 1680
50038 1056
92374 1482
80932 1124
84566 1711
74721 1994
86443 1248
58117 1703
99219 1749
55629 1583
81919 1283
73441 1208
62545 1030
50150 1754
59411 1816
61476 1461
83357 1014
94664 1353
71432 1932
78110 1555
73091 1110
51800 1003
76611 1472
74517 1997
89455 1307
94947 1856
79340 1719
75712 1135
95247 1024
58794 1464
91147 1465
62711 1744
57850 1675
51058 1661
71817 1796
60156 1153
63739 1127
84156 1758
77836 1963
65315 1310
68495 1270
58877 1473
86849 1854
96478 1901
59912 1836
50979 1438
54206 1764
67764 1643
58443 1439
81403 1684
78531 1846
53460 1744
74561 1549
63374 1031
91378 1196
88117 1832
92869 1134
88306 1545
51059 1086
95572 1302
79254 1943
70396 1326
75746 1458
93595 1748
62919 1351
79556 1351
97714 1740
68862 1681
55316 1190
62963 1040
56187 1219
69126 1492
89286 1095
80151 1308
81441 1444
91532 1951
61795 1452
75333 1570
77007 1200
85407 1783
62862 1917
85933 1699
58421 1210
52177 1436
69491 1167
94867 1707
75769 1261
98987 1076
86833 1217
99751 1165
69235 1019
76404 1574
71897 1716
85639 1522
91010 1400
67632 1887
83631 1262
61013 1675
54290 1989
54892 1621
59643 1850
58962 1832
86188 1659
54733 1204
75324 1185
82552 1821
82589 1720
80300 1638
55714 1243
79097 1299
56913 1228
80613 1072
59659 1696
85609 1478
96396 1982
51621 1880
60400 1942
84987 1812
95847 1502
68902 1576
84500 1133
54209 1598
84510 1018
68312 1498
62558 1132
67487 1809
99767 1791
66602 1161
87030 1437
98112 1652
73082 1930
82801 1270
59992 1722
76605 1407
60878 1304
97384 1504
80126 1565
76727 1502
78015 1166
79960 1000
56930 1761
90741 1537
58753 1758
82843 1383
70841 1891
84606 1275
55463 1320
55183 1745
63772 1055
90860 1071
58245 1553
75351 1920
73563 1072
80496 1608
80549 1020
72051 1053
53178 1694
65132 1195
98586 1691
90511 1714
76482 1723
66833 1518
60778 1053
88594 1979
97424 1490
74479 1716
62179 1861
80631 1332
52217 1555
68860 1930
90621 1959
58225 1068
88215 1004
94149 1756
92842 1988
64551 1166
81002 1103
90158 1510
91744 1398
63267 1879
97889 1424
99147 1387
95039 1497
90378 1549
96097 1226
90547 1153
62183 1439
79859 1058
57705 1601
69826 1212
53517 1169
87017 1894
79894 1958
84153 1451
77600 1123
99470 1504
80789 1072
92926 1004
73858 1342
82753 1462
69232 1167
88897 1850
91517 1460
91043 1052
71444 1312
76328 1391
51853 1038
83152 1470
87891 1760
61076 1681
98462 1130
92590 1667
60440 1056
56837 1538
57277 1466
95863 1081
95009 1118
91379 1537
89183 1074
81600 1726
75308 1990
51117 1461
50802 1071
90929 1479
95564 1353
93349 1333
53425 1734
57394 1681
78647 1485
85367 1936
71876 1671
90445 1925
70862 1029
83466 1168
57207 1670
66936 1031
91488 1674
96171 1248
56086 1362
83381 1855
74933 1886
80226 1558
74479 1557
56545 1366
81184 1053
93916 1521
83064 1100
72259 1724
71528 1708
63744 1967
94716 1833
64804 1233
75805 1355
99157 1302
61582 1393
58212 1490
52150 1750
76596 1610
56641 1869
59271 1392
61952 1282
92509 1975
52405 1836
54989 1034
77105 1427
80547 1045
69549 1685
61040 1580
52947 1722
83619 1216
92923 1670
95965 1360
78634 1522
57979 1775
76127 1946
79574 1391
62506 1532
50778 1400
82113 1427
64018 1848
76985 1488
60773 1127
96515 1825
85438 1750
99002 1467
73738 1256
61725 1921
82227 1699
76757 1748
95250 1231
85204 1144
90263 1088
81186 1741
91902 1375
57343 1563
91533 1696
54237 1475
53531 1273
50352 1814
69575 1142
93721 1395
50254 1587
90224 1859
57635 1466
78669 1378
88622 1807
99308 1622
74778 1410
65384 1995
50768 1030
75703 1682
61718 1861
84365 1242
99540 1852
70112 1093
84527 1330
79793 1135
63142 1723
69299 1138
99281 1109
57442 1238
76671 1865
57197 1473
66661 1383
91070 1735
78073 1552
63027 1620
81363 1004
93086 1754
75555 1065
65433 1350
85763 1296
92543 1612
86847 1943
79466 1271
52636 1360
60235 1694
57703 1272
93144 1370
91941 1571
74292 1124
70009 1139
55759 1453
92757 1219
84061 1408
73197 1666
53621 1382
53849 1419
75095 1884
51508 1678
92327 1873
91128 1993
71901 1859
99842 1875
62065 1981
74044 1769
63399 1623
52501 1858
62463 1894
70798 1443
86956 1112
74084 1316
50880 1178
76341 1314
87910 1049
85486 1358
52101 1628
66058 1221
73761 1770
61882 1231
76115 1478
87547 1304
73895 1778
60802 1214
54784 1843
65324 1110
97920 1157
68308 1683
56984 1873
92273 1743
71762 1813
54570 1536
52287 1135
50493 1896
55995 1257
77493 1361
98970 1995
68142 1692
53640 1274
81436 1461
85801 1778
53148 1769
66207 1361
72261 1779
197 197 16 16 16 5 5 0 0 0 0 0 78 0 0 344 0 0 0 218 218 0 0 36 36 36 36 0 0 0 230 230 230 230 0 0 0 0 0 0 0 0 339 339 339 0 0 351 351 351
197 197 16 16 16 5 5 5 0 0 0 78 78 0 0 344 344 344 0 218 218 0 0 383 36 36 36 0 91 0 230 230 387 387 0 0 0 0 0 0 0 0 339 339 339 0 0 351 351 351
0 0 0 0 0 362 0 0 0 0 0 78 78 344 344 344 109 109 121 121 239 239 383 383 383 383 398 398 91 91 230 387 387 0 0 0 0 0 256 0 0 0 0 335 335 123 123 351 0 0
0 0 200 0 0 362 0 0 0 0 0 0 0 344 109 109 109 109 121 121 239 239 24 24 24 383 398 398 329 91 290 290 387 0 185 322 256 256 256 0 0 0 335 335 335 73 123 0 0 0
0 0 200 200 200 362 362 0 319 319 159 159 0 0 0 100 100 109 121 121 121 239 239 239 24 72 72 72 329 290 290 285 285 0 185 322 256 256 256 0 0 0 335 335 73 73 123 139 0 0
0 204 204 204 200 362 362 0 319 319 159 159 192 0 0 100 100 303 88 88 263 239 318 318 72 72 297 297 329 3 290 285 285 0 185 322 322 325 256 0 53 53 119 119 73 268 268 139 0 0
0 204 0 0 200 0 0 0 231 381 381 159 192 192 100 100 303 303 88 88 263 263 318 318 63 63 297 297 329 3 285 285 0 0 185 370 370 325 325 0 0 53 119 198 22 22 268 139 0 0
0 0 0 0 62 0 0 0 231 381 381 159 159 192 100 100 303 303 303 281 263 263 318 318 63 228 228 228 3 3 143 0 0 185 185 370 370 325 325 325 53 53 119 198 22 268 268 139 0 0
0 0 0 0 62 62 62 331 231 231 381 333 160 160 38 38 303 38 38 281 263 293 293 63 63 228 228 157 157 157 143 143 275 275 275 250 250 325 377 377 377 332 119 198 22 268 0 0 0 0
0 0 0 106 106 323 323 331 331 331 333 333 333 160 38 38 38 38 199 281 281 293 293 63 115 359 359 157 173 173 143 275 275 275 250 250 366 377 377 377 377 332 119 198 22 171 226 226 226 226
349 349 0 0 106 106 323 323 331 331 333 321 321 160 212 212 270 270 199 262 61 61 293 63 115 359 359 359 173 173 143 143 246 366 366 366 366 0 0 0 0 332 332 178 33 171 226 226 226 226
349 349 0 184 184 323 323 331 331 316 321 321 212 212 212 270 270 199 199 262 61 61 164 164 115 115 359 359 385 385 246 246 246 52 52 52 110 110 0 0 194 178 178 178 33 171 340 340 186 186
349 349 0 184 184 1 1 1 316 316 321 321 313 313 313 278 233 233 233 262 267 284 284 164 164 115 328 276 385 385 246 371 371 52 52 52 110 110 0 194 194 194 33 33 33 171 340 340 186 186
165 165 165 165 172 291 291 1 316 321 321 28 28 242 313 278 129 233 233 262 267 284 284 217 217 217 328 276 276 276 276 371 371 60 52 107 107 0 0 0 0 194 194 274 274 274 274 186 186 186
0 0 0 41 172 172 291 291 291 291 221 221 28 242 242 278 129 129 129 32 267 267 267 267 217 328 328 97 97 97 40 60 60 60 35 107 107 0 0 0 0 0 194 0 0 0 0 0 0 45
0 0 373 41 41 172 50 50 291 221 221 221 28 242 242 278 273 273 273 32 32 32 208 208 217 328 191 191 220 97 40 40 40 60 35 107 107 0 0 0 0 0 0 0 0 0 0 45 45 45
0 399 373 373 41 50 50 39 17 43 43 43 43 42 240 240 240 273 8 8 147 147 147 208 217 191 191 220 220 31 352 352 352 35 35 0 0 0 0 0 0 0 0 0 341 0 0 0 0 0
0 399 399 373 41 305 305 39 17 17 17 43 42 42 240 219 219 273 8 8 8 8 147 208 19 191 220 220 31 31 179 179 352 35 132 132 132 0 0 166 166 0 337 341 341 341 0 0 0 0
49 258 399 158 158 305 305 39 39 39 336 336 42 42 219 219 151 151 8 394 394 19 147 208 19 191 220 155 155 31 179 179 346 346 346 346 132 0 0 166 0 0 337 341 341 0 0 0 0 0
49 258 258 258 158 44 44 44 44 39 336 336 42 151 151 151 151 151 8 394 394 19 19 19 19 220 220 155 155 31 9 96 96 346 346 346 132 0 0 166 0 0 337 337 287 287 287 0 357 0
49 49 234 234 158 44 203 203 203 39 338 338 42 151 108 108 108 206 206 118 118 118 374 374 19 317 9 9 9 31 9 96 96 96 101 101 132 0 0 311 311 102 102 287 287 82 357 357 357 0
0 0 0 234 234 161 161 161 203 39 189 338 338 202 37 37 108 108 206 206 206 118 374 374 317 317 150 150 9 9 9 195 195 195 101 101 326 326 326 311 311 102 114 287 287 82 82 82 0 0
0 0 379 177 177 161 252 252 252 309 189 189 189 202 288 37 37 330 330 125 125 374 374 374 317 317 280 150 150 76 76 76 76 195 229 133 133 133 326 311 311 102 114 114 114 114 286 286 0 0
0 379 379 177 177 116 252 252 309 309 320 320 202 202 288 288 288 330 330 125 125 125 99 99 317 266 280 280 201 201 201 93 93 93 229 133 342 326 326 391 356 356 356 114 114 114 286 286 286 0
0 0 379 379 314 116 252 252 309 309 320 320 320 202 29 29 330 330 126 135 135 135 99 99 317 266 266 280 308 308 201 201 93 93 229 133 342 342 342 391 391 391 356 353 353 347 347 0 286 0
0 0 0 0 314 116 116 306 306 306 306 306 130 130 29 29 29 126 126 135 135 135 15 15 15 15 266 280 308 18 18 201 64 229 229 229 229 342 312 312 312 152 152 353 353 347 347 0 0 0
0 0 265 314 314 249 116 306 306 306 354 354 130 130 29 29 126 126 271 271 135 135 269 269 269 269 266 266 308 18 18 400 64 64 64 188 188 342 312 193 193 152 152 368 368 0 0 0 0 243
360 360 265 265 265 249 249 249 334 334 354 354 354 372 372 144 144 144 271 271 66 66 393 393 393 292 292 266 58 58 400 400 64 64 64 188 188 146 312 146 193 152 152 368 368 368 243 243 243 243
360 360 265 25 265 334 334 334 334 334 354 382 382 372 372 144 144 144 144 271 66 66 393 393 393 292 292 58 58 58 400 289 289 289 23 23 23 146 146 146 193 193 152 368 196 196 222 254 254 254
360 0 0 25 25 25 397 397 397 397 354 382 382 176 176 207 207 213 213 271 66 272 272 272 364 364 364 149 149 149 149 190 289 113 384 384 23 162 162 13 13 193 193 368 196 95 222 254 254 222
0 0 81 25 25 369 397 397 397 397 237 382 176 176 176 207 207 207 213 232 232 232 232 272 364 364 364 364 364 149 149 190 289 113 384 384 384 162 162 13 13 30 30 30 196 95 222 222 222 222
244 81 81 25 25 369 369 369 260 237 237 382 176 176 176 295 295 295 213 232 145 315 272 272 307 386 386 104 104 21 21 190 11 113 86 86 86 162 13 13 13 30 30 30 95 95 134 134 0 0
244 81 81 375 375 369 369 369 260 237 94 382 26 26 26 295 295 295 145 145 145 315 315 307 307 386 386 104 104 104 21 190 11 113 113 396 86 358 358 358 358 247 247 247 247 247 247 134 134 0
244 81 375 375 375 170 392 260 260 94 94 255 174 174 26 163 163 163 145 140 140 140 315 307 307 75 75 223 104 104 21 11 11 343 113 396 86 4 358 358 80 247 205 124 247 0 0 0 0 0
244 81 363 363 363 170 392 392 392 94 255 255 174 174 87 87 87 163 140 140 140 140 47 47 47 75 75 223 104 21 21 361 361 343 113 396 396 4 358 358 80 205 205 124 210 0 0 0 0 0
120 363 363 395 363 170 392 392 392 392 255 255 174 174 174 174 87 87 282 282 47 47 47 47 47 122 223 223 137 310 310 361 361 343 343 304 304 4 4 169 80 205 124 124 210 0 0 0 0 0
120 120 395 395 363 170 170 54 54 54 255 261 389 389 389 389 301 301 301 282 282 85 227 227 122 122 137 137 137 310 310 378 378 343 343 343 304 304 46 169 80 34 0 0 210 0 0 0 0 0
120 120 395 299 299 70 70 117 54 54 261 261 216 216 216 301 301 301 348 282 12 85 227 227 122 294 294 251 137 310 310 378 378 378 304 304 304 304 46 169 169 34 0 0 210 0 0 259 259 0
71 71 395 299 299 70 117 117 7 7 261 261 68 68 216 214 214 301 348 282 12 85 85 227 227 294 294 251 156 156 310 378 378 175 175 127 127 46 46 169 169 34 34 0 0 0 0 259 259 0
71 71 395 302 299 70 117 117 105 7 48 279 68 68 84 214 214 253 348 348 12 12 85 85 85 294 294 251 156 156 136 136 136 136 175 127 127 46 46 46 169 169 34 34 90 90 90 259 0 0
302 302 302 302 74 0 105 105 105 7 48 279 279 84 84 56 56 253 253 253 111 111 111 111 182 294 154 251 156 238 238 238 238 136 175 153 153 153 283 283 283 283 296 83 90 0 0 259 0 0
302 302 390 390 74 0 0 0 211 0 48 48 279 84 98 98 56 55 55 55 241 241 241 182 182 154 154 20 141 141 215 298 298 168 168 69 69 153 283 283 283 283 296 83 0 0 0 0 0 0
10 10 390 390 74 0 128 211 211 0 0 48 48 48 98 98 56 55 6 55 241 241 59 59 182 154 154 20 141 141 215 298 298 168 168 69 69 92 92 92 92 257 296 83 83 83 83 0 0 0
10 10 390 264 74 0 128 211 14 14 0 48 235 235 235 235 235 55 6 241 241 241 59 182 182 154 154 20 20 20 215 215 112 112 112 69 69 69 103 92 92 257 296 296 57 57 83 277 277 0
10 89 89 264 264 0 128 128 14 0 0 0 0 0 0 235 235 55 6 6 148 148 59 59 365 365 225 225 225 225 79 79 112 112 112 345 345 69 103 92 257 257 355 355 57 57 277 277 277 0
89 89 89 0 264 0 0 128 14 0 0 388 0 0 0 0 367 367 367 148 148 148 148 59 365 365 380 380 225 225 51 79 79 112 183 183 345 345 103 92 257 257 355 355 57 57 57 209 209 0
89 67 67 0 0 0 0 0 14 14 0 388 0 0 0 0 367 367 367 245 245 245 131 131 131 131 380 380 51 51 51 65 376 376 183 181 181 181 103 103 257 324 355 236 236 236 236 209 209 0
67 67 327 327 0 0 167 0 138 138 388 388 0 0 0 0 367 367 187 245 245 142 131 131 131 131 300 300 65 65 65 65 376 376 183 181 0 0 248 248 248 324 324 324 0 0 224 224 2 0
27 27 327 327 167 167 167 0 138 138 388 0 0 0 0 0 187 187 187 142 142 142 0 0 0 77 300 300 65 0 0 0 350 350 350 0 0 0 0 248 248 324 324 324 0 0 224 224 2 0
27 27 327 0 0 0 0 0 0 0 0 0 0 0 0 180 180 180 187 0 0 0 0 0 0 77 77 77 77 0 350 350 350 0 0 0 0 0 0 0 248 0 0 0 0 0 224 224 2 2
