50 400 20
51222 1598
57753 1125
71960 1112
50501 1351
97976 1970
82411 1594
95569 1990
72430 1537
50243 1801
97233 1982
86009 1011
82935 1971
96345 1206
52238 1385
94320 1601
74980 1702
98339 1060
68812 1409
57903 1431
73770 1606
99300 1945
92298 1690
51110 1364
88436 1948
55862 1981
92103 1282
85824 1844
93358 1118
91790 1513
71943 1775
78238 1849
65625 1877
96589 1413
90726 1233
96212 1179
66498 1033
98218 1554
83881 1377
71436 1767
54702 1612
66502 1063
52477 1813
65252 1124
97286 1726
82434 1119
99244 1481
79981 1241
92356 1957
88330 1782
98145 1161
53220 1067
88888 1935
93663 1053
70389 1883
88898 1888
89024 1035
97199 1597
79251 1446
65173 1515
68051 1326
99461 1929
53202 1735
77056 1433
63427 1674
93496 1820
50839 1253
85493 1023
72052 1724
67657 1981
58509 1090
61171 1033
68443 1983
82375 1660
53597 1958
99439 1635
77769 1396
87645 1917
85344 1331
95235 1940
90303 1168
97858 1267
62705 1437
71944 1131
97604 1889
77038 1320
61011 1978
50352 1064
50150 1642
97512 1420
64179 1798
77927 1883
87039 1109
81970 1906
75381 1943
90487 1740
55722 1415
55983 1983
99904 1959
58267 1102
56087 1848
62534 1693
57946 1795
73822 1955
55985 1185
83134 1210
62058 1789
91989 1172
98911 1705
56454 1088
73403 1420
95836 1593
64448 1655
80861 1144
72155 1247
65392 1243
68996 1926
89413 1088
82127 1761
50102 1545
70254 1214
85700 1931
84152 1073
77600 1442
77431 1299
57435 1763
79586 1821
61588 1869
55563 1023
95961 1235
50757 1073
95885 1100
99713 1031
67132 1515
78746 1302
67357 1122
80074 1098
92521 1778
68017 1285
87135 1863
76206 1458
67762 1349
85340 1179
87640 1096
87777 1555
93591 1073
91288 1495
94149 1232
64149 1395
75416 1022
61915 1842
88497 1771
97240 1867
82622 1349
74742 1887
74506 1240
81051 1415
90946 1103
91005 1056
68729 1329
87758 1930
92283 1494
89631 1283
51255 1718
75163 1009
99985 1978
84947 1002
50755 1416
93674 1637
62568 1654
84649 1580
98242 1291
52622 1993
81667 1388
61272 1527
87799 1038
81711 1782
54655 1754
60534 1051
66713 1430
98211 1443
88667 1927
51597 1014
81082 1754
90143 1340
89067 1519
69244 1267
95142 1276
99923 1728
55733 1677
82557 1585
64443 1711
56617 2000
74846 1875
69584 1298
70930 1627
72518 1243
59823 1581
82822 1017
59755 1823
82462 1273
96017 1770
83195 1909
97680 1125
89063 1139
68501 1796
89330 1782
63697 1337
73463 1881
68240 1874
58210 1150
63622 1955
80569 1428
98013 1365
71086 1524
83703 1382
65984 1693
96399 1122
75852 1228
81504 1902
57273 1346
64871 1947
54474 1325
93203 1270
75835 1954
80217 1459
95948 1577
96902 1218
93631 1192
57905 1539
85183 1060
71929 1349
51917 1744
50510 1725
53527 1975
58137 1174
89671 1429
61272 1809
99325 1179
58109 1354
95334 1752
52145 1222
86781 1968
61139 1976
84546 1979
85398 1958
96422 1625
56588 1744
74827 1009
89239 1154
91994 1414
85434 1540
50003 1960
78337 1443
72292 1736
78991 1927
71943 1166
89538 1781
95935 1471
50670 1264
98781 1825
68750 1421
85296 1643
61261 1822
60768 1027
66549 1458
96992 1030
74359 1030
67837 1368
64379 1223
81565 1583
64762 1885
53791 1802
50501 1751
64394 1400
95168 1396
93267 1055
75696 1782
97712 1879
61359 1167
86918 1100
61349 1543
89222 1135
87417 1483
97936 1909
52470 1117
89559 1231
87197 1004
70607 1345
97387 1753
85765 1501
81264 1052
59756 1586
55745 1866
84725 1917
82119 1077
78993 1147
93827 1487
85575 1580
83110 1059
81373 1476
84737 1839
78833 1646
58103 1405
57592 1131
64830 1724
83190 1122
59734 1013
85034 1920
71942 1741
71257 1736
99882 1958
91989 1057
77265 1819
58987 1946
79343 1199
71759 1009
70767 1040
59341 1037
75753 1987
70776 1265
72507 1364
68928 1268
93096 1518
90474 1086
64705 1379
65879 1949
65714 1018
79016 1498
74766 1603
87575 1215
63893 1178
88983 1318
93161 1174
68965 1194
62591 1213
54006 1402
67261 1983
88359 1421
81558 1038
85528 1432
94973 1855
72475 1617
53834 1546
65207 1328
95000 1342
91643 1453
80317 1787
68932 1946
97953 1768
91218 1104
56727 1384
89759 1545
71594 1843
69672 1611
82821 1400
89573 1827
74243 1980
75632 1251
58809 1142
97851 1975
72124 1877
65282 1529
95036 1797
91057 1352
63471 1361
71969 1990
51884 1110
90406 1877
51736 1842
86321 1038
84101 1612
90659 1316
63367 1558
84284 1396
58292 1292
86807 1624
85430 1702
80203 1546
64240 1580
81215 1324
80385 1888
85351 1517
95664 1853
78173 1570
51894 1221
75640 1711
73184 1350
86140 1329
80598 1111
91856 1678
77923 1934
64383 1794
56782 1865
61806 1206
73196 1129
89513 1616
98742 1922
74977 1056
71362 1794
92184 1917
390 390 0 0 0 0 0 0 0 0 0 0 0 91 91 0 0 0 135 209 0 0 0 0 0 0 0 254 254 0 0 0 298 298 114 114 114 114 96 96 96 0 152 152 152 220 220 331 331 331
390 390 0 0 0 0 0 0 0 0 0 0 0 91 91 329 0 135 135 209 0 0 0 0 0 0 254 254 2 0 0 0 298 298 114 114 0 0 96 96 0 0 152 92 92 220 220 331 341 341
390 390 390 0 0 0 0 0 0 0 0 0 33 33 303 329 0 135 89 209 0 0 0 379 379 0 87 87 2 2 2 0 0 0 0 0 0 0 96 96 0 79 79 92 92 220 341 341 341 341
371 371 38 0 0 0 0 0 0 268 268 0 33 33 303 329 217 217 89 209 209 209 0 0 379 379 87 124 124 124 124 0 0 0 0 397 397 0 96 0 0 79 116 375 375 375 0 0 0 0
371 371 38 0 0 0 0 0 0 268 268 106 303 303 303 329 217 217 89 90 90 209 0 0 0 131 87 87 87 87 124 0 0 0 266 397 397 0 68 68 79 79 116 375 361 361 361 361 0 0
0 38 38 29 29 29 0 0 0 0 0 106 329 329 329 329 217 89 89 113 90 90 90 0 0 131 102 102 102 102 230 230 230 230 266 266 0 0 68 68 68 116 116 375 361 0 0 0 0 0
0 38 38 29 309 309 0 244 244 240 0 106 74 273 273 217 217 238 238 113 90 90 232 232 229 131 142 142 283 283 391 391 391 266 266 266 0 395 68 324 116 116 375 375 278 0 0 0 0 0
0 0 0 346 309 309 346 244 244 240 0 106 74 273 273 238 238 238 238 113 113 330 232 229 229 131 142 142 283 283 391 391 391 110 110 266 395 395 144 324 111 111 307 307 278 0 0 0 0 0
0 0 0 346 346 346 346 61 244 240 240 106 74 48 48 48 48 48 238 238 344 330 232 229 357 357 357 142 283 283 391 52 52 52 110 110 395 395 144 324 324 111 307 307 278 278 0 0 0 0
0 0 0 214 214 214 61 61 237 240 240 240 74 74 140 140 48 48 195 195 344 330 330 333 357 6 80 80 148 55 258 258 52 52 110 110 139 144 144 139 139 111 192 192 192 0 0 0 0 0
0 0 0 214 126 126 61 198 237 237 95 95 74 60 140 140 314 314 195 195 344 333 333 333 333 6 80 80 148 55 258 115 115 300 300 300 139 139 139 139 139 286 286 286 192 0 0 15 15 0
0 0 0 214 126 126 198 198 177 237 95 95 95 60 314 314 314 314 314 314 344 130 276 19 19 6 117 148 148 55 258 115 115 300 300 300 300 109 109 339 339 286 299 299 192 192 0 15 15 0
0 0 0 0 49 198 198 198 177 177 177 95 95 60 10 10 10 10 171 130 130 130 276 276 19 6 117 117 117 55 55 115 115 295 300 188 188 188 109 339 339 286 299 299 192 192 168 350 350 0
0 0 323 323 49 56 316 316 316 316 177 183 183 60 340 340 10 28 171 171 171 354 276 276 19 210 210 117 117 73 73 115 115 295 295 295 188 188 109 145 145 145 145 145 305 168 168 350 350 0
0 0 323 323 49 56 56 56 377 377 377 377 183 60 224 340 28 28 171 354 354 354 320 276 19 51 210 210 73 73 34 34 181 181 181 107 107 107 107 343 305 305 305 305 305 168 174 350 0 0
0 0 0 0 49 56 381 381 99 99 183 183 183 224 224 340 28 246 246 236 320 320 320 51 51 51 5 5 349 34 34 34 181 127 127 107 107 343 343 343 265 265 265 265 174 174 174 0 0 0
0 0 0 0 49 381 381 99 99 186 186 183 183 224 45 340 340 246 236 236 320 43 43 369 369 5 5 5 349 349 34 34 181 127 127 107 137 184 184 343 343 265 265 265 174 174 174 0 0 0
342 342 154 154 277 231 231 99 186 186 186 186 66 185 45 13 340 246 236 43 43 43 369 369 369 176 176 176 182 349 182 42 137 137 137 137 137 184 184 343 343 147 147 147 147 147 318 347 347 0
342 342 154 154 277 231 231 99 99 389 66 66 66 185 45 13 13 13 151 151 43 156 156 156 156 176 176 176 182 182 182 42 8 8 8 8 137 184 184 184 22 22 158 147 318 318 318 347 347 347
342 342 342 154 277 277 364 364 364 389 66 66 185 185 45 143 143 143 151 151 43 156 156 281 281 281 176 176 293 293 190 42 42 8 8 8 137 282 282 184 22 22 158 352 352 352 352 347 0 0
204 204 204 108 108 364 364 288 288 389 389 389 193 374 374 374 223 143 151 151 151 151 164 164 281 281 338 293 293 190 190 190 260 260 313 313 313 282 282 282 22 22 158 304 304 304 347 347 0 0
204 204 204 108 81 81 364 288 288 389 389 389 193 374 35 35 223 143 222 222 355 355 164 84 105 105 338 338 338 190 190 190 260 260 169 169 313 282 262 27 27 27 158 304 304 321 321 187 0 0
0 367 367 108 81 81 0 25 25 25 25 193 193 193 35 35 223 222 222 40 355 355 164 84 105 105 338 373 373 120 334 334 260 260 169 169 262 262 262 27 241 241 158 304 321 321 187 187 0 0
0 367 367 0 0 0 0 25 167 167 25 193 193 193 35 35 223 222 222 40 355 355 355 84 84 84 373 373 120 120 334 334 260 157 157 157 262 172 172 27 241 94 77 132 132 132 302 187 0 0
0 170 170 170 170 0 0 167 167 0 0 308 308 308 250 35 23 222 222 40 40 287 44 301 301 200 200 200 120 334 334 334 260 196 196 157 398 172 172 72 241 94 77 132 132 132 302 187 0 0
0 16 16 16 0 0 0 0 0 0 0 308 216 250 250 23 23 37 37 287 287 287 44 301 301 200 133 133 133 133 208 208 196 196 196 157 398 398 398 72 94 94 77 132 383 63 302 187 0 0
16 16 0 0 0 0 0 0 219 219 317 317 216 250 250 23 20 37 37 44 44 44 44 392 301 301 64 64 253 133 208 208 196 196 196 345 345 382 382 72 94 77 77 77 383 63 302 302 0 0
16 0 0 82 82 82 82 0 0 219 219 317 216 216 23 23 20 20 85 85 78 78 264 392 301 301 64 64 253 119 119 119 312 345 345 345 345 382 382 72 94 77 284 284 383 63 263 263 0 0
0 0 0 82 82 82 0 0 0 199 199 317 216 17 17 98 20 20 85 85 234 78 264 392 337 337 337 253 253 203 203 119 312 312 345 345 372 372 382 382 94 284 284 269 383 63 263 263 0 0
0 0 0 191 191 0 0 199 199 199 199 199 353 17 17 98 85 85 85 85 234 78 264 392 337 57 57 57 57 203 203 203 358 312 358 358 372 372 372 382 289 289 284 269 269 9 9 9 0 0
294 0 0 191 191 191 311 62 62 180 180 180 353 353 98 98 1 1 1 1 234 234 264 264 235 57 386 386 203 203 359 358 358 358 358 100 306 306 306 289 289 289 284 269 269 9 9 9 310 328
294 0 121 121 121 121 311 62 62 180 180 180 353 353 98 93 93 1 1 1 215 215 227 227 235 235 386 386 203 359 359 194 194 70 70 100 100 100 306 306 4 4 270 270 270 270 310 310 310 328
294 294 121 53 53 121 311 62 62 129 129 129 32 32 32 93 93 93 215 215 215 207 207 227 227 235 386 386 359 359 194 194 194 70 70 70 160 160 306 306 4 4 270 270 270 270 0 0 0 328
294 294 245 245 53 53 311 255 255 129 32 32 32 32 159 159 159 88 88 88 88 207 207 348 138 138 386 21 21 21 21 194 194 247 70 160 160 160 319 319 319 319 319 153 0 0 0 0 0 328
294 294 245 245 0 0 0 255 255 129 39 39 228 228 159 159 252 252 252 252 252 376 376 348 348 138 138 21 21 21 21 247 247 247 325 160 160 83 319 319 319 153 153 153 0 0 0 0 0 0
0 0 0 0 0 275 275 36 393 393 39 39 228 228 165 165 252 252 252 14 14 376 376 348 348 348 348 360 360 360 225 325 325 325 325 83 83 83 221 197 197 197 0 0 0 0 0 0 0 0
0 0 146 146 146 275 275 36 393 393 165 165 165 165 165 165 47 47 123 14 14 257 257 155 155 394 394 360 360 360 225 225 225 325 103 103 103 112 221 221 221 197 211 211 351 351 0 0 0 0
0 146 146 146 368 368 36 36 36 226 226 226 226 226 202 47 47 47 123 75 75 257 257 155 242 394 394 179 179 279 279 279 387 387 103 103 103 112 112 30 221 30 30 211 351 351 0 128 128 128
0 0 0 368 368 368 36 36 296 296 136 202 202 202 202 356 47 47 123 123 75 75 257 155 242 31 31 31 179 279 387 387 387 205 18 18 103 59 112 30 30 30 30 211 69 259 259 272 272 128
0 380 380 368 285 285 285 285 296 296 136 136 118 118 202 356 47 290 388 123 11 11 11 242 242 31 31 31 179 7 239 205 205 205 18 59 59 59 112 251 251 251 251 69 69 259 259 272 272 128
0 380 380 368 285 285 3 3 149 149 136 136 118 118 356 356 362 290 388 388 11 122 122 242 122 122 271 7 7 7 239 239 213 213 18 18 59 59 251 251 251 251 400 69 86 86 259 259 336 336
384 384 384 368 104 104 3 149 149 149 58 58 58 297 356 356 362 290 290 388 11 11 122 122 122 122 271 271 271 271 271 239 213 213 18 18 59 0 0 0 400 400 400 385 86 86 259 259 336 336
384 65 65 104 104 104 3 274 58 58 58 58 58 297 297 297 362 290 290 388 291 291 396 396 396 292 292 292 166 166 166 239 46 46 18 0 0 0 0 0 0 0 400 385 385 175 175 175 0 0
384 65 256 256 104 97 274 274 178 178 178 178 335 335 335 335 362 24 291 291 291 291 396 396 218 218 280 292 166 166 134 327 327 46 363 363 363 363 162 12 0 0 0 0 385 385 385 175 0 0
384 65 256 256 141 97 274 274 274 274 178 178 161 163 163 24 24 24 291 399 26 322 322 322 218 218 280 280 280 134 134 327 327 46 46 46 201 370 162 12 12 0 0 0 366 54 54 54 0 0
378 378 326 326 141 97 71 71 71 161 161 161 161 125 163 163 163 399 399 399 26 26 322 322 189 189 280 280 280 134 41 41 76 76 201 201 201 370 162 162 12 0 0 366 366 54 54 206 0 0
365 378 326 141 141 97 71 67 67 243 243 249 161 125 125 125 332 332 399 399 26 26 26 0 189 189 0 0 0 41 41 41 173 76 76 150 150 370 248 248 12 0 0 366 366 366 206 206 0 0
365 378 326 326 0 0 67 67 67 243 243 249 249 315 315 0 332 332 399 399 0 0 26 0 0 0 0 0 0 41 41 41 173 150 150 150 150 370 248 248 267 0 0 0 212 366 206 206 0 0
365 365 0 326 326 0 67 67 101 101 101 261 249 315 0 0 332 332 0 0 0 0 0 0 0 0 0 0 0 0 233 233 173 173 0 50 50 50 50 50 267 0 0 0 212 212 0 0 0 0
365 365 0 0 0 0 0 0 101 261 261 261 261 315 315 0 0 332 0 0 0 0 0 0 0 0 0 0 0 0 233 233 0 0 0 0 0 0 0 267 267 0 0 0 212 212 0 0 0 0
