50 400 20
99746 1053
75359 1526
52804 1712
76980 1578
85642 1925
96276 1958
96367 1266
58261 1402
85030 1612
51252 1033
50741 1406
93718 1028
70495 1180
62790 1800
86262 1354
67389 1397
62798 1673
76758 1865
79628 1626
50229 1905
74072 1529
60065 1271
84322 1943
53609 1291
55094 1133
56576 1301
72066 1978
67708 1067
59119 1341
89770 1750
74286 1686
79634 1343
98309 1016
68577 1956
55463 1417
71699 1400
95356 1012
92566 1506
54424 1219
81330 1922
85286 1377
55095 1892
66948 1051
62721 1196
60396 1923
98742 1000
73904 1618
68081 1033
64617 1002
86811 1378
91643 1390
70511 1046
90625 1177
75717 1568
87980 1550
76907 1961
77376 1830
74413 1269
62281 1184
62835 1947
68266 1838
76701 1047
69940 1054
95873 1658
90004 1767
62452 1145
61783 1934
53226 1963
86578 1339
81777 1402
53873 1198
64139 1901
86125 1241
89191 1760
97343 1328
52353 1216
95651 1315
88480 1828
68371 1471
97651 1050
53679 1661
74618 1593
78919 1293
65780 1865
94466 1076
62924 1928
77429 1007
66556 1221
53328 1988
94985 1753
89907 1154
67885 1913
61992 1747
79808 1090
69126 1028
62482 1179
63200 1810
93511 1898
63700 1471
59225 1431
83086 1034
59776 1837
52769 1095
72749 1552
72984 1721
88960 1264
80091 1393
86626 1429
78856 1895
59596 1669
69201 1370
78625 1350
99697 1157
94563 1021
80698 1216
67882 1093
80751 1142
50905 1422
86480 1331
70802 1643
80422 1099
97624 1544
54369 1391
61368 1012
87201 1559
99213 1390
54897 1240
94961 1558
53398 1570
76174 1605
54876 1413
65884 1644
92232 1743
70891 1371
51513 1452
71798 1188
95466 1146
61413 1504
59840 1156
92552 1776
50253 1065
97036 1582
93538 1414
92621 1583
54276 1898
68251 1173
53784 1913
54618 1742
89725 1661
66594 1995
58963 1682
95125 1766
54076 1815
79452 1395
56431 1121
70246 1253
61121 1092
89301 1211
82231 1190
97905 1375
96082 1984
73168 1178
62865 1328
74428 1379
76447 1488
56710 1189
55387 1625
55607 1761
85767 1376
54677 1530
83050 1118
83940 1275
75448 1476
57470 1128
88035 1864
68979 1605
76027 1333
94909 1017
93162 1317
81427 1541
50408 1551
56350 1656
61165 1383
54801 1641
86209 1290
63067 1567
78692 1895
91975 1685
51119 1310
89695 1900
86740 1691
57731 1529
88371 1190
62528 1818
72017 1828
60797 1977
76188 1256
52011 1869
51756 1494
94235 1926
99536 1066
62767 1636
94143 1550
97682 1046
73456 1505
75419 1988
54322 1092
93328 1178
73628 1110
63342 1457
83561 1058
87657 1944
70132 1517
92787 1591
70298 1761
61286 1964
78315 1527
91078 1382
54194 1461
72584 1365
73560 1209
94487 1591
61839 1041
74275 1647
66667 1672
85568 1406
90494 1472
76384 1507
78522 1209
52622 1992
92823 1909
66391 1629
74681 1600
84311 1326
85834 1592
57561 1765
52191 1198
68151 1019
88844 1052
77617 1530
64551 1394
88104 1938
50244 1664
77553 1956
60350 1901
71112 1347
86721 1716
54675 1234
96394 1802
50264 1299
76194 1026
66839 1594
95810 1225
69625 1220
92004 1987
57715 1607
82667 1325
55722 1988
51936 1330
95452 1542
98851 1641
97258 1740
78747 1027
86235 1169
69290 1139
98754 1941
99172 1215
84819 1225
57246 1699
82207 1364
54524 1586
84571 1095
87101 1906
67466 1414
64947 1324
79495 1811
72502 1228
71681 1588
82579 1851
53348 1272
85139 1244
89373 1972
76560 1013
74924 1834
93504 1026
53062 1220
54915 1901
50780 1258
58495 1434
51605 1068
58316 1604
80314 1143
64968 1768
71073 1518
88860 1311
54063 1056
69796 1184
85329 1713
65123 1016
98196 1818
54295 1176
68853 1826
84009 1398
94095 1162
77303 1803
96363 1994
86942 1010
80956 1757
54816 1198
72208 1196
97803 1877
71888 1389
54290 1777
92670 1398
53362 1740
85430 1266
68047 1409
50584 1777
66011 1557
58887 1639
91807 1225
96700 1660
51265 1582
99167 1045
73705 1354
54264 1735
74326 1368
76466 1039
93723 1855
87447 1584
92823 1485
58273 1813
88993 1408
82437 1157
59017 1631
88946 1339
67247 1819
99281 1994
73251 1374
76025 1575
76942 1602
72735 1179
83795 1781
57016 1338
72043 1747
79697 1917
92930 1137
89180 1559
53812 1409
83158 1409
78224 1391
87716 1900
70582 1761
58034 1435
62055 1573
58657 1011
55017 1901
75505 1881
96354 1480
95945 1749
87587 1073
84446 1403
81494 1262
87886 1423
85017 1587
87965 1949
79542 1890
99081 1302
53271 1126
61835 1626
66122 1419
53604 1821
86125 1253
95477 1634
90359 1705
69260 1198
53592 1243
95233 1949
65895 1179
61276 1445
82196 1472
65352 1972
52733 1974
72243 1441
52387 1516
55702 1299
84356 1438
75393 1168
87258 1606
94233 1368
82809 1714
60781 1078
82828 1257
77661 1659
86605 1947
74455 1574
81080 1367
77935 1192
66054 1620
69986 1808
0 0 0 0 0 306 306 344 344 344 0 226 226 0 0 0 0 0 57 57 57 0 0 0 0 0 0 0 0 0 0 322 322 175 175 175 175 0 0 0 0 0 0 0 0 0 0 0 0 0
0 0 0 0 0 306 306 344 344 0 0 226 384 108 108 108 62 57 57 0 0 0 0 0 0 0 0 0 80 80 0 0 322 322 175 175 321 321 321 321 340 0 0 0 0 0 0 0 0 0
0 0 0 0 205 247 247 329 326 326 0 226 384 108 108 62 62 57 57 0 0 0 0 0 283 283 283 283 80 80 0 0 249 249 249 310 310 25 340 340 340 0 0 0 0 0 0 199 199 0
0 0 0 205 205 247 247 329 92 326 0 226 384 119 119 62 0 0 0 0 0 0 0 0 190 283 283 283 283 80 0 0 249 249 116 116 310 25 25 361 361 361 0 0 0 0 0 199 199 141
0 0 0 205 205 194 329 329 92 326 0 106 106 119 119 0 0 0 0 0 0 386 0 0 190 190 369 369 369 369 94 94 116 116 116 116 310 25 99 99 146 361 361 0 0 0 0 141 141 141
0 0 0 205 205 194 329 329 92 92 106 106 106 271 119 0 0 0 0 0 0 386 163 163 163 190 190 369 369 369 94 94 207 207 207 116 116 25 392 99 146 0 0 0 0 0 0 141 0 0
0 0 244 244 31 194 194 194 194 194 194 106 273 271 119 0 0 0 263 263 234 386 163 163 277 277 190 64 64 55 385 385 207 73 207 186 186 25 392 99 146 0 0 0 0 0 172 172 0 0
0 0 244 244 31 399 399 399 399 203 273 273 273 271 271 0 49 49 263 263 234 386 217 277 277 277 190 64 64 55 385 385 207 73 243 186 186 231 392 392 146 146 0 262 0 0 172 172 0 0
0 244 244 244 31 399 203 203 203 203 273 271 271 271 52 149 149 49 49 234 234 386 217 277 277 55 55 55 55 55 276 276 276 73 243 243 243 231 231 231 146 146 262 262 0 282 282 282 314 314
0 0 0 244 31 311 203 266 266 203 203 388 318 318 52 149 149 49 49 250 367 367 217 44 44 55 156 373 373 373 276 276 276 73 294 294 294 231 231 231 191 191 262 0 0 0 0 282 314 314
0 0 0 311 311 311 266 266 362 362 362 388 318 52 52 9 149 49 250 250 367 97 217 217 44 44 156 373 373 373 276 135 48 161 161 161 294 294 294 309 309 191 196 196 0 46 46 136 136 136
0 0 0 0 0 14 266 18 206 206 362 388 318 52 52 9 381 381 250 290 367 97 97 97 195 156 156 156 373 373 135 135 48 71 71 161 161 245 245 309 309 191 196 196 0 0 46 136 136 136
0 0 0 0 0 14 14 18 18 206 388 388 318 84 84 9 381 381 250 290 290 34 34 34 195 287 287 287 287 135 135 48 48 71 71 272 161 245 245 309 320 191 196 196 0 0 46 346 246 246
0 0 0 0 258 258 14 18 18 206 388 293 293 84 84 9 381 381 255 255 290 34 195 195 195 195 287 287 8 135 135 48 48 71 72 272 161 320 320 320 320 191 191 196 196 301 301 346 346 246
0 0 0 0 258 42 42 42 42 206 74 74 293 293 50 50 381 381 255 255 290 290 195 195 96 96 96 287 8 395 395 395 48 72 72 272 272 228 228 3 3 3 3 3 185 185 301 346 346 246
0 0 317 317 258 42 42 42 42 206 74 74 293 50 50 38 38 38 264 264 264 65 65 65 96 8 8 8 8 395 395 395 72 72 160 379 272 181 228 228 181 181 3 3 185 185 301 346 346 98
0 0 317 133 133 133 133 21 21 21 74 74 1 1 1 1 38 38 264 142 65 65 394 394 394 171 171 171 171 165 165 72 72 160 160 379 379 181 181 181 181 181 300 300 120 120 120 120 98 98
0 0 317 105 105 133 319 319 21 21 74 74 178 178 178 303 303 303 142 142 142 316 316 335 394 377 377 165 165 165 165 72 160 160 379 379 379 248 75 75 86 300 300 242 120 120 198 198 98 98
0 0 317 105 105 133 319 319 177 21 43 43 43 393 178 303 303 303 142 142 142 316 316 335 335 377 377 165 88 88 88 88 160 160 137 137 248 248 75 86 86 86 242 242 120 120 198 198 350 350
0 0 357 357 68 68 68 68 177 21 43 184 184 393 393 393 214 214 214 292 302 302 335 335 335 335 10 10 308 308 308 308 308 2 2 137 248 248 75 157 157 86 242 242 236 236 236 236 236 350
0 0 357 0 0 68 68 68 177 179 179 184 184 393 348 341 341 214 214 292 167 302 182 182 378 378 378 10 10 5 5 308 308 2 2 137 137 137 157 157 157 22 242 242 28 28 28 28 28 350
0 0 357 0 0 0 177 177 177 179 179 333 333 348 348 341 341 352 281 292 167 302 182 260 260 260 378 378 5 5 5 299 299 299 313 313 137 121 157 157 22 22 0 0 0 0 0 0 372 372
0 0 0 0 0 176 176 134 134 333 333 333 333 348 155 352 352 352 281 292 167 182 182 167 260 260 383 383 5 4 327 299 299 299 299 313 137 121 121 121 22 22 0 0 328 328 328 0 372 372
334 334 0 0 176 176 176 134 134 333 36 36 155 155 155 222 222 281 281 123 167 167 167 167 383 383 383 383 5 4 327 279 279 279 279 313 173 173 173 364 364 364 0 0 328 132 132 0 0 0
0 334 334 334 351 351 230 230 230 230 230 36 36 155 155 109 222 398 398 123 123 27 27 220 220 220 154 4 4 4 327 327 345 345 286 286 286 286 173 173 173 364 364 218 218 218 132 270 270 270
0 0 0 334 351 351 230 374 24 24 288 288 288 109 109 109 222 398 398 123 123 129 27 27 27 220 154 261 261 47 47 345 345 345 202 202 265 82 82 126 126 126 126 218 218 132 132 270 0 0
0 0 0 35 351 374 374 374 24 24 291 291 288 215 109 112 148 148 148 123 123 129 129 27 12 12 154 154 261 47 211 211 211 211 202 265 265 82 82 82 107 107 107 363 363 363 132 270 0 0
0 0 0 35 35 315 315 315 291 291 291 215 215 215 112 112 148 278 278 59 59 59 129 140 12 387 387 192 261 47 152 152 239 239 202 265 265 93 93 93 107 144 144 363 363 363 0 0 0 0
0 0 0 229 35 315 315 315 315 291 60 60 60 60 112 29 29 278 278 59 140 140 140 140 12 387 387 192 219 219 347 152 152 239 239 239 239 93 115 297 297 144 144 363 363 0 0 0 0 0
0 0 229 229 304 304 208 208 208 208 359 359 79 79 79 29 29 180 180 180 180 140 66 66 66 66 192 192 219 219 347 347 347 114 114 254 254 115 115 297 297 144 144 144 144 0 0 331 331 331
0 229 229 229 304 304 131 131 208 208 359 359 79 79 79 79 29 180 370 370 370 66 66 223 66 66 375 219 219 13 347 347 114 114 254 254 77 115 115 115 382 0 0 0 0 0 0 331 331 331
0 0 0 229 213 213 131 131 208 20 20 20 20 20 349 349 118 118 370 174 174 164 164 223 375 375 375 13 219 13 347 347 81 17 254 254 77 382 382 382 382 0 0 0 0 0 0 0 130 331
342 0 0 58 58 213 213 101 101 101 101 20 20 20 349 349 118 118 370 174 174 164 164 223 223 366 366 13 13 13 201 201 81 17 17 77 77 150 150 125 125 268 268 0 0 70 130 130 130 0
342 58 58 58 78 78 101 101 380 101 63 343 343 343 221 349 197 197 11 11 11 164 164 164 223 366 366 225 13 13 201 201 81 17 17 150 150 150 150 240 125 268 268 296 70 70 0 0 0 0
342 342 145 58 78 39 39 355 380 101 63 63 63 343 221 221 221 197 11 90 11 360 360 360 168 33 33 225 147 147 201 81 81 17 17 150 150 240 240 240 125 125 103 296 70 253 253 253 253 295
238 145 145 200 78 200 39 355 380 356 356 343 343 343 275 275 275 197 11 90 11 360 360 360 168 33 225 225 147 147 201 201 81 81 17 285 285 390 390 390 125 125 103 296 296 253 253 253 253 295
238 30 145 200 200 200 39 355 380 356 356 210 210 210 275 275 305 305 11 90 90 90 360 360 168 33 33 87 87 41 41 233 113 113 143 285 285 390 390 390 125 61 103 296 296 296 138 295 295 295
238 30 145 200 200 298 298 355 355 356 210 210 210 110 110 110 110 305 305 76 76 259 259 259 168 337 337 111 87 41 41 233 113 113 143 143 285 285 89 89 61 61 103 232 232 232 138 138 138 295
238 30 30 159 159 298 298 355 355 237 237 237 237 110 110 110 227 227 305 76 76 259 259 259 259 337 337 111 87 188 41 233 113 113 113 143 353 89 89 307 61 324 324 324 324 232 232 56 56 56
238 238 51 51 159 159 159 159 159 237 237 237 85 85 252 252 252 227 305 354 54 54 40 267 267 267 111 111 188 188 188 233 233 122 122 122 353 353 353 307 19 19 23 23 117 117 232 232 56 56
0 0 51 51 159 0 0 274 274 169 169 169 85 85 252 252 252 227 354 354 54 54 40 267 339 339 111 111 188 188 188 26 26 122 122 391 391 307 307 307 19 19 23 23 23 117 193 232 56 0
0 0 0 0 0 0 274 274 274 397 397 169 336 336 252 252 389 389 354 354 40 40 40 339 339 127 111 325 365 365 162 26 26 391 391 391 391 91 187 187 37 37 117 117 117 117 193 193 0 0
0 0 0 0 0 0 274 396 396 397 397 169 336 336 45 45 330 389 389 251 251 251 251 0 127 127 111 325 365 365 162 162 162 212 212 391 391 91 91 187 37 37 104 104 104 104 104 193 0 153
0 83 83 83 0 235 274 396 396 397 397 323 323 323 45 45 330 330 330 330 251 251 0 0 127 256 325 325 365 338 338 204 204 212 212 158 158 91 91 187 37 368 368 368 189 104 104 193 153 153
0 0 83 83 235 235 0 0 0 0 332 332 332 323 45 371 330 100 100 100 251 251 0 0 127 256 256 256 139 338 338 204 204 257 257 158 158 91 91 37 37 368 189 189 189 0 0 0 153 153
0 0 83 83 235 53 269 269 269 0 332 224 224 371 371 371 0 100 100 100 0 0 0 0 0 256 256 139 139 139 204 204 204 257 257 67 158 16 16 16 16 368 368 368 368 0 0 0 0 0
0 15 15 124 124 53 53 269 269 0 0 224 224 0 0 0 0 400 400 400 400 0 0 0 0 284 256 139 139 139 183 183 204 166 257 67 67 67 0 0 312 312 102 102 102 102 0 0 289 69
0 15 124 124 241 241 53 0 0 0 6 6 7 7 7 0 400 400 95 95 95 0 0 376 376 284 284 284 284 284 183 183 216 166 166 166 151 0 0 0 312 312 280 280 280 280 0 289 289 69
0 15 32 32 32 241 241 0 209 209 6 6 0 0 7 0 0 0 95 170 170 0 0 376 376 0 0 0 128 128 216 216 216 0 151 151 151 0 0 0 0 358 358 358 280 280 0 289 289 69
0 0 0 0 32 32 32 0 209 209 209 209 0 0 0 0 0 0 95 95 170 170 0 0 0 0 0 0 128 128 0 0 0 0 151 151 151 0 0 0 0 358 358 358 280 280 69 69 69 69
