50 400 20
54833 1102
63787 1606
52527 1554
63127 1303
62199 1081
78099 1114
79460 1564
87137 1283
86833 1890
63157 1776
56457 1173
76036 1398
93559 1188
75314 1601
64584 1695
85153 1188
59115 1706
61958 1848
95728 1168
57081 1476
78561 1497
79688 1981
84959 2000
58429 1826
65155 1878
78856 1855
80494 1915
98176 1561
93437 1641
80178 1901
84568 1858
51383 1993
73648 1137
69823 1437
98629 1887
60016 1225
85002 1870
66116 1627
62718 1197
55160 1459
71213 1422
93276 1126
60796 1760
51104 1251
78795 1913
59255 1497
75216 1359
65849 1839
63526 1404
80565 1608
86984 1295
61616 1994
66878 1189
76629 1215
80868 1930
62192 1695
79281 1717
54701 1546
87240 1353
78248 1760
98923 1659
89618 1838
64444 1439
84700 1839
97739 1090
63723 1509
89671 1470
95239 1732
76435 1107
78223 1133
59615 1178
69738 1144
78788 1857
97389 1305
57982 1521
59503 1342
98028 1364
63713 1909
75857 1110
81974 1557
88333 1206
70584 1207
50538 1359
56774 1602
76608 1452
87388 1349
67533 1880
87600 1942
97793 1789
66223 1156
54512 1451
82329 1616
58348 1296
79450 1401
72960 1971
56027 1142
94327 1882
75650 1611
90476 1814
62673 1095
54524 1820
84990 1902
51368 1200
64031 1111
71807 1217
92363 1931
56561 1877
55564 1142
71612 1235
60094 1780
95221 1331
53704 1116
50291 1840
75860 1273
93411 1892
83445 1981
61976 1213
64853 1539
85359 1799
67859 1188
51617 1111
79645 1177
74393 1743
67011 1186
87148 1246
94004 1471
77990 1828
50611 1727
92224 1879
91630 1558
79311 1033
52665 1013
76924 1042
50025 1097
71841 1079
67360 1115
98737 1117
78858 1143
63195 1278
66353 1770
74984 1102
71922 1568
94877 1625
96005 1052
68363 1810
66569 1565
57483 1692
60630 1484
50084 1514
63103 1308
86919 1634
72805 1567
79763 1695
54585 1513
61970 1748
65290 1916
76544 1716
88248 1775
58679 1800
99782 1319
81759 1612
77391 1100
79955 1095
71142 1378
86063 1952
81333 1943
89632 1173
50311 1798
50225 1565
56699 1447
75169 1836
90289 1730
65708 1900
69832 1268
64916 1887
60634 1578
72281 1251
70957 1452
70680 1412
50584 1226
77977 1724
78222 1318
88656 1754
68815 1003
55241 1748
84644 1066
66301 1048
50007 1438
89955 1066
55057 1011
86193 1438
72889 1842
92283 1835
94319 1176
82688 1311
82833 1434
59123 1720
79713 1436
84027 1500
67778 1318
57425 1840
82690 1755
83437 1975
53862 1563
79484 1947
76716 1679
81544 1201
82898 1790
74594 1197
79253 1919
65727 1590
90966 1674
59618 1967
77330 1742
96735 1586
73393 1656
87379 1127
98422 1750
59601 1488
86571 1765
59466 1826
92019 1407
51245 1690
89678 1021
54725 1546
84514 1096
53474 1293
75535 1977
94782 1227
63241 1068
71002 1282
79297 1243
51290 1865
60552 1511
74453 1195
67576 1085
71709 1085
99682 1441
94316 1100
90010 1348
54999 1377
83761 1356
80707 1714
52007 1531
65854 1660
68675 1774
93992 1293
56105 1070
63831 1323
70063 1589
97827 1865
76990 1562
69235 1997
92593 1241
96667 1055
55745 1684
95546 1729
98434 1043
61629 1820
74589 1277
70657 1682
87987 1948
55583 1855
58568 1510
64488 1244
64468 1110
58198 1240
68761 1519
67188 1078
63351 1701
63104 1304
57770 1108
77475 1696
73714 1663
86034 1051
74735 1107
98939 1222
60096 1640
70094 1015
87527 1469
83493 1298
98838 1321
85073 1952
78056 1619
53181 1005
99816 1928
51550 1249
91090 1162
68896 1666
52532 1955
64859 1530
62243 1344
92455 1393
67233 1376
58678 1082
83999 1515
78077 1825
79866 1095
60050 1018
97302 1140
76897 1691
94792 1556
79640 1971
82391 1718
79814 1547
54961 1498
79548 1477
52665 1676
51807 1497
62521 1052
59031 1676
52551 1018
69331 1170
77643 1025
71113 1080
93434 1462
77004 1829
93115 1816
65904 1737
68002 1711
60213 1470
66062 1918
62164 1928
64699 1148
66901 1339
91675 1355
64956 1165
86427 1645
84024 1567
88634 1068
67756 1816
84665 1213
87478 1176
57589 1999
58777 1617
71634 1105
95395 1973
53346 1818
60761 1042
51978 1425
55726 1889
94098 1362
61753 1238
72397 1348
93170 1149
80157 1559
57189 1804
80353 1582
64301 1977
96723 1066
66667 1919
87515 1369
83200 1754
65559 1587
54680 1969
55579 1113
87725 1665
99249 1447
89446 1793
70102 1317
98341 1240
84806 1503
83662 1600
79194 1735
77425 1068
78224 1473
76733 1423
82764 1804
65319 1393
96506 1043
95615 1994
56784 1185
97130 1332
71407 1908
83867 1580
94212 1398
69397 1700
50075 1828
97509 1551
95499 1310
62329 1840
69926 1229
71558 1948
96349 1878
52202 1238
83168 1854
52547 1470
60199 1420
62894 1915
54130 1717
85522 1519
70687 1575
90922 1325
61170 1191
58774 1413
77376 1355
91951 1396
74236 1527
76165 1969
66972 1017
0 0 332 332 67 67 67 67 0 0 0 0 0 256 256 314 0 0 0 0 0 0 0 0 0 0 108 108 108 108 0 0 0 0 324 312 312 0 0 323 0 0 0 0 6 6 136 136 0 0
0 0 332 332 72 72 72 72 72 72 0 0 0 256 314 314 314 0 0 0 0 0 0 0 0 273 293 293 0 0 0 0 32 0 324 324 312 0 0 323 323 323 323 0 6 6 136 136 0 0
186 186 186 57 57 57 57 100 100 100 100 0 0 256 314 314 0 0 0 0 253 253 14 14 0 273 293 293 0 35 306 306 32 0 324 312 312 312 0 0 323 323 323 0 0 63 63 136 0 0
186 186 186 110 110 110 110 110 100 55 55 55 249 249 346 0 0 0 0 253 253 272 14 14 14 273 0 0 0 35 306 306 32 0 324 139 139 0 0 0 0 0 214 192 192 192 63 63 0 0
76 76 241 241 241 241 264 264 100 55 55 55 249 249 346 346 346 346 272 272 272 272 210 210 273 273 0 0 35 35 266 306 32 0 0 139 139 157 157 214 214 214 214 192 192 192 0 0 0 0
0 76 76 184 184 184 264 264 75 75 75 368 249 249 254 254 254 348 348 222 272 272 210 210 147 147 0 0 35 35 266 306 306 208 157 157 157 157 214 214 152 258 258 258 258 0 0 0 0 0
0 0 78 184 184 184 142 297 297 75 75 368 249 249 254 254 189 348 348 222 292 292 292 391 391 147 147 0 0 223 266 208 208 208 340 340 396 4 4 65 152 152 152 258 258 0 0 0 0 0
0 0 78 78 78 142 142 297 297 75 75 368 368 167 189 189 189 114 114 222 292 292 391 391 196 196 0 0 0 223 266 304 304 340 340 396 396 4 4 65 224 224 224 258 0 0 0 0 0 0
0 0 281 281 78 142 142 297 297 90 90 90 90 167 167 180 114 114 379 222 222 271 271 26 196 196 91 91 223 223 266 304 304 340 396 396 337 337 337 65 65 65 224 258 24 0 0 0 0 0
0 0 0 281 281 320 320 297 90 90 90 90 115 115 167 180 180 114 379 379 379 271 271 26 132 132 91 91 134 128 34 34 3 3 396 337 337 337 209 318 318 65 316 316 24 24 0 0 0 0
0 93 93 281 320 320 162 165 165 155 155 115 115 167 167 167 180 245 245 245 245 245 26 26 132 132 122 122 134 128 34 34 3 3 209 209 209 209 209 360 318 318 316 316 24 24 0 0 0 0
0 93 281 281 162 162 162 165 165 284 155 155 140 319 319 355 229 245 245 232 232 260 26 42 132 132 122 88 134 128 34 34 386 386 125 125 125 209 209 360 318 318 105 105 24 0 0 0 0 0
0 93 182 182 162 387 387 284 284 284 140 140 140 319 319 355 229 229 102 232 232 260 260 42 148 122 122 88 134 128 34 34 386 386 125 267 267 267 360 360 8 318 105 105 24 0 0 0 0 0
280 280 182 182 112 112 387 387 387 284 140 290 319 319 355 355 385 229 102 102 161 260 260 42 148 122 88 88 250 250 97 97 97 331 331 331 331 267 8 8 8 242 0 0 0 0 0 0 0 0
280 389 389 112 112 112 81 329 387 387 140 290 334 319 385 385 385 229 135 102 161 260 260 42 148 122 122 88 250 250 60 97 97 97 97 331 331 369 257 8 8 242 0 0 0 0 0 0 0 0
280 389 61 61 61 112 81 329 329 329 329 290 334 17 17 385 385 240 135 135 161 161 205 205 148 148 351 351 60 60 60 321 321 321 321 321 331 369 257 257 242 242 0 0 0 0 0 0 0 0
280 389 61 191 81 81 81 190 190 329 329 290 334 17 17 219 219 240 135 135 135 135 205 205 25 351 351 287 287 287 367 29 29 321 321 276 276 369 237 257 234 234 0 0 0 0 0 178 178 178
343 191 191 191 81 347 347 190 190 329 173 173 334 111 111 219 219 240 123 123 123 123 106 106 25 351 351 287 287 287 367 29 83 83 276 276 276 369 237 237 237 234 234 0 0 0 0 178 178 178
343 343 343 343 343 347 347 347 173 173 173 303 303 111 219 219 219 240 240 123 123 123 106 106 25 351 351 287 287 367 367 29 29 83 83 89 278 278 237 237 56 56 56 56 68 68 68 358 358 358
243 243 243 243 335 335 174 174 173 23 103 303 303 111 149 149 149 240 159 159 1 1 233 25 25 338 338 338 338 367 94 94 94 170 170 89 278 278 144 144 144 56 56 56 79 68 68 358 0 0
0 0 299 335 335 335 335 174 173 23 103 103 103 149 149 265 149 270 270 159 1 1 233 233 15 131 131 338 18 18 94 94 361 170 170 89 89 144 144 144 144 56 197 197 79 0 0 0 0 22
0 299 299 393 393 393 393 174 23 23 296 296 296 172 309 265 265 270 270 159 129 129 129 233 15 131 131 251 251 18 94 94 361 361 361 361 215 215 118 118 0 0 197 197 79 79 0 22 22 22
0 0 299 299 299 85 33 23 23 117 117 117 296 172 309 309 265 342 342 129 129 129 129 207 15 131 131 251 251 18 73 73 73 16 16 16 215 215 118 118 0 0 0 0 0 0 0 22 22 22
0 0 0 0 85 85 33 33 33 117 117 117 172 172 309 309 309 342 342 383 383 207 207 207 15 39 131 259 259 18 18 73 73 113 113 16 398 398 118 118 201 354 354 354 279 395 395 395 0 0
0 0 85 85 85 262 325 325 308 308 59 399 399 399 399 399 399 183 383 383 383 207 164 164 38 39 39 259 259 294 294 73 73 113 298 298 298 398 201 201 201 374 374 354 279 279 279 395 0 0
0 336 36 36 36 262 325 325 308 308 59 399 158 158 255 255 255 183 183 376 383 207 164 164 38 38 39 259 259 294 294 95 113 113 298 298 398 398 70 70 70 374 374 374 86 86 86 0 0 0
0 336 171 36 36 262 325 325 349 349 59 59 158 158 255 2 2 2 183 376 376 207 164 164 38 38 362 41 41 41 41 95 113 121 298 298 51 51 70 70 70 374 356 356 86 86 0 0 0 0
336 336 171 171 119 262 372 372 349 349 365 365 365 365 2 2 247 247 247 247 376 376 164 77 77 193 362 87 87 95 95 95 269 121 121 51 51 5 5 5 70 374 356 363 86 363 0 0 0 0
171 171 171 171 119 372 372 127 127 127 127 365 365 307 204 248 248 275 220 220 47 47 47 77 77 193 362 362 87 95 269 269 269 121 121 213 213 5 5 5 70 374 356 363 363 363 363 363 0 0
0 0 0 0 119 119 372 364 364 127 127 307 307 307 204 248 248 275 275 220 220 47 47 77 77 193 193 193 87 269 269 9 9 302 302 302 213 213 213 5 227 274 216 216 0 0 0 0 0 0
0 0 0 0 0 359 364 364 168 381 127 204 204 204 204 248 46 46 275 220 220 220 47 77 77 146 146 193 62 269 269 9 9 302 133 370 370 370 213 227 227 274 216 216 305 305 305 30 30 0
0 0 0 359 359 359 168 168 168 381 127 199 199 199 199 46 46 46 92 357 357 137 185 185 146 146 62 62 62 239 384 384 283 283 133 7 7 370 370 227 227 274 216 216 226 305 305 30 30 0
124 124 0 202 104 104 104 104 328 381 381 19 199 199 199 46 46 92 92 357 357 137 353 185 185 366 239 239 239 239 384 384 283 283 133 133 7 370 370 227 227 274 274 216 226 226 226 177 0 0
124 124 285 202 202 202 202 328 328 19 19 19 19 101 101 373 373 92 230 230 137 137 353 353 353 366 98 98 390 390 390 333 333 283 198 133 7 7 7 45 45 45 96 327 327 377 377 177 177 177
124 124 285 285 285 202 212 212 328 328 19 19 19 101 373 373 373 92 230 230 137 137 40 40 366 366 98 98 150 11 390 333 333 198 198 198 198 7 7 382 382 45 96 327 327 377 377 377 0 0
124 154 154 154 154 212 212 212 120 120 120 120 120 101 37 37 400 92 66 66 66 40 40 40 169 169 169 98 150 11 11 11 11 52 52 198 198 194 194 382 382 96 96 327 327 0 0 0 0 0
124 154 44 44 154 212 212 212 277 277 277 277 120 101 37 37 400 66 66 313 313 80 80 54 54 54 169 169 150 150 11 163 52 52 187 109 109 109 194 194 96 96 153 153 231 231 231 0 0 0
0 0 44 44 58 58 206 206 277 277 277 277 120 37 37 400 400 66 69 313 313 291 80 54 54 54 288 288 288 288 163 163 187 187 187 109 13 13 13 13 153 153 153 286 231 231 371 371 0 0
0 0 0 0 0 58 206 206 188 188 188 50 50 315 400 400 400 69 69 69 69 291 80 143 143 54 288 288 288 344 163 163 187 339 339 339 378 378 13 49 49 153 153 286 350 350 371 371 0 0
138 138 138 138 268 58 58 58 27 27 188 188 50 315 315 315 289 69 151 151 69 291 143 143 352 352 288 244 344 344 163 166 166 166 166 339 378 64 64 49 49 49 286 286 350 350 371 371 371 21
130 130 130 130 268 0 0 0 27 27 27 188 50 156 156 156 289 289 289 151 151 291 143 143 352 244 244 244 344 344 166 166 166 295 295 339 378 64 64 49 49 49 238 238 238 236 236 236 236 21
130 130 268 268 268 0 0 0 43 43 43 43 156 156 31 31 31 375 375 375 151 143 143 352 352 221 221 221 388 12 12 12 166 295 295 295 392 392 64 176 176 176 235 235 238 246 21 21 21 21
130 0 0 0 0 0 0 0 107 107 252 43 156 156 28 28 31 375 375 195 195 195 195 0 0 221 388 388 388 0 12 12 12 295 295 295 392 392 64 176 345 345 235 235 235 246 0 0 21 300
130 0 0 0 228 228 0 0 107 107 252 211 211 322 28 28 31 31 375 195 317 317 317 317 0 0 0 0 0 0 0 0 126 126 141 141 10 10 179 179 345 397 397 397 397 246 0 0 0 300
0 0 310 310 228 263 263 263 282 252 252 211 211 322 322 322 0 375 375 195 0 0 0 0 0 330 0 84 84 84 301 301 217 126 126 141 10 179 179 179 345 203 203 203 246 246 0 0 0 300
0 0 310 310 228 228 228 263 282 282 211 211 82 82 99 99 0 0 71 71 0 0 0 380 0 330 330 394 394 84 301 217 217 126 126 141 10 179 179 116 345 160 160 203 175 0 0 0 0 300
0 0 310 310 225 48 48 48 48 282 261 261 82 82 99 99 99 0 71 71 71 0 0 380 380 330 330 394 301 301 301 217 20 20 20 218 0 0 0 116 160 160 160 203 175 175 0 0 0 0
0 0 225 225 225 48 48 48 0 0 261 261 0 181 181 181 181 0 0 71 71 0 0 0 380 0 330 394 145 145 145 145 20 20 218 218 0 0 0 116 116 160 160 74 74 175 0 0 0 0
0 0 0 0 0 53 53 53 0 0 0 0 0 0 0 181 0 0 0 0 0 0 0 311 311 0 0 0 145 145 145 145 0 0 218 0 0 0 0 0 0 0 341 74 74 326 326 0 0 0
0 0 0 200 200 200 200 53 0 0 0 0 0 0 0 0 0 0 0 0 0 0 0 311 311 0 0 0 0 0 0 0 0 0 218 0 0 0 0 0 341 341 341 341 326 326 0 0 0 0
