50 400 20
74830 1431
68855 1972
72973 1222
69302 1925
50317 1126
95017 1808
94015 1960
55640 1080
81644 1710
99001 1969
69995 1951
53563 1776
89705 1163
90729 1820
90855 1971
73561 1436
59113 1126
74114 1012
75308 1192
54289 1837
86138 1087
80266 1088
79630 1648
56612 1634
80442 1159
84273 1239
90187 1619
92353 1734
68072 1696
55173 1142
85226 1599
79261 1192
51119 1368
81059 1283
62655 1122
70649 1296
59425 1565
96044 1199
92875 1864
92238 1477
94298 1566
84597 1566
90987 1707
84231 1989
66409 1120
97719 1016
87416 1366
96807 1919
61781 1006
85353 1712
83633 1957
81792 1742
68634 1170
82193 1375
65017 1025
98514 1295
97042 1331
55962 1212
82795 1136
68542 1235
55930 1745
54637 1664
98055 1668
50885 1986
75883 1879
66045 1158
91445 1214
73983 1059
98357 1294
80357 2000
90125 1881
68954 1336
80352 1812
92925 1251
63265 1037
74286 1695
84504 1468
86721 1147
91122 1678
76958 1321
67370 1187
85884 1862
73041 1880
60210 1353
92979 1339
65216 1006
86772 1678
84740 1304
60730 1335
60972 1820
83640 1294
69733 1135
63549 1561
87189 1598
56601 1793
78439 1131
60195 1177
89701 1041
61460 1605
56514 1689
89657 1592
72325 1057
53492 1852
75010 1613
92999 1674
67091 1590
89351 1278
77085 1668
73580 1757
53548 1705
62483 1820
60955 1639
55950 1824
80633 1349
86140 1915
88984 1850
78867 1898
57038 1748
90698 1499
72860 1022
90431 1279
55237 1487
97220 1841
78135 1050
87913 1701
82619 1590
76284 1550
63932 1993
81028 1799
87685 1066
95906 1019
52517 1678
92548 1589
73943 1875
75629 1302
51510 1154
68816 1181
79649 1404
98885 1689
50292 1295
71884 1936
71748 1285
90767 1492
58052 1135
62926 1057
88219 1711
70059 1458
52165 1970
99522 1799
92582 1079
91018 1692
50721 1630
58137 1219
73795 1695
88181 1871
73920 1922
65098 1870
50868 1233
59932 1796
56015 1920
64565 1728
51980 1153
59948 1484
61840 1725
70083 1608
60205 1325
84154 1425
70485 1514
56912 1975
73309 1979
84156 1653
89791 1053
93016 1679
51296 1014
57764 1111
82472 1571
64086 1239
51814 1539
65207 1758
94468 1673
50611 1156
78520 1053
56709 1690
57794 1532
98417 1786
99494 1509
61968 1566
70070 1811
98473 1913
76102 1016
92702 1238
66645 1065
72590 1776
73651 1681
82660 1596
87604 1806
92620 1746
96599 1681
78343 1306
66398 1823
93262 1172
88404 1909
70123 1321
62210 1897
88629 1012
52878 1087
73668 1723
77123 1979
91747 1412
97169 1939
92775 1408
58059 1306
68775 1096
51707 1421
78370 1370
56381 1635
65538 1423
71249 1273
60717 1507
74396 1584
75573 1229
69232 1677
73892 1889
77302 1522
62313 1239
54523 1561
91625 1805
80737 1138
95807 1452
77309 1784
76287 1367
57515 1054
65864 1338
50340 1496
68695 1504
59200 1358
80136 1934
93328 1093
51438 1642
57356 1001
57403 1244
64514 1595
71087 1091
71675 1024
67501 1433
70938 1537
55707 1838
76047 1987
81345 1754
63582 1128
70206 1724
71131 1703
93156 1402
94883 1808
53217 1923
64123 1709
79525 1907
99330 1395
80379 1675
83981 1150
99022 1723
96438 1160
96127 1998
70463 1783
69720 1826
63055 1554
87112 1707
53481 1437
74150 1526
54492 1814
79307 1647
74283 1334
66280 1550
76401 1662
82275 1466
61347 1401
67755 1033
54820 1534
92633 1494
85380 1469
93360 1658
51200 1956
82214 1365
58215 1123
96002 1008
67721 1119
69691 1470
72525 1237
80284 1101
91918 1229
51526 1618
78028 1850
72709 1369
53999 1370
83856 1789
62687 1809
60841 1669
58490 1420
53542 1890
90208 1804
63259 1838
65238 1173
83383 1875
98872 1602
92060 1249
63328 1002
94395 1282
57911 1231
83844 1918
97863 1123
81275 1387
67972 1845
80040 1004
79391 1020
80904 1508
94422 1748
52706 1700
62600 1686
51775 1742
79338 1994
61008 1642
59928 1831
82007 1330
94177 1141
71545 1657
55798 1428
52655 1385
78256 1681
67712 1068
67212 1195
69762 1443
58268 1248
90232 1267
63798 1311
63387 1609
72731 1433
85730 1233
64113 1971
58674 1177
66693 1323
62778 1401
60175 1215
68872 1727
82641 1679
76444 1138
85452 1449
62041 1923
73990 1003
98176 1724
95010 1582
70984 1438
63375 1595
82033 1842
97279 1381
81243 1871
74995 1115
69093 1429
51230 1424
52643 1590
73629 1970
79624 1493
95114 1919
68385 1304
90904 1872
57459 1344
77895 1416
95365 1588
69118 1927
83687 1274
92657 1343
81678 1235
62239 1248
72783 1766
72728 1020
71987 1286
66501 1342
68531 1558
78246 1977
57346 1671
87764 1657
81548 2000
80374 1970
95504 1099
55328 1735
87453 1851
72750 1363
81448 1755
66501 1928
51685 1959
81462 1051
78375 1756
86184 1791
58317 1339
69547 1206
96184 1745
78507 1950
94453 1245
61647 1867
53321 1645
94243 1071
0 0 0 0 0 0 0 0 0 0 0 0 0 291 291 291 0 0 0 0 305 222 222 222 0 0 0 0 0 0 0 0 29 0 0 46 46 373 373 373 0 0 0 0 0 0 47 47 47 47
0 0 0 0 0 0 0 0 0 0 0 0 0 0 0 291 0 0 0 0 305 222 222 222 0 0 0 0 0 0 29 29 29 0 0 46 46 258 265 373 265 24 24 148 148 148 148 0 0 0
0 289 0 0 0 109 333 333 0 0 0 0 0 0 0 364 364 364 92 305 305 0 0 0 0 0 67 67 67 0 0 395 395 395 395 395 395 258 265 265 265 24 24 260 260 148 148 0 0 0
289 289 0 0 109 109 333 333 0 0 173 173 173 0 0 364 364 92 92 305 305 305 0 0 0 0 67 192 192 390 390 390 390 332 332 395 129 258 258 265 265 265 256 260 260 148 0 0 0 0
289 0 0 0 109 109 397 397 0 0 336 234 173 97 96 273 273 92 92 39 39 0 0 0 0 0 115 192 192 192 192 192 332 332 332 129 129 254 254 254 27 27 256 256 276 276 0 0 0 0
36 36 36 245 245 245 245 397 397 397 336 234 107 97 96 273 273 92 39 39 0 0 0 0 115 115 115 94 94 94 35 35 332 332 332 129 129 254 254 254 27 27 256 256 276 137 137 0 0 0
36 36 36 245 195 195 195 195 336 336 336 234 107 97 96 96 187 187 187 297 297 297 297 297 38 38 243 243 94 94 35 35 337 337 337 161 161 269 269 346 346 111 111 256 276 137 137 181 0 0
0 36 36 349 195 195 195 195 336 238 238 234 107 97 96 96 187 228 228 228 297 297 38 38 38 205 205 243 197 197 197 166 166 337 337 191 161 269 269 346 346 111 111 276 276 276 290 181 181 181
0 0 0 349 183 183 183 183 238 238 238 107 107 107 96 96 58 228 228 228 102 246 246 246 205 205 205 243 369 197 197 166 166 337 337 191 161 66 66 66 66 66 221 221 121 121 290 181 181 181
0 0 0 349 349 349 156 156 0 0 33 107 338 69 58 58 58 58 228 228 102 246 246 246 205 205 361 361 369 369 197 166 59 250 191 191 315 315 151 151 151 151 221 221 121 121 290 290 73 73
0 0 0 0 0 349 156 156 0 33 33 338 338 69 84 84 84 84 84 283 102 246 246 57 57 205 361 361 361 369 197 200 59 250 250 250 315 315 315 315 315 151 221 221 16 16 16 290 73 73
0 0 0 0 0 0 0 0 0 33 33 338 338 69 7 247 247 247 84 283 102 102 57 57 325 325 368 368 368 368 200 200 59 59 249 249 354 354 354 312 315 170 170 170 170 100 16 384 384 0
0 0 101 101 0 0 0 0 0 9 15 338 338 69 7 7 7 247 283 283 102 102 57 149 325 325 147 147 255 368 200 200 200 22 249 249 354 354 354 312 71 71 71 71 71 100 16 236 384 0
0 0 101 0 0 0 0 0 9 9 15 15 371 371 7 303 303 327 327 327 327 57 57 149 149 149 68 147 255 255 255 239 200 22 249 220 220 220 377 312 312 71 71 122 122 100 16 236 384 0
0 0 101 0 0 0 0 284 9 350 350 15 15 371 371 303 303 327 264 264 327 327 68 68 68 68 68 147 239 239 239 239 200 22 249 220 377 377 377 167 312 136 136 136 122 100 16 236 236 0
0 0 372 372 12 12 152 284 350 350 30 30 15 371 371 326 326 327 264 274 274 244 68 233 233 233 184 184 184 239 10 10 10 22 22 22 299 299 167 167 167 136 136 136 122 87 87 87 236 0
74 74 74 372 12 152 152 284 350 30 30 30 168 279 326 326 264 264 264 274 244 244 233 233 233 233 184 126 126 352 21 21 10 22 22 299 299 299 167 105 105 105 105 186 186 87 347 347 347 347
0 0 74 372 12 152 284 284 214 30 30 168 168 279 279 279 118 118 118 274 244 244 131 103 103 356 356 126 352 352 21 21 72 72 108 108 299 299 167 105 105 105 253 253 186 61 61 61 45 45
0 0 74 372 12 12 203 284 214 146 146 168 168 174 174 398 398 118 118 118 244 131 131 103 103 356 13 126 352 352 201 201 72 72 108 207 207 207 167 194 194 253 253 253 186 61 61 0 0 45
0 0 0 372 308 308 203 214 214 146 146 174 174 174 398 398 398 307 307 307 133 131 133 157 157 356 13 13 13 352 201 201 124 124 108 207 207 194 194 194 194 194 95 95 95 366 366 0 328 45
0 0 0 372 308 308 203 203 132 132 132 2 2 212 212 212 398 307 20 20 133 133 133 157 25 25 25 13 120 120 120 231 231 124 108 207 207 194 40 40 40 40 95 78 366 366 366 0 328 328
0 0 300 300 215 153 153 132 132 132 178 178 2 212 212 212 398 20 20 133 133 209 209 157 25 142 142 99 99 120 120 231 231 124 108 108 164 196 294 294 14 14 14 78 18 18 0 0 328 328
0 0 300 300 215 153 153 153 55 55 400 178 2 212 212 206 204 204 204 204 226 209 209 157 193 193 142 99 99 120 120 231 124 124 164 164 164 196 196 294 28 28 14 78 78 18 0 0 362 362
52 52 6 6 215 153 153 153 55 55 400 178 206 206 206 206 248 288 288 226 226 209 209 193 193 193 142 99 385 385 385 385 124 124 164 321 321 196 196 294 294 28 28 18 18 18 0 0 362 362
52 52 6 6 215 215 215 76 400 400 400 206 206 127 86 86 248 288 288 288 226 209 209 193 193 193 142 113 113 113 302 302 43 43 321 321 321 196 196 344 344 344 251 18 18 0 0 0 0 0
52 286 286 286 76 76 76 76 370 370 370 127 127 127 86 86 248 317 317 317 226 343 343 375 375 375 375 113 298 298 302 302 355 43 43 321 342 342 351 351 351 344 251 159 159 0 0 0 0 0
0 0 286 0 76 138 138 138 138 370 370 127 32 32 32 357 248 317 242 242 242 343 343 375 91 91 298 298 298 365 302 365 355 355 278 321 342 342 198 351 351 251 251 159 159 314 0 0 0 0
0 0 286 0 0 0 0 138 138 370 370 32 32 357 357 357 248 360 320 320 242 257 257 287 91 171 171 298 298 365 365 365 82 355 278 278 278 278 198 198 198 251 324 324 314 314 314 0 0 0
0 0 0 0 0 275 275 275 138 143 32 32 357 357 357 259 248 360 320 320 257 257 287 287 91 171 171 329 329 329 329 365 82 82 82 130 130 213 213 213 213 251 324 314 314 271 271 271 383 0
0 0 335 335 224 224 224 275 275 143 143 17 17 17 357 259 360 360 295 270 287 287 287 287 91 91 171 329 329 329 331 82 82 82 130 130 189 41 41 41 41 154 324 271 271 271 271 271 383 0
0 0 0 335 224 224 224 224 224 143 143 17 345 345 259 259 360 295 295 270 270 378 378 316 316 91 210 210 190 190 331 82 388 388 310 310 189 54 54 54 154 154 182 182 0 0 0 383 383 0
0 0 335 335 34 34 334 141 309 309 309 17 345 345 85 85 85 295 270 270 270 378 378 316 316 91 210 210 190 190 331 381 388 388 310 310 189 54 54 114 114 154 154 182 182 0 0 0 0 0
0 0 335 263 263 34 334 141 49 49 309 345 345 345 85 85 85 90 90 281 281 281 51 51 169 169 1 1 81 81 331 381 381 225 310 310 189 54 382 382 114 114 114 182 182 0 0 0 0 0
0 3 3 64 263 34 334 141 49 49 277 277 163 163 163 163 85 90 90 23 23 281 51 51 169 169 1 1 81 81 81 81 381 225 225 348 348 199 382 382 382 114 240 240 182 182 0 0 11 0
0 3 3 64 263 34 334 141 277 277 277 277 163 88 88 88 88 117 23 23 396 396 396 396 1 1 1 1 81 81 65 65 65 225 225 348 348 199 199 199 199 114 240 240 240 0 0 358 11 0
3 3 3 64 263 263 141 141 367 89 165 165 165 88 88 88 117 117 223 223 292 292 77 237 237 266 266 65 65 65 65 304 304 304 225 386 348 199 323 323 323 323 227 227 391 391 19 358 11 11
0 0 3 64 64 263 141 367 367 89 89 89 165 4 4 4 117 117 223 223 292 77 77 237 237 266 266 60 304 304 304 304 229 229 386 386 98 98 98 98 145 145 227 227 391 19 19 358 0 0
0 232 232 232 128 128 367 367 134 134 134 134 165 4 211 4 110 110 363 363 292 77 77 77 266 266 266 60 75 75 75 229 229 229 386 80 80 80 98 340 340 145 391 391 391 19 19 358 0 0
0 0 232 232 128 128 374 374 374 134 134 230 230 230 211 4 110 110 363 363 363 280 280 280 280 341 341 60 75 306 306 313 79 79 79 139 139 80 340 340 340 145 391 241 241 241 379 358 70 0
123 123 104 232 319 319 319 374 374 394 394 230 230 230 211 4 110 110 392 392 363 261 261 261 261 341 341 60 75 306 313 313 79 116 116 139 139 158 340 340 340 145 391 241 241 241 379 70 70 0
123 123 104 285 319 56 56 394 394 394 394 394 31 31 211 37 37 392 392 392 301 301 301 261 261 202 389 389 353 306 313 44 116 116 311 139 139 158 180 180 180 140 140 241 241 379 379 70 0 0
0 104 104 285 285 56 56 0 0 0 0 0 208 31 211 37 37 252 175 175 175 8 301 63 63 202 202 389 353 44 44 44 116 311 311 144 158 158 180 155 155 155 140 140 140 140 150 150 0 0
0 0 188 285 285 285 285 0 0 399 399 0 208 31 135 135 252 252 175 296 296 8 172 63 63 218 202 389 353 44 44 44 311 311 144 144 144 144 393 393 155 155 140 48 48 140 150 150 216 216
0 0 188 188 188 0 177 177 399 399 0 0 208 208 135 135 252 252 252 296 296 8 172 119 119 218 218 218 353 353 160 160 160 0 0 318 318 144 144 393 393 125 125 48 48 219 219 185 216 216
387 387 235 235 235 0 177 50 50 0 0 0 0 0 0 0 0 162 162 162 296 8 172 119 119 112 112 218 353 293 293 160 160 0 0 318 318 318 0 393 393 125 125 48 48 219 219 185 185 216
387 387 235 235 0 0 177 267 50 0 0 0 0 0 0 0 83 83 83 162 8 8 172 172 172 112 112 112 293 293 160 160 0 0 42 42 42 0 0 0 0 0 0 62 62 219 219 219 185 216
179 179 235 235 0 0 177 267 50 0 0 0 0 0 0 0 83 262 0 0 0 106 106 172 172 112 112 112 359 293 293 0 0 0 42 42 42 0 0 0 0 0 0 62 62 219 380 380 380 268
179 179 339 339 0 0 0 267 267 0 0 0 0 176 0 0 262 262 5 5 0 106 106 106 0 272 272 359 359 293 322 322 0 0 42 42 0 0 0 0 0 0 0 0 376 376 380 380 268 268
26 26 339 339 0 0 93 93 93 0 0 0 0 176 176 0 0 262 5 5 0 0 0 0 0 272 272 359 282 293 322 322 0 0 0 330 0 0 0 0 0 0 0 376 376 376 0 0 268 268
26 26 26 26 0 0 0 0 93 53 53 53 53 176 176 0 0 262 262 262 0 0 0 0 0 282 282 282 282 0 0 0 0 0 0 330 330 330 0 0 0 217 217 217 376 376 0 0 268 268
