50 400 20
90661 1062
93069 1021
69689 1569
53195 1159
85241 1993
81917 1218
93131 1730
66176 1048
71153 1557
51308 1908
63664 1886
77400 1921
70316 1415
78892 1484
82994 1734
60039 1827
81388 1133
72378 1527
61924 1524
93511 1095
90237 1925
57622 1931
75254 1607
63504 1450
87744 1357
53232 1747
57784 1149
58477 1721
89343 1467
98854 1492
99447 1794
68544 1310
72787 1183
94230 1466
66375 1908
79319 1042
71952 1014
63806 1990
69306 1366
66682 1268
98894 1151
78450 1150
62946 1550
99890 1882
58258 1516
70577 1470
61747 1312
77026 1374
95625 1170
78330 1616
77331 1786
86774 1900
97220 1403
81564 1363
56837 1309
79416 1624
85773 1472
74845 1926
67487 1132
61488 1361
88710 1488
79512 1990
69147 1084
74740 1947
62296 1631
56752 1382
70831 1476
78689 1751
91431 1802
86626 1249
97534 1535
99986 1742
68121 1517
78897 1665
64316 1548
83631 1416
65345 1435
65654 1448
92630 1809
67476 1414
80112 1287
84423 1510
71963 1825
62145 1733
67748 1565
87743 1877
85825 1152
72009 1343
96666 1019
75093 1352
50176 1460
90468 1999
85880 1096
72534 1753
97988 1527
69835 1624
81471 1306
75032 1136
82857 1827
56582 1594
62040 1306
67262 1964
88408 1606
67930 1000
98981 1346
50495 1358
72127 1703
76133 1007
58638 1403
60391 1417
94425 1479
76674 1010
91654 1895
53796 1363
70948 1950
52104 1180
60035 1179
59748 1219
99486 1402
78203 1897
53184 1059
97780 1521
90217 1117
79477 1587
53519 1653
84440 1999
60432 1127
98130 1891
54506 1223
61926 1093
77383 1547
95925 1973
69750 1244
88454 1728
74546 1225
97725 1059
96021 1723
94243 1606
96349 1342
67323 1014
57649 1247
99341 1060
97993 1901
97091 1341
71270 1858
64492 1844
65715 1333
84528 1815
82190 1038
68106 1443
92187 1587
85095 1285
51527 1051
81895 1793
60867 1079
65792 1958
63817 1317
98414 1228
64129 1693
57831 1814
81374 1380
55990 1414
67754 1181
80386 1669
92002 1984
81417 1611
56688 1948
50308 1692
85709 1932
80600 1111
71429 1050
67108 1452
87736 1554
70408 1445
69385 1205
54261 1442
76122 1257
52208 1235
58002 1710
74905 1405
93081 1148
78334 1946
94428 1982
87691 1679
85419 1958
57235 1296
65520 1830
66663 1469
92278 1335
57688 1539
54062 1296
66703 1072
97337 1471
59323 1749
88812 1795
67029 1058
67293 1044
94936 1243
50567 1896
70257 1997
63500 1475
69332 1455
59740 1286
84080 1707
83588 1450
65520 1657
56482 1866
55392 1740
74446 1762
56188 1296
78934 1722
61603 1645
63792 1346
62426 1799
51214 1193
93937 1167
98110 1799
83613 1276
78829 1620
66698 1807
92912 1135
99480 1043
60447 1630
85375 1195
83013 1347
50788 1710
77054 1449
80475 1261
58876 1418
58281 1890
56991 1522
87239 1897
92286 1340
65686 1638
51618 1791
54618 1555
87749 1378
68191 1931
85700 1152
87088 1130
53413 1396
98576 1878
71291 1165
84387 1726
93902 1176
77261 1952
65969 1858
73064 1562
84615 1945
85531 1068
75203 1936
71925 1703
91107 1646
68122 1356
69647 1909
89427 1795
70824 1499
94231 1951
51489 1708
54936 1733
90609 1459
90837 1176
95864 1144
66320 1195
61401 1273
61826 1300
73351 1782
66053 1921
68626 1632
93687 1493
63941 1688
72783 1895
60019 1374
82162 1977
55368 1837
74042 1809
53963 1823
97317 1716
70223 1629
60697 1527
84661 1031
56064 1783
82973 1652
94762 1518
71714 1835
79196 1856
51535 1079
97811 1748
96569 1556
55765 1972
53223 1175
53957 1735
69465 1340
68801 1916
88867 1045
70789 1631
97564 1056
78257 1083
86493 1030
90725 1954
59681 1950
74595 1410
91929 1749
80209 1198
77481 1891
60774 1725
97796 1179
64246 1418
80693 1451
58668 1171
62981 1987
90555 1937
69659 1971
79572 1220
57141 1539
62451 1729
68155 1159
89803 1424
55255 1658
67152 1767
77396 1181
94322 1285
60736 1764
87652 1135
95755 1727
74859 1411
94918 1485
60243 1244
53680 1775
79791 1803
90393 1889
58928 1627
72353 2000
61851 1416
99241 1678
50795 1171
57899 1632
88935 1388
97428 1714
54140 1055
89591 1606
99223 1908
98897 1004
61967 1837
76987 1196
52696 1353
80425 1043
65429 1382
60505 1100
68731 1590
62756 1537
97986 1259
50679 1699
90452 1094
69005 1190
80139 1139
84428 1893
70522 1380
55400 1139
90894 1376
54341 1236
92376 1768
58026 1543
51783 1734
56548 1214
59931 1154
67235 1178
64791 1853
69285 1379
53859 1059
80795 1596
94199 1307
61209 1134
66787 1284
72013 1182
81523 1211
74099 1219
82102 1530
59388 1811
68212 1803
83996 1096
94273 1532
73864 1947
82202 1148
66780 1472
52888 1150
66274 1083
97566 1403
92279 1587
93382 1593
89160 1852
73910 1923
85093 1964
72675 1851
72538 1181
99679 1589
72701 1193
76955 1480
60557 1492
89720 1068
23 23 288 288 288 288 133 133 133 133 192 192 0 0 0 0 0 0 0 0 0 0 0 0 270 0 0 0 130 0 0 0 0 0 0 0 0 0 0 387 0 0 0 0 0 0 0 0 0 0
23 23 288 291 291 291 0 0 133 133 192 192 0 0 0 0 0 0 0 0 0 0 0 0 270 0 0 0 130 130 0 0 0 0 0 0 0 0 0 387 387 387 0 0 0 0 0 0 0 0
0 0 291 291 291 291 0 154 154 80 80 80 80 0 0 0 0 0 0 0 0 0 0 0 270 270 0 0 0 130 0 0 0 0 0 0 0 0 0 387 387 387 0 0 0 0 0 0 0 0
0 0 0 0 0 0 0 154 154 80 234 6 6 0 0 0 0 0 379 379 379 0 0 0 270 270 0 393 393 110 110 96 0 0 0 0 0 0 0 13 13 13 13 13 0 0 0 351 42 42
0 104 104 230 134 134 134 154 154 80 234 6 6 0 53 53 251 251 379 379 379 60 60 60 270 0 0 393 393 110 110 96 96 0 145 0 235 228 228 228 228 13 13 13 0 0 351 351 42 42
0 104 104 230 230 310 134 146 146 146 234 234 6 6 53 53 53 251 251 61 61 60 240 240 112 112 0 0 0 0 0 96 96 24 145 145 235 235 227 227 79 79 79 79 351 351 351 351 99 42
400 400 230 230 230 310 4 4 4 146 219 219 200 200 200 92 92 92 251 61 61 240 240 240 112 112 0 0 0 0 249 249 24 24 24 145 235 235 227 227 227 95 95 52 52 321 321 321 99 99
400 400 230 0 0 310 4 384 384 117 219 219 200 200 200 92 157 157 251 61 61 61 240 240 314 314 0 0 0 0 249 249 24 24 24 362 362 150 150 109 109 109 95 52 52 68 68 321 99 99
70 400 161 0 0 310 384 384 317 117 117 117 67 207 266 266 157 157 251 61 12 12 12 12 314 314 0 0 0 0 0 108 108 24 362 362 150 150 335 335 109 109 95 95 47 68 68 321 99 99
70 161 161 0 0 0 375 375 317 317 67 67 67 207 266 266 157 237 237 237 237 12 12 0 0 0 0 0 292 292 292 292 108 108 362 199 335 335 335 335 265 265 95 47 47 68 0 0 163 163
70 70 161 263 0 0 375 375 375 317 317 317 207 207 266 266 129 129 129 129 255 255 258 258 258 258 258 394 394 293 293 293 5 5 199 199 346 346 346 265 265 265 95 47 0 0 0 0 163 163
70 70 161 263 263 0 0 39 375 378 207 207 207 287 287 287 129 35 35 276 276 255 255 212 350 350 258 394 394 394 293 293 5 5 199 329 346 346 346 265 265 265 268 268 0 0 0 0 163 303
70 0 263 263 0 0 39 39 375 378 378 207 287 287 392 392 129 73 35 276 276 212 212 212 350 350 258 394 394 394 65 293 5 5 329 329 329 297 297 297 297 297 297 268 268 0 0 0 303 303
0 0 263 0 0 366 366 39 39 39 378 378 378 392 392 172 172 73 35 35 35 179 179 212 350 350 82 82 198 198 65 135 5 5 176 176 329 297 72 313 313 203 203 360 360 0 0 0 303 303
0 0 0 0 366 366 366 241 138 103 103 103 103 172 172 172 73 73 115 115 179 179 179 179 350 82 82 82 198 198 65 135 135 113 113 176 176 72 72 313 313 203 203 360 360 0 0 0 0 0
0 0 0 0 366 366 366 241 138 353 353 353 103 172 81 81 29 40 40 115 144 144 179 179 63 82 102 102 152 198 65 135 135 113 113 233 233 72 72 313 313 347 203 0 0 0 225 225 0 62
0 0 0 49 49 241 241 241 138 353 353 382 382 385 81 81 29 40 40 115 144 63 63 63 63 82 82 102 152 198 135 135 273 273 273 233 233 233 347 347 347 347 347 347 0 0 225 225 0 62
0 0 0 49 49 274 138 138 138 252 382 382 385 385 385 385 29 40 40 261 144 63 142 142 142 254 254 102 152 71 71 71 273 273 273 233 183 183 183 183 398 371 371 371 225 225 225 225 0 62
289 0 0 274 274 274 274 252 252 252 318 318 169 169 206 206 29 261 261 261 144 144 142 254 254 254 254 102 152 152 71 279 279 260 21 233 178 183 399 398 398 371 371 371 16 16 16 0 0 62
289 289 0 356 356 356 356 189 252 252 318 318 169 169 206 206 343 343 343 220 220 144 257 257 257 257 257 380 152 152 71 279 279 260 21 21 178 178 399 398 399 399 371 0 66 16 16 34 34 34
289 289 54 54 54 54 189 189 252 252 9 9 94 94 306 306 343 343 220 220 220 220 220 354 354 380 380 380 253 279 279 279 260 260 21 21 21 178 399 399 399 399 156 0 66 66 66 34 34 34
358 358 358 0 118 118 189 165 165 217 9 9 94 226 226 306 306 343 232 232 232 184 220 354 354 354 253 253 253 279 363 363 363 363 370 84 84 84 84 84 84 84 156 0 0 0 0 0 0 0
358 358 0 0 0 118 189 165 165 217 217 94 94 226 226 306 306 306 306 232 232 184 184 184 177 177 177 301 301 386 363 363 363 363 370 84 271 218 218 218 236 236 156 156 156 156 147 0 0 0
0 0 0 331 0 118 190 190 217 217 217 316 299 299 224 224 2 2 2 11 11 11 11 216 216 177 301 301 175 386 386 386 386 386 370 370 271 218 236 236 236 125 125 125 125 156 147 0 0 0
275 275 331 331 331 331 190 190 190 316 316 316 299 299 25 224 2 27 27 11 11 11 11 216 216 177 177 175 175 175 153 153 386 386 55 55 271 271 271 236 326 326 89 89 89 156 147 0 0 0
275 275 37 37 37 37 37 285 190 121 25 25 25 25 25 224 27 27 368 368 245 245 245 245 376 376 177 175 137 137 153 153 55 55 55 325 325 325 140 140 326 326 89 111 89 89 147 0 0 0
0 22 22 334 334 285 37 285 190 121 339 339 174 174 174 43 43 27 368 368 187 245 245 245 376 376 298 298 137 137 137 153 223 223 204 204 264 325 140 140 326 390 111 111 89 89 123 123 148 148
0 22 22 22 334 285 285 285 158 121 121 339 174 383 383 43 43 136 136 187 187 367 367 367 367 367 298 298 137 137 38 397 397 223 164 204 264 264 196 390 390 390 111 111 88 123 123 123 148 148
0 0 0 0 334 158 158 158 158 391 391 339 383 383 28 28 43 136 136 187 187 367 367 30 30 367 195 195 38 38 38 397 164 223 164 204 345 264 196 14 14 111 111 111 88 88 338 338 0 0
0 0 0 0 0 213 286 286 391 391 323 323 323 323 28 171 171 305 229 229 90 90 90 30 30 320 320 195 38 38 312 397 164 164 164 204 345 196 196 14 14 396 396 304 88 88 338 0 0 0
0 0 0 0 213 213 286 286 93 93 119 119 119 119 28 171 171 305 229 229 90 32 32 30 30 320 320 195 312 312 312 397 397 164 369 369 345 59 59 59 14 396 396 304 88 0 338 0 349 349
208 205 205 0 213 278 309 309 309 93 93 120 120 119 119 171 171 305 305 305 32 32 32 32 194 320 320 195 312 312 300 397 397 369 369 76 345 59 59 64 64 304 304 304 304 0 0 0 349 349
208 208 205 205 283 278 309 309 209 209 93 120 120 315 107 132 171 132 305 214 214 128 182 336 194 194 320 320 312 300 300 300 300 168 168 76 167 167 337 337 64 304 221 364 364 0 0 0 0 307
208 208 283 283 283 278 309 309 209 209 193 365 365 315 107 132 132 132 132 214 214 128 182 336 336 194 69 69 69 300 191 191 332 332 168 76 76 167 337 337 64 221 221 364 364 186 45 45 45 307
0 0 0 0 0 278 26 26 193 193 193 365 365 315 107 243 243 377 377 48 48 128 182 336 336 114 114 69 69 191 191 332 332 332 168 76 76 167 231 231 185 221 221 186 186 186 45 45 45 307
0 0 0 0 296 296 26 26 26 101 101 101 315 315 107 243 243 377 377 48 48 128 182 336 215 114 114 328 328 244 395 395 58 58 33 33 355 355 355 231 185 185 221 221 222 222 222 45 45 307
0 0 0 0 86 296 296 26 141 141 101 101 101 248 248 248 243 139 18 18 18 215 215 215 215 8 8 328 328 244 395 395 58 31 31 33 355 355 294 231 185 344 344 221 131 131 222 0 0 0
0 0 0 0 86 86 86 19 141 381 381 381 101 248 248 248 248 139 18 18 18 322 322 322 322 8 8 244 244 244 348 348 58 31 31 33 294 294 294 155 185 344 344 98 131 131 0 0 0 0
0 0 0 0 0 86 86 19 141 381 381 381 143 143 143 143 248 139 139 389 124 124 124 124 272 272 352 51 51 51 348 348 348 348 31 31 77 155 155 155 262 262 98 98 0 131 0 0 0 0
0 83 0 0 0 86 86 19 19 19 282 282 250 250 342 342 342 342 87 389 389 389 272 272 272 41 352 269 269 51 122 188 188 348 31 31 77 77 155 155 262 211 98 246 0 0 0 0 0 0
160 83 83 83 0 0 311 311 311 311 282 282 250 197 197 197 197 342 87 389 10 389 302 302 302 41 352 181 269 269 122 188 188 91 91 330 330 77 74 74 262 211 98 246 246 246 0 0 0 0
160 173 173 36 36 201 201 201 105 105 105 78 250 197 46 46 197 87 87 10 10 302 302 75 75 41 352 181 181 181 122 122 1 1 91 330 330 330 330 74 211 211 98 0 0 0 0 50 50 50
160 173 173 36 239 201 201 105 105 78 78 78 250 46 46 46 197 284 284 10 162 162 162 75 75 41 41 181 181 20 20 20 1 1 91 91 290 330 330 74 211 259 259 259 151 151 151 151 50 50
160 239 239 36 239 201 0 361 3 3 0 0 0 0 0 210 210 284 284 374 162 162 162 162 116 41 97 97 340 20 20 149 149 149 56 56 290 290 290 290 259 259 259 259 151 151 151 151 0 0
160 239 239 239 239 0 0 361 3 3 373 373 0 0 0 210 210 374 374 374 357 357 357 357 116 116 116 97 340 340 340 149 149 149 56 56 324 327 267 267 267 267 319 57 57 127 127 0 0 0
0 0 0 277 0 0 0 361 361 3 308 373 17 0 0 0 0 100 100 85 85 159 159 159 159 372 116 97 281 281 340 340 15 149 324 324 324 327 267 126 126 267 319 319 57 127 127 0 0 0
0 0 277 277 0 0 0 256 256 256 308 373 17 17 0 100 100 100 100 100 85 242 242 0 0 372 116 116 281 281 15 15 15 15 15 0 0 327 327 327 126 267 319 319 57 127 0 0 0 0
0 0 277 0 0 0 0 0 256 256 308 373 0 17 0 0 333 333 333 202 85 242 0 0 0 372 372 116 281 238 238 238 295 106 106 0 0 0 0 327 126 126 57 57 57 57 44 44 341 341
0 0 0 0 388 388 0 0 256 256 308 0 0 17 0 0 333 333 333 202 242 242 0 0 359 359 170 170 166 238 238 238 295 106 106 247 247 0 0 327 7 7 7 280 280 280 44 44 341 341
0 0 0 0 388 388 180 180 180 180 180 0 0 17 17 0 0 0 0 202 202 202 202 0 359 359 170 170 166 166 166 166 295 295 247 247 0 0 0 0 7 7 7 280 280 280 44 44 341 341
