50 400 20
62225 1228
95527 1697
69967 1501
66702 1819
75602 1424
52374 1744
99949 1535
64326 1768
78875 1308
75868 1929
92404 1177
91643 1881
62569 1000
51290 1166
91680 1921
73802 1390
85404 1797
78178 1237
95784 1469
77145 1458
92155 1540
70029 1252
75899 1117
70809 1542
81503 1652
87653 1010
65512 1574
55010 1187
64668 1682
69388 1699
93225 1474
65501 2000
88609 1317
82288 1734
54440 1419
96116 1192
65412 1976
55828 1476
88036 1450
80271 1357
65571 1992
85930 1228
60906 1616
66349 1948
97055 1133
98891 1343
61333 1054
56891 1987
93706 1099
89582 1867
74986 1517
54466 1102
78438 1037
81501 1321
69231 1758
96330 1387
83971 1729
91678 1978
56289 1107
51434 1306
75726 1182
71129 1012
65601 1013
67181 1557
95797 1995
77155 1457
56813 1803
83488 1689
70759 1977
60295 1536
70250 1909
92479 1290
92610 1399
56696 1899
94972 1450
97283 1405
77068 1286
68588 1262
55862 1935
79855 1121
69514 1679
65001 1378
53697 1361
71125 1080
87545 1302
82155 1623
87342 1401
75582 1838
55081 1755
60064 1186
94520 1345
87437 1675
56487 1532
87226 1277
80372 1879
52545 1531
59331 1252
50036 1962
99579 1619
73001 1346
76077 1942
82529 1382
61421 1472
57133 1019
68398 1605
91965 1023
80403 1269
79321 1963
50815 1306
90167 1394
50775 1524
99390 1425
92364 1387
74836 1127
91549 1826
51602 1868
92151 1448
73560 1788
55811 1090
58572 1336
70842 1599
74097 1279
89908 1584
88509 1044
52811 1387
59396 1936
86082 1264
93544 1724
54663 1083
86015 1713
92154 1222
98213 1214
94452 1595
84220 1259
61952 1045
85401 1173
70091 1036
77943 1482
58314 1770
99810 1938
71296 1054
78263 1881
66163 1003
66021 1136
95070 1658
65398 1253
67106 1207
75304 1385
95591 1787
51286 1231
67371 1450
90623 1636
63117 1111
80223 1176
54850 1621
60770 1916
60053 1951
83655 1517
93773 1403
97233 1125
57281 1361
57897 1240
77912 1546
52560 1953
71181 1825
69560 1072
75825 1265
92038 1507
89112 1278
52459 1703
96308 1295
85802 1211
77237 1998
59098 1227
66486 1506
77544 1344
60884 1742
87721 1582
85780 1732
92613 1534
80468 1868
97116 1359
99683 1059
97390 1696
77664 1681
94892 1827
77209 1246
92199 1805
92466 1956
66783 1598
97171 1291
56930 1514
67227 1181
62111 1440
69434 1425
81778 1786
84208 1930
92078 1930
60970 1324
70705 1411
62062 1100
79924 1291
68309 1712
56228 1621
85274 1776
58172 1078
54136 1796
67062 1086
73648 1490
71650 1481
92763 1889
61799 1976
52136 1123
57877 1203
55230 1733
96717 1693
66900 1021
71953 1616
95335 1816
65441 1250
93165 1160
57662 1646
83067 1368
72653 1538
77964 1505
80796 1900
93413 1686
94625 1782
59237 1019
77359 1807
96272 1387
58980 1762
98649 1643
88794 1601
73105 1715
98975 1362
77235 1254
86966 1377
64825 1346
82421 1990
76340 1641
79910 1887
56638 1808
81755 1009
56174 1331
66138 1540
76505 1042
87701 1541
70261 1143
95528 1690
54950 1804
83055 1663
54621 1683
97247 1529
83789 1062
51459 1338
80938 1916
70732 1397
55124 1532
69454 1514
66344 1899
83119 1278
73567 1885
62074 1784
56881 1736
96537 1900
52484 1044
92434 1467
84348 1561
63087 1098
53727 1892
82405 1163
87592 1625
78789 1932
68188 1611
63088 1896
78789 1786
69059 1970
90599 1128
59465 1269
99411 1867
69327 1905
79479 1115
83140 1392
55559 1037
68890 1722
59313 1989
61081 1157
73384 1113
64629 1604
93970 1504
80909 1392
59333 1062
72189 1500
85438 1600
55568 1502
88219 1124
90842 1583
69469 1324
88478 1684
64363 1787
51313 1088
70221 1895
77196 1318
74579 1986
96035 1322
94398 1324
90572 1822
99656 1684
80625 1738
80631 1764
62552 1794
66426 1663
80866 1206
64230 1242
65681 1932
56202 1582
83923 1982
54957 1734
60047 1344
67602 1351
98059 1060
74769 1140
65999 1794
69514 1936
96069 1872
65813 1948
65918 1666
96868 1595
84546 1540
98462 1949
96968 1027
90309 1551
87953 1625
91899 1925
78762 1114
76645 1031
73228 1540
64161 1108
67564 1273
87878 1404
74532 1060
76616 1521
52730 1276
97668 1253
78981 1847
61993 1530
86193 1064
85202 1618
89656 1466
87665 1020
98918 1443
96206 1639
79110 1441
96401 1368
92575 1726
75907 1085
63647 1103
81552 1832
97443 1484
59525 1626
99876 1760
71317 1102
53550 1197
73260 1410
63454 1068
81956 1959
94197 1361
75830 1034
57545 1423
60642 1305
61565 1492
62202 1733
93056 1856
72876 1098
61090 1579
85814 1245
74877 1539
86677 1872
81661 1892
94095 1105
66462 1808
85411 1238
65941 1713
62525 1971
50225 1428
91837 1536
97324 1546
74417 1311
95510 1895
78311 1672
71973 1689
90928 1703
70069 1834
77656 1722
90015 1246
76122 1988
52521 1551
83863 1913
91838 1470
64 64 189 99 99 99 230 0 165 165 165 165 0 329 0 0 0 117 117 117 117 0 0 0 382 382 0 0 0 0 0 317 205 0 0 0 0 0 0 0 0 0 0 0 106 106 106 0 0 0
64 64 189 99 99 230 230 0 0 0 0 165 0 329 0 0 0 0 0 260 260 260 0 0 382 382 0 0 317 317 317 317 205 205 205 0 0 0 0 152 152 0 0 0 106 106 106 0 0 0
64 64 189 99 99 230 136 136 136 302 165 165 0 329 0 0 0 1 0 0 260 260 305 32 382 25 25 0 0 317 70 70 71 71 71 8 0 0 152 152 152 0 166 166 166 166 106 106 0 0
0 0 189 231 231 231 136 168 168 302 219 219 0 329 0 1 1 1 173 173 305 305 305 32 25 25 212 18 18 317 70 70 71 71 71 8 288 0 170 152 152 0 166 166 166 166 130 400 400 0
0 0 0 231 231 20 266 266 168 302 302 219 0 329 0 0 385 149 173 173 339 305 305 32 25 25 212 18 18 18 22 22 22 22 8 8 288 288 170 170 398 0 0 118 118 118 130 400 400 0
0 0 0 20 20 20 266 266 168 168 206 219 219 329 0 385 385 149 149 339 339 123 123 32 32 25 212 212 294 294 294 294 22 22 22 10 10 288 184 170 398 398 118 118 118 130 130 400 400 0
0 0 0 301 301 150 150 272 168 215 206 206 216 216 0 385 149 149 149 339 123 123 123 32 32 267 267 21 294 294 236 294 61 61 10 10 76 288 184 184 184 398 345 331 331 130 83 0 0 0
0 0 0 301 301 150 150 272 168 215 206 206 216 216 0 107 107 107 107 119 119 31 31 267 267 267 267 21 21 236 236 236 67 61 61 61 76 288 184 184 184 398 345 331 331 143 83 0 0 0
310 310 261 261 261 150 272 272 272 215 215 206 216 275 275 275 275 376 376 119 119 31 31 267 98 98 98 21 21 236 67 67 67 172 61 76 76 288 94 217 217 51 345 143 143 143 83 0 0 0
310 310 261 207 207 150 150 335 335 335 191 191 191 275 275 275 275 376 376 122 119 119 31 267 13 13 98 21 15 15 55 55 55 172 239 45 45 45 94 94 217 51 345 345 345 83 83 0 0 0
310 42 42 207 207 357 357 357 357 335 191 59 59 126 126 113 113 178 39 122 119 78 78 100 13 13 98 15 15 116 55 55 172 172 239 239 45 45 94 94 217 51 324 324 345 326 326 0 0 0
42 42 12 251 251 251 222 222 378 378 378 59 59 126 126 113 113 178 39 122 122 78 78 100 54 54 98 89 116 116 116 37 37 158 158 239 389 389 389 94 217 51 187 324 324 326 368 368 283 283
42 12 12 251 251 268 268 222 222 378 378 59 53 53 178 178 178 178 39 39 103 103 100 100 54 54 89 89 89 89 116 37 352 352 158 158 289 203 389 389 187 187 187 33 33 326 90 368 283 283
42 12 296 251 263 268 268 268 270 270 270 270 53 53 50 50 178 192 192 159 103 103 100 44 44 44 89 89 108 116 116 37 352 352 352 289 289 203 389 389 353 353 187 33 33 252 90 368 283 283
0 296 296 296 263 263 263 286 146 146 175 175 227 227 227 50 192 192 192 159 159 159 82 82 44 44 108 108 108 108 108 37 37 135 135 289 203 203 5 5 290 353 353 252 252 252 90 90 90 283
0 79 79 296 341 341 341 286 146 146 175 175 227 88 81 50 371 371 311 311 159 159 147 82 82 142 142 142 142 108 108 153 153 135 135 203 203 300 5 5 290 360 353 252 252 252 156 156 156 0
0 79 0 0 0 341 341 286 286 175 175 175 88 88 81 81 371 342 342 311 311 159 147 147 147 147 74 74 142 346 346 153 153 183 183 300 300 300 5 290 290 360 353 353 350 350 156 156 156 0
0 79 0 0 0 62 363 363 286 185 185 88 88 85 85 81 371 371 342 342 342 200 200 375 129 129 74 74 142 346 358 358 358 183 183 226 226 362 5 290 290 360 360 48 350 350 350 372 372 0
0 0 0 0 0 62 363 363 229 185 185 88 88 85 85 41 371 371 258 255 255 200 200 375 129 129 284 284 142 346 358 358 340 340 183 226 226 362 362 362 360 360 48 48 204 204 204 372 0 0
0 0 213 213 62 62 365 271 229 185 30 102 110 110 85 41 258 258 258 255 255 200 200 375 375 375 284 284 142 244 358 358 340 151 151 151 393 134 134 134 134 360 48 48 204 204 204 372 0 0
0 0 140 213 213 365 365 271 229 185 30 102 110 110 269 41 258 258 258 255 255 200 200 137 137 137 137 325 325 244 249 340 340 151 393 393 393 259 134 238 3 3 3 115 262 262 204 204 68 0
0 0 140 306 306 365 271 271 229 185 30 102 102 269 269 41 258 57 57 133 225 399 399 137 137 137 160 325 244 244 249 340 340 393 393 393 259 259 259 238 3 238 115 115 73 262 303 303 68 0
0 0 140 306 306 322 271 271 202 30 30 102 102 269 269 41 57 57 57 133 225 399 399 344 344 160 160 325 244 244 249 281 63 63 234 393 65 65 259 238 238 238 115 115 73 262 303 303 68 0
0 0 140 314 314 322 322 271 202 30 30 30 233 233 269 254 57 57 133 133 225 225 344 344 344 160 325 325 244 244 249 281 63 63 234 234 65 65 312 370 370 238 115 115 73 73 73 73 68 0
0 111 140 314 314 47 322 202 202 195 257 257 233 233 254 254 391 391 133 133 225 225 344 344 344 160 120 120 120 281 281 281 313 234 234 65 65 312 312 370 370 238 224 224 224 245 245 68 68 0
0 111 111 47 47 47 322 322 322 195 195 257 167 167 254 391 391 369 369 133 133 93 292 292 292 292 120 120 120 281 281 281 313 313 313 65 65 312 312 299 299 299 224 128 35 35 245 68 366 0
0 0 111 47 86 86 86 86 86 195 257 257 167 167 169 169 320 320 369 369 369 93 292 97 97 97 120 141 141 354 354 323 313 313 313 394 394 312 312 299 299 138 128 128 35 35 245 68 366 0
0 0 47 47 86 86 86 29 29 195 40 40 167 167 169 169 169 320 320 320 93 93 190 97 97 97 248 141 141 354 354 323 323 323 356 356 394 265 299 299 299 138 128 128 139 139 139 139 366 366
92 0 47 0 384 384 384 125 29 29 43 40 167 167 96 96 96 309 320 320 49 190 190 190 127 127 248 377 377 377 72 72 72 280 280 356 394 265 265 69 69 138 138 383 336 336 139 139 250 366
92 92 92 0 384 384 384 125 125 125 43 40 209 209 96 96 96 309 309 309 49 49 2 190 127 127 248 248 19 377 72 72 72 280 280 356 291 291 265 69 69 383 383 383 243 336 250 250 250 366
92 92 0 0 0 298 298 298 161 161 43 43 209 208 208 112 96 309 309 334 334 49 2 2 2 2 0 19 19 19 19 19 72 285 285 285 291 291 265 349 349 349 349 383 243 336 80 80 80 80
0 0 0 0 0 298 298 298 161 161 43 43 209 208 208 112 112 95 95 334 334 95 181 181 0 0 0 379 379 177 177 285 285 285 388 144 144 58 58 154 374 374 349 383 243 243 28 28 56 56
0 148 148 396 396 121 315 315 211 211 361 199 199 199 308 112 112 112 95 95 95 95 181 181 0 0 0 379 379 177 177 177 388 388 388 144 144 58 58 154 374 374 157 157 157 243 28 28 56 56
0 148 396 396 121 121 315 315 211 361 361 199 14 308 308 46 46 7 11 11 11 11 242 114 114 0 0 0 0 177 332 332 198 388 388 38 58 58 58 154 374 374 157 6 132 132 277 277 330 56
0 148 148 148 121 121 397 211 211 361 14 14 14 308 367 46 7 7 7 282 11 11 242 114 114 0 0 0 0 235 332 332 198 388 388 38 214 154 154 154 232 232 6 6 132 132 277 277 330 330
0 0 148 148 109 109 397 397 397 397 196 196 14 14 367 46 7 7 7 282 11 11 242 242 0 0 0 0 235 235 24 198 198 38 38 38 214 214 214 154 232 232 6 132 132 132 277 277 330 330
0 0 337 337 109 109 328 328 328 328 196 196 237 14 367 180 327 327 327 282 256 256 318 0 0 0 0 0 235 24 24 198 273 273 273 38 264 264 36 36 232 232 351 351 351 351 330 330 330 0
0 0 337 337 221 163 163 163 196 196 196 237 237 14 367 180 180 180 327 282 256 256 318 318 318 0 0 0 235 24 24 24 179 179 273 264 264 36 36 36 36 16 351 351 351 351 0 0 0 0
0 0 221 221 221 395 395 163 0 0 237 237 237 220 247 180 247 278 278 355 256 364 364 364 364 0 0 0 0 0 0 24 179 179 0 380 380 380 36 36 279 16 16 16 16 0 0 0 0 52
0 0 386 395 395 395 163 163 0 0 0 220 220 220 247 247 247 278 355 355 364 364 155 155 23 23 0 84 84 0 0 0 0 0 0 60 380 380 316 279 279 131 131 16 0 0 0 0 0 52
0 0 386 386 304 304 0 0 0 0 0 0 174 174 105 105 278 278 355 355 364 364 155 23 23 0 0 84 84 84 295 0 307 0 0 60 60 60 316 279 279 131 131 16 347 347 66 66 66 52
0 0 0 386 304 304 0 0 0 0 0 0 174 105 105 105 278 278 145 145 145 145 155 77 77 0 0 0 295 295 295 0 307 307 307 316 316 316 316 316 176 176 176 176 347 347 66 66 52 52
381 381 381 381 381 0 0 0 0 0 0 0 174 26 201 201 201 186 145 145 145 145 77 77 77 0 0 0 0 253 295 295 307 307 307 316 223 182 182 176 176 176 176 287 287 287 287 9 52 0
0 0 0 392 392 0 0 0 0 0 0 17 17 26 201 201 348 186 186 186 77 77 77 0 0 0 0 253 253 253 297 390 390 124 124 188 223 182 182 182 104 104 104 104 287 287 287 9 52 0
0 0 0 392 392 392 0 0 0 0 0 17 17 26 26 348 348 348 348 348 0 0 0 0 0 0 194 253 253 297 297 297 390 0 124 188 223 223 182 293 293 104 171 171 171 87 87 9 34 0
0 0 0 392 0 0 0 0 0 0 387 387 387 246 246 246 359 359 0 0 0 0 0 0 75 75 194 194 333 333 297 297 390 0 124 188 188 188 293 293 293 293 321 171 171 87 87 9 34 0
0 0 392 392 0 0 0 0 0 241 387 101 101 338 338 246 359 359 0 0 228 228 0 0 75 75 194 194 333 333 343 343 0 0 193 193 4 4 293 197 197 321 321 171 171 87 87 34 34 0
0 0 0 0 0 0 0 27 0 241 241 241 101 338 338 91 91 91 373 373 228 228 0 0 0 0 210 210 343 343 343 343 0 0 193 193 4 4 197 197 197 321 321 218 87 87 164 164 164 240
0 0 0 0 0 0 0 27 27 27 0 0 101 162 162 91 373 91 373 373 0 0 0 0 0 0 210 210 343 0 0 0 0 0 0 193 0 0 274 274 274 218 218 218 319 319 0 0 164 240
0 0 0 0 0 0 0 0 0 0 0 0 0 0 162 162 373 373 373 0 0 0 0 0 276 276 276 276 0 0 0 0 0 0 0 0 0 0 274 274 0 0 0 0 319 319 0 0 240 240
