50 400 20
85142 1754
67256 1739
76014 1335
89828 1588
62161 1874
67497 1805
91323 1497
81620 1081
89904 1414
73966 1827
68673 1704
68057 1114
92123 1687
79299 1966
57396 1547
96779 1728
73721 1569
72862 1282
63415 1694
87499 1330
59954 1695
50793 1711
98975 1753
81680 1845
50167 1862
91701 1538
80197 1443
66442 1365
52463 1498
75597 1262
96597 1105
57097 1129
51493 1477
74233 1608
72150 1366
75321 1739
56509 1522
56910 1771
68775 1109
81267 1395
55443 1443
81407 1471
76070 1494
51408 1844
70293 1614
70127 1924
66396 1197
98449 1397
69805 1621
65900 1460
94052 1287
52913 1057
92644 1831
96764 1511
63780 1655
84775 1726
80558 1707
56355 1681
77389 1773
76082 1634
67051 1761
72203 1498
87862 1553
53484 1854
88141 1811
90407 1979
65658 1221
64452 1065
51856 1156
55650 1260
67564 1775
89086 1182
96021 1006
72516 1232
64676 1438
80321 1060
53042 1241
72027 1487
57827 1601
70398 1220
67293 1736
72371 1719
55572 1873
50885 1054
84583 1339
55719 1525
95329 1238
94555 1920
91652 1064
71097 1948
87753 1170
72461 1090
76454 1014
90620 1170
54469 1400
62520 1908
68079 1135
91674 1840
78376 1068
84245 1968
56291 1035
51407 1409
53628 1789
58234 1520
97647 1138
79494 1519
51728 1793
92738 1306
98204 1276
69966 1130
59870 1813
54776 1753
74110 1602
84045 1746
93076 1651
84453 1830
86187 1490
71652 1389
52650 1120
73894 1475
68854 1202
64948 1448
97570 1442
52275 1049
87526 1415
71045 1338
95865 1344
74403 1008
63537 1952
72116 1075
56283 1533
97279 1597
52996 1685
72098 1700
66882 1401
80897 1130
79936 1876
80459 1435
52060 1401
77719 1252
97865 1827
64119 1411
72755 1208
58758 1902
89851 1334
59018 1545
53244 1299
72953 1897
65240 1038
64900 1416
97809 1579
75585 1104
86738 1051
95945 1593
90469 1663
63234 1837
87041 1188
73995 1683
98111 1506
84072 1917
62401 1361
88690 1791
72598 1079
79602 1697
76512 1516
60196 1026
72086 1960
89953 1730
57656 1969
60834 1397
71338 1877
72922 1199
56690 1036
88364 1534
69268 1106
80181 1898
75556 1034
53149 1996
95349 1472
82733 1297
55267 1369
83513 1563
98681 1572
52936 1255
53187 1456
61647 1235
82116 1014
68530 1373
73965 1875
61059 1618
60458 1841
62888 1261
63266 1556
83850 1115
54865 1227
66081 1252
81664 1042
77870 1072
69098 1521
73487 1805
78396 1914
77998 1364
81621 1595
67210 1924
85866 1240
78699 1466
90804 1472
84246 1023
54161 1550
58812 1357
99409 1714
69682 1733
57264 1663
75999 1778
82281 1150
57931 1327
92720 1350
91439 1313
51064 1665
89976 1127
75692 1368
88123 1119
51551 1741
93278 1941
91749 1864
73844 1260
53077 1654
75154 1798
81961 1569
64542 1422
68439 1463
99071 1892
73577 1389
76841 1504
96295 1727
96689 1225
74801 1561
99918 1832
86482 1349
65069 1433
55275 1442
58106 1209
72507 1833
78790 1062
90833 1308
73235 1612
88210 1228
50455 1339
57048 1384
85564 1827
63726 1118
76464 1616
55660 1046
61603 1837
94633 1300
68068 1336
72077 1806
85845 1339
98567 1511
79172 1474
51185 1915
96423 1406
90284 1704
70408 1137
67872 1989
70910 1828
77663 1436
63286 1189
71276 1110
80172 1731
79483 1491
97839 1594
97287 1916
59485 1563
86039 1501
87723 1910
86360 1350
97101 1685
71884 1652
78759 1921
73031 1101
77815 1525
96172 1867
99753 1066
54939 1853
66173 1050
96946 1809
92310 1594
92591 1059
88957 1287
77922 1482
78139 1384
68084 1075
58216 1598
86978 1163
64563 1436
83713 1114
57381 1954
61774 1798
57883 1501
61951 1054
50847 1138
69699 1586
73034 1265
87751 1057
86389 1207
68218 1447
80026 1297
87299 1537
78994 1203
96521 1815
81130 1684
60510 1563
52263 1298
72670 1692
76703 1565
54368 1318
62698 1664
83777 1827
58282 1092
70802 1059
67266 1560
93744 1918
72312 1035
82710 1683
61449 1505
69679 1598
61843 1479
74609 1038
51758 1232
97392 1132
90543 1551
99569 1753
61330 1268
58288 1239
68685 1997
82828 1582
63363 1976
96161 1108
67262 1489
87194 1062
94307 1009
54760 1505
92156 1394
74603 1004
81531 1498
74229 1560
67068 1402
75621 1434
79913 1853
66602 1512
76999 1069
64705 1379
62478 1273
74129 1815
53949 1552
67327 1702
79832 1291
86875 1221
76555 1068
50543 1636
61278 1571
91580 1483
77591 1719
81149 1146
72599 1654
75819 1272
90554 1391
90802 1483
51343 1894
74409 1753
60975 1206
69828 1958
50321 1719
94952 1754
51481 1072
71970 1315
82910 1315
78320 1202
69120 1659
81196 1796
76030 1573
97527 1955
59846 1755
86616 1806
92988 1809
51494 1465
85698 1101
65917 1413
88678 1845
65430 1893
68385 1899
70477 1355
88793 1968
73250 1623
53398 1972
82974 1482
59605 1741
99893 1939
61273 1226
176 176 0 0 0 0 171 171 171 384 384 384 292 292 0 0 0 0 0 0 0 0 0 0 0 0 32 259 259 259 259 400 400 0 0 0 0 0 0 0 16 16 16 0 0 0 0 0 0 0
176 176 276 276 276 0 171 294 0 0 384 384 292 292 0 0 0 0 322 322 86 0 0 0 0 0 32 32 32 32 32 0 400 400 0 0 0 0 0 0 16 121 204 204 204 204 0 0 0 0
0 276 276 57 0 0 306 294 294 0 0 0 0 0 0 42 0 0 322 322 86 86 86 0 0 140 146 146 146 146 74 0 0 400 0 178 351 0 351 121 121 121 121 0 0 0 0 260 260 260
0 57 57 57 306 306 306 0 294 0 0 0 0 42 42 42 94 0 322 322 86 246 246 323 0 140 140 170 74 74 74 309 0 0 0 178 351 351 351 154 154 154 102 43 43 43 60 60 60 260
0 0 0 0 306 306 0 0 0 0 0 0 363 363 361 361 94 302 322 322 86 246 246 323 323 140 140 170 170 95 95 309 309 309 0 178 178 178 103 103 397 154 102 43 43 43 43 60 260 260
0 0 0 0 232 232 0 0 0 0 0 0 363 363 151 361 94 302 302 302 302 323 323 323 323 140 87 87 170 95 95 309 309 309 0 0 101 178 103 103 397 102 102 113 113 113 43 60 260 0
374 374 61 61 232 232 0 0 0 0 161 161 161 151 151 361 94 94 302 302 302 323 304 304 332 140 87 100 100 49 49 245 245 101 101 101 101 178 178 103 397 102 313 113 132 132 126 126 126 0
374 374 61 61 393 393 0 0 0 0 161 161 161 151 356 356 396 396 238 238 327 327 304 304 332 140 87 100 100 49 49 245 245 165 165 165 78 78 78 78 397 102 313 251 251 132 126 126 0 0
374 374 243 243 393 393 393 393 0 0 161 161 356 356 356 356 396 396 238 238 327 327 304 332 332 332 87 76 76 158 158 158 158 165 78 78 78 394 394 311 311 313 313 251 251 132 166 166 166 166
0 219 243 70 70 70 70 369 369 0 0 160 160 356 356 341 340 340 238 238 327 304 304 290 290 290 290 76 231 231 158 158 163 163 263 263 263 394 394 311 311 329 329 251 251 132 372 372 52 262
0 219 243 12 12 317 317 317 369 46 46 45 160 160 160 341 340 340 282 282 282 282 282 339 37 37 37 76 231 231 231 158 163 263 263 96 96 96 329 329 329 329 329 157 251 33 372 372 52 262
0 219 219 12 12 317 317 317 369 46 46 45 45 160 160 341 340 67 67 67 24 24 339 339 364 213 37 37 40 40 40 158 163 303 303 303 303 96 105 105 105 105 115 157 157 33 52 52 52 262
0 219 188 188 188 317 317 89 89 124 124 124 45 18 18 341 305 305 67 67 24 24 339 364 364 213 37 37 40 206 344 344 344 366 366 3 303 303 298 298 298 115 115 55 157 33 33 262 262 262
219 219 142 142 188 83 83 89 89 124 299 50 50 50 18 341 305 305 24 24 24 84 84 364 213 213 13 13 206 206 187 344 344 366 366 3 3 303 298 115 115 115 338 55 157 157 139 139 139 0
219 335 142 142 188 83 83 89 6 124 299 108 50 50 18 341 256 256 256 256 130 84 84 364 253 13 13 206 206 206 187 187 344 62 62 62 3 269 131 29 29 230 338 55 55 157 139 139 139 0
335 335 142 142 0 0 6 6 6 299 299 108 50 190 190 359 359 168 130 130 130 10 10 364 253 253 253 253 253 206 187 187 344 62 26 315 269 269 131 29 29 230 338 338 167 167 182 182 0 0
335 335 0 0 0 293 293 299 299 299 299 108 108 190 190 359 359 168 184 184 10 10 391 48 48 48 48 253 253 277 277 26 26 26 26 315 269 131 131 29 230 230 107 338 167 167 182 182 72 72
335 335 0 0 0 293 293 88 88 152 152 152 39 39 359 359 359 168 184 184 391 391 391 48 48 48 324 324 277 277 277 389 389 197 197 315 269 131 131 107 107 107 107 107 375 375 182 182 72 72
0 0 0 0 0 88 88 88 97 152 152 152 39 39 359 122 122 168 168 196 196 391 391 270 377 377 324 71 228 228 336 336 389 389 197 315 269 269 269 368 380 380 135 135 135 375 375 0 0 0
0 0 0 77 77 223 223 223 97 97 280 59 59 331 122 122 240 334 334 196 196 270 270 270 377 377 324 71 71 228 228 336 257 257 197 315 315 315 368 368 202 380 380 135 135 395 395 0 0 0
0 0 0 0 77 77 77 223 97 97 280 59 331 331 240 240 240 334 334 196 300 300 53 53 377 377 208 71 71 214 228 336 257 257 197 321 321 368 368 202 202 380 380 30 30 30 395 395 0 0
0 0 0 0 0 77 38 38 38 280 280 59 331 1 240 240 261 261 261 373 373 300 53 53 377 208 208 71 71 214 214 336 257 257 321 321 321 64 64 202 202 380 380 30 189 189 189 0 0 0
0 0 0 388 388 388 38 38 38 210 307 333 1 1 261 261 261 4 4 373 373 300 53 53 208 208 35 35 35 35 214 325 257 289 289 211 321 64 64 202 227 44 44 44 189 0 0 0 0 0
195 110 110 388 310 310 114 114 210 210 307 333 1 281 281 281 281 4 4 58 20 300 20 278 278 35 35 35 288 288 325 325 325 289 289 211 211 211 227 227 227 44 352 0 0 0 0 0 0 0
195 195 110 110 310 310 114 114 210 198 307 333 333 69 281 281 281 220 220 58 20 20 20 278 278 222 387 387 288 288 325 325 272 272 272 272 134 134 227 227 370 370 352 0 0 0 0 0 0 0
99 195 195 110 310 310 114 114 301 198 307 333 69 69 345 345 220 220 58 58 183 20 20 63 278 222 387 387 136 136 79 79 314 314 314 314 134 141 141 141 370 370 352 0 0 0 0 0 0 0
99 195 195 371 371 371 301 301 301 198 307 307 69 69 345 345 200 220 183 183 183 175 63 63 185 222 222 387 136 136 147 79 79 314 314 234 134 141 141 141 370 370 352 0 0 0 7 0 0 0
99 264 264 371 371 371 174 174 284 198 198 198 198 198 345 345 200 200 183 183 68 175 63 90 185 185 185 185 136 136 147 147 79 275 275 234 234 141 355 355 265 265 0 0 164 7 7 0 0 0
99 264 343 343 343 343 174 174 284 284 284 284 316 316 316 316 316 200 200 183 68 175 175 90 347 347 106 106 136 291 291 147 150 275 275 320 234 234 355 355 265 265 0 164 164 7 7 0 0 0
99 264 119 119 119 119 119 385 385 385 385 194 194 41 41 316 47 47 200 68 68 90 90 90 90 347 347 106 106 291 291 31 150 150 275 320 320 355 355 355 19 19 19 164 164 248 248 248 0 0
383 383 111 111 119 119 119 109 109 109 194 194 194 41 41 41 47 47 125 358 358 90 192 192 22 399 399 399 31 31 31 31 150 354 354 354 320 355 17 17 19 159 159 164 156 248 248 248 0 0
383 383 111 111 111 215 215 109 283 283 283 194 194 350 34 34 382 125 125 358 358 192 192 22 22 22 399 399 8 31 31 92 150 179 179 354 353 353 17 17 19 159 159 164 156 248 248 398 398 398
348 348 268 111 111 215 215 109 109 283 283 81 350 350 34 34 382 125 125 297 297 297 328 328 328 22 22 22 8 8 8 92 92 92 179 179 353 353 17 17 17 326 326 156 156 156 156 398 398 398
348 348 268 268 268 268 215 283 283 283 81 81 350 350 117 117 382 382 382 205 297 297 328 360 360 360 235 162 162 162 162 92 229 229 229 179 98 98 173 342 342 326 326 349 349 156 156 0 0 398
212 212 212 23 23 148 148 120 120 120 81 242 242 350 117 117 205 205 205 205 205 255 255 169 360 360 235 235 203 346 162 92 229 229 229 179 98 98 173 342 342 123 349 349 349 0 0 0 379 379
212 212 212 23 23 148 148 120 120 120 2 242 242 244 244 117 117 66 66 255 255 255 255 169 362 360 362 235 203 346 92 92 229 229 28 179 133 173 173 54 54 123 123 0 0 0 0 0 379 379
0 0 191 191 191 392 392 56 56 120 2 242 242 244 244 117 217 217 66 255 255 112 169 169 362 362 362 203 203 346 250 250 250 250 28 179 133 54 54 54 155 155 123 0 0 0 0 0 379 379
0 0 0 0 191 392 392 392 56 56 2 242 242 91 91 117 217 217 66 218 218 112 112 362 362 362 266 207 207 346 250 378 51 250 28 28 133 386 386 386 155 155 193 193 0 0 0 0 0 0
0 0 0 0 0 0 0 357 357 2 2 233 91 91 91 217 217 296 296 296 218 27 112 266 266 266 266 207 207 254 254 378 51 250 250 386 133 386 149 149 149 193 193 193 279 0 0 93 128 128
0 0 0 252 252 0 0 357 357 225 2 233 233 233 365 365 217 296 296 296 218 27 27 266 266 266 85 85 254 254 378 378 51 82 82 386 386 386 149 149 149 258 258 279 279 0 0 93 128 128
308 308 0 252 75 75 75 225 225 225 143 233 233 199 365 365 199 65 65 296 236 236 27 129 129 118 85 209 209 254 254 254 51 82 82 25 25 318 318 318 318 258 258 279 145 145 0 93 273 273
308 308 252 252 75 75 0 225 225 153 143 143 143 199 199 199 199 65 65 296 236 127 127 129 129 118 85 209 209 0 0 0 51 21 21 25 25 137 367 367 367 5 5 279 145 145 0 93 273 273
0 0 252 252 75 0 0 225 225 153 153 153 249 249 249 116 199 199 65 241 236 127 172 129 129 118 118 209 209 0 0 0 0 21 21 25 137 137 312 312 367 5 5 279 279 181 181 226 273 273
0 0 0 0 0 0 271 271 271 153 153 153 249 144 144 116 180 180 180 241 127 127 172 172 80 80 80 80 0 0 0 0 274 274 267 267 137 137 312 367 367 138 5 247 247 181 181 226 0 0
0 0 0 0 0 0 0 271 271 381 381 144 144 144 116 116 0 180 180 241 241 330 330 172 9 9 9 9 0 0 0 0 274 274 274 267 137 137 312 138 138 138 247 247 286 286 226 226 0 0
0 0 0 0 0 186 0 0 0 0 381 144 116 116 116 0 0 0 0 0 0 330 330 376 239 239 14 14 14 15 0 0 319 319 0 267 0 0 0 0 0 0 0 0 286 226 226 226 0 0
0 0 0 0 186 186 186 11 11 0 104 295 295 295 0 0 0 0 0 0 0 376 376 376 239 239 14 15 15 15 0 73 73 319 0 0 0 0 0 216 216 216 216 216 286 224 224 36 36 0
0 0 237 0 186 287 287 11 11 104 104 104 295 295 295 0 0 0 0 0 0 285 285 285 285 0 15 15 0 0 0 73 73 319 0 0 0 0 216 216 177 0 0 286 286 224 224 0 36 36
0 0 237 237 201 287 287 287 104 104 0 0 295 0 0 0 0 0 0 0 0 285 337 337 285 0 15 15 0 0 0 0 0 0 0 0 0 0 0 177 177 177 0 286 286 0 0 0 390 390
0 0 237 237 201 201 201 287 287 0 0 0 0 0 0 0 0 0 0 0 0 0 337 337 285 0 0 0 0 0 0 0 0 0 0 0 221 221 221 221 177 177 0 0 0 0 0 0 390 390
