50 400 20
61427 1530
84574 1053
84506 1535
73815 1875
85226 1157
53869 1136
69584 1422
62871 1756
67296 1074
76010 1661
94810 1975
77292 1408
68043 1030
75109 1343
89185 1536
70176 1134
61952 1686
63146 1513
87746 1691
71974 1340
77105 1318
87832 1432
90504 1847
83929 1940
57072 1706
55837 1852
87109 1052
77326 1978
82229 1803
90112 1971
92948 1326
74277 1642
57819 1953
76499 1475
95796 1184
60708 1191
82302 1239
85677 1214
69909 1065
64334 1048
50377 1156
59883 1027
58812 1391
83872 1518
83197 1444
81763 1878
82116 1800
94376 1901
61100 1346
97862 1014
96819 1985
78383 1339
57470 1559
66792 1424
68031 1682
88571 1087
90211 1436
82899 1013
74533 1004
66081 1036
74186 1372
54164 1674
60538 1684
93842 1823
58667 1594
63915 1627
89434 1019
91839 1759
98767 1925
83718 1862
78162 1262
79070 1517
87684 1453
86475 1976
80630 1282
56571 1457
96512 1175
50395 1277
57583 1424
85785 1830
62044 1853
85892 1905
90987 1039
80976 1617
78308 1694
67695 1996
71983 1007
82207 1413
58232 1296
69162 1169
60728 1196
87214 1947
53050 1843
72213 1488
58613 1500
69328 1432
72888 1933
79320 1252
83821 1781
87806 1895
91899 1237
98630 1280
81091 1821
97929 1474
63860 1156
58296 1203
51046 1420
75823 1866
88603 1829
65967 1649
69125 1381
64531 1516
84331 1603
67596 1360
74778 1429
54078 1096
51526 1337
70695 1858
62913 1646
80840 1675
84740 1083
52639 1944
61700 1803
77743 1630
73453 1184
83823 1584
51527 1206
91185 1566
74818 1982
65473 1460
73777 1676
87673 1900
51215 1018
67675 1245
54876 1426
51758 1754
85364 1492
87347 1499
57985 1967
57830 1518
54018 1847
84934 1653
65513 1996
67683 1906
70285 1089
71842 1549
90522 1060
54384 1864
90460 1046
63101 1899
80441 1176
71221 1933
60155 1091
50077 1341
63173 1755
95895 1403
97600 1578
63102 1382
99499 1781
90059 1800
63348 1882
68121 1146
84110 1712
93247 1324
74688 1970
81236 1600
92114 1528
70409 1422
73036 1913
72983 1328
98124 1941
95235 1568
80863 1676
53185 1502
91187 1820
55465 1780
95916 1390
92954 1236
62500 1834
87279 1817
57288 1400
65228 1031
96257 1220
79357 1408
56336 1374
54818 1987
88362 1667
84467 1302
93516 1248
75331 1362
94464 1944
67860 1189
94002 1292
80805 1567
86674 1683
57360 1607
68018 1535
95502 1645
65971 1974
50180 1394
71907 1721
51744 1008
60220 1456
83693 1442
99267 1362
80822 1860
54389 1606
64988 1651
98199 1187
62237 1971
80483 1285
59047 1812
92089 1326
64180 1360
69713 1179
52196 1401
93582 1458
62344 1442
96196 1600
79141 1540
98904 1712
87762 1134
99730 1715
96798 1896
67832 1048
58849 1951
84181 1343
88519 1071
51977 1952
99041 1174
70828 1763
61017 1033
98197 1963
91023 1963
58090 1763
81539 1245
52150 1919
63283 1241
98846 1665
73701 1089
97930 1714
50337 1791
89163 1972
50342 1594
58874 1512
93101 1590
75938 1642
61464 1703
74369 1479
66477 1213
84792 1826
51612 1597
77114 1862
56205 1185
62977 1323
93730 1570
77642 1144
55512 1947
95784 1991
91570 1140
77787 1756
83809 1921
74775 1154
57596 1024
98547 1142
54109 1525
83188 1662
76628 1310
98322 1946
76579 1233
58489 1349
69720 1299
82857 1625
98442 1810
85340 1860
57367 1232
77287 1218
58965 1120
95717 1462
74237 1404
72170 1551
59676 1043
82195 1628
97501 1210
76328 1299
52445 1831
58772 1454
91569 1965
90281 1234
66805 1945
74444 1800
62492 1712
53779 1748
92420 1005
72239 1473
87676 1034
63092 1644
62932 1083
77516 1703
98513 1445
85040 1361
71839 1075
65162 1242
66899 1543
86739 1786
77850 1833
79967 1076
77850 1588
85646 1495
67631 1146
77822 1851
71787 1616
50077 1264
65573 1060
54580 1965
67348 1741
79890 1450
79344 1703
67796 1560
69893 1700
84625 1390
92978 1189
59900 1405
83678 1001
91250 1193
74815 1435
87516 1490
96106 1130
65108 1353
56495 1633
52249 1487
59893 1224
88638 1282
64224 1277
63999 1215
77967 1244
61920 1226
55139 1147
81547 1435
52437 1044
75662 1469
65612 1889
77210 1682
50898 1960
51177 1635
70549 1700
59296 1598
59388 1738
52555 1800
68639 1812
57406 1223
55676 1257
59508 1317
85952 1924
86715 1396
91442 1453
77620 1320
62798 1089
91031 1203
80882 1797
91062 1146
69474 1476
68023 1813
79591 1370
88605 1286
61001 1624
84749 1519
84584 1874
77292 1470
77850 1195
81507 1557
53031 1863
91752 1123
95203 1341
88086 1551
70943 1312
76795 1255
63700 1156
54126 1640
81740 1561
69306 1639
66045 1037
99506 1800
73196 1679
79236 1259
59955 1603
69944 1620
95349 1435
54381 1530
88497 1564
82111 1672
75520 1008
76186 1117
98840 1362
81613 1976
78443 1725
63665 1515
57879 1189
99610 1544
65639 1255
249 249 249 0 0 0 0 0 0 0 0 0 0 0 0 378 5 5 193 193 0 0 0 0 0 0 216 216 0 0 0 0 64 64 64 0 243 243 41 41 41 41 41 343 104 104 104 0 213 213
249 249 249 249 0 0 0 46 53 53 53 53 0 0 0 378 5 5 193 193 0 0 0 0 0 0 216 216 0 0 0 0 0 64 0 0 243 243 179 179 41 343 343 343 0 104 104 0 213 213
367 367 367 367 0 54 0 46 46 46 91 91 323 269 269 378 378 378 193 0 0 0 0 362 0 0 107 107 107 107 107 0 0 64 0 0 243 243 179 179 343 343 0 0 0 0 0 0 155 155
261 261 287 287 54 54 0 46 46 46 46 91 323 323 269 88 88 0 0 0 0 362 362 362 0 0 7 7 107 107 0 0 0 64 99 99 144 312 312 312 343 343 0 0 0 0 0 0 155 155
261 261 287 287 54 54 0 0 0 173 173 91 323 323 269 88 88 0 0 137 0 362 362 362 0 0 7 7 274 274 274 274 0 99 99 99 144 312 0 0 0 0 0 0 114 114 114 114 155 155
352 352 130 287 287 0 0 161 161 173 173 173 323 323 4 4 190 190 190 137 137 137 137 0 0 0 368 368 368 281 279 279 116 116 144 144 144 312 0 0 0 291 291 0 0 0 0 0 196 196
352 352 130 287 287 0 0 161 161 173 173 340 340 323 4 4 221 190 190 190 137 137 137 0 224 224 224 368 368 281 279 279 279 116 144 144 144 197 197 197 0 291 291 28 223 223 0 0 0 196
352 352 130 157 157 372 372 372 154 154 154 340 340 81 81 81 221 221 129 129 354 354 354 399 267 267 224 348 368 281 281 279 279 116 116 197 197 197 197 197 147 147 28 28 223 223 0 1 1 196
0 0 130 157 157 372 372 372 154 154 60 60 3 3 3 81 57 221 129 129 354 305 399 399 131 267 224 348 368 373 373 373 373 145 145 145 67 228 228 228 228 147 147 28 28 28 1 1 1 16
0 210 210 187 187 187 372 372 380 380 60 60 158 3 3 57 57 129 129 129 129 305 399 131 131 267 267 348 348 52 52 373 373 145 67 67 67 80 228 228 228 191 36 36 36 36 32 32 16 16
0 210 210 187 187 328 328 328 380 380 275 158 158 3 397 57 397 397 388 388 305 305 131 131 131 52 52 52 52 52 52 84 84 84 67 67 167 80 293 293 293 191 191 338 338 338 338 32 16 16
0 0 59 187 187 328 328 237 275 275 275 158 250 3 397 397 397 397 388 388 177 278 278 264 307 307 307 49 49 84 84 84 84 84 244 244 167 80 80 293 260 260 191 159 159 159 32 32 0 0
0 0 59 59 59 328 237 237 275 275 275 250 250 250 374 337 148 148 177 177 177 217 278 264 307 307 307 49 49 49 286 286 286 244 244 244 167 167 31 293 293 260 320 320 159 159 0 78 0 0
0 0 92 92 92 92 237 315 315 233 233 250 250 374 374 337 148 148 177 217 217 217 278 264 264 307 307 49 63 63 63 286 286 286 390 390 390 390 31 31 260 260 320 320 159 159 0 78 78 0
0 0 92 92 92 92 315 315 315 233 233 290 374 374 288 337 337 171 217 217 74 74 74 74 135 135 135 135 63 194 119 119 119 215 390 109 109 376 31 31 260 260 318 318 0 0 0 78 78 0
0 365 365 355 170 170 170 335 152 152 233 290 290 290 288 288 288 171 171 395 395 74 74 74 168 168 168 194 194 194 119 215 215 215 246 109 109 376 376 376 51 51 51 318 318 297 0 0 0 0
0 365 365 355 170 335 335 335 152 152 233 149 199 199 288 288 140 171 171 395 395 381 381 381 168 168 168 194 34 34 119 215 215 215 246 109 109 6 376 376 51 51 51 318 82 297 0 0 0 0
0 0 0 355 344 335 335 370 152 152 45 149 199 199 140 140 140 171 300 359 395 381 381 381 381 381 168 168 34 34 119 298 298 298 246 109 109 6 376 117 117 51 188 188 82 297 297 0 0 0
0 0 0 355 344 370 370 370 152 152 45 149 220 220 220 19 19 300 300 359 359 359 136 136 153 153 153 304 34 34 298 298 298 298 246 246 282 6 117 117 309 255 188 188 82 296 0 0 384 384
0 0 0 355 344 370 370 85 317 45 45 149 393 393 220 19 19 300 383 383 262 262 136 23 23 153 153 304 34 34 10 10 10 10 55 55 282 6 282 117 309 255 255 188 82 296 296 0 384 384
0 0 0 355 344 85 85 85 317 14 14 393 393 393 185 185 19 383 383 383 262 262 136 23 23 89 89 304 304 110 110 268 268 10 55 55 282 282 282 309 309 200 255 259 259 296 296 0 384 280
0 0 0 132 132 106 106 317 317 14 14 393 393 308 185 185 203 203 203 349 349 134 134 134 128 89 89 89 89 110 268 268 10 10 55 124 124 124 124 124 200 200 255 255 259 259 77 93 384 280
0 0 0 132 132 377 106 377 317 386 251 251 251 308 201 201 203 68 68 68 349 349 134 134 128 128 128 89 58 110 268 394 394 69 69 87 87 87 124 124 200 200 255 77 77 259 77 93 280 280
0 0 0 20 132 377 106 377 386 386 251 251 251 308 201 201 347 347 48 68 68 68 68 68 56 56 56 89 58 58 58 394 394 69 87 87 361 361 361 361 200 208 208 77 77 77 77 93 93 280
163 20 20 20 132 377 377 377 386 101 180 180 251 308 105 105 347 347 48 48 48 48 316 316 56 56 126 123 123 123 123 394 394 69 392 392 392 392 361 361 361 208 71 71 71 71 93 93 280 280
163 20 20 20 285 285 189 189 189 101 180 180 105 105 105 105 347 347 396 396 30 30 316 316 126 126 126 123 123 123 123 37 37 103 103 103 103 95 95 202 361 208 71 71 277 277 277 247 280 0
163 163 0 0 0 285 285 189 189 101 101 105 105 310 21 21 21 396 396 364 364 30 30 316 276 276 126 70 70 192 37 37 181 181 326 326 326 326 95 202 202 202 371 371 277 277 247 247 0 0
0 0 0 0 0 0 271 271 271 101 101 231 231 310 310 310 21 43 43 364 364 72 72 276 276 276 214 70 192 192 232 181 181 326 326 122 33 33 95 226 202 371 371 256 256 256 247 26 0 0
0 0 0 0 0 0 271 271 271 271 231 231 231 38 38 198 198 43 43 43 336 72 72 120 169 169 214 70 192 192 232 181 181 326 122 122 33 33 226 226 226 133 133 100 100 256 26 26 0 0
118 118 118 118 0 0 94 160 160 183 231 231 231 38 112 112 198 73 73 73 336 72 72 120 169 169 214 350 350 232 232 240 240 326 122 122 162 162 226 226 226 133 133 100 100 256 26 0 0 0
230 118 333 333 333 94 94 160 160 183 183 164 164 38 112 112 198 73 73 336 336 72 120 120 169 169 214 350 350 146 146 240 240 79 79 162 162 162 389 389 389 175 175 100 100 295 295 0 0 0
230 331 333 333 333 94 94 121 121 227 183 164 164 186 186 186 42 73 303 303 303 303 13 13 44 44 44 8 8 8 146 146 240 79 79 273 273 385 385 389 389 389 175 100 295 295 295 0 0 0
230 331 331 331 94 94 375 121 121 227 227 227 186 186 302 186 42 303 303 113 113 13 13 13 363 363 44 241 241 8 369 369 79 79 79 273 273 273 385 50 50 389 175 27 142 142 295 0 0 76
230 47 47 375 375 375 375 218 218 227 227 227 204 204 302 186 42 303 303 113 113 29 29 13 363 321 321 241 241 241 369 369 79 205 205 273 273 273 385 385 50 50 27 27 142 142 295 0 0 76
330 47 47 47 375 218 218 218 242 242 283 204 204 302 302 186 42 387 387 113 113 113 29 29 363 363 321 241 253 253 253 253 165 165 205 205 205 50 50 50 50 391 27 0 0 142 0 0 0 76
330 47 47 47 375 166 195 195 242 283 283 283 156 156 156 96 96 387 387 319 319 18 18 345 363 292 321 321 321 253 253 253 165 165 165 205 17 17 391 391 391 391 0 0 0 0 0 0 76 76
330 166 166 166 166 166 195 195 242 283 265 265 156 358 358 398 96 96 387 319 319 18 345 345 363 292 292 292 321 225 225 225 98 98 98 98 17 17 400 400 143 143 108 0 0 341 61 61 61 76
330 166 166 219 219 219 219 195 174 283 265 265 265 358 358 398 96 96 11 11 319 18 345 345 0 329 329 329 329 225 225 225 225 225 125 313 313 238 400 400 143 143 108 108 341 341 61 236 61 76
330 176 176 176 219 219 195 195 174 174 174 127 127 358 358 398 96 209 11 11 0 0 0 0 0 0 0 39 97 97 97 97 125 125 125 313 238 238 211 211 143 143 143 108 341 236 236 236 61 0
0 176 176 176 219 219 65 65 65 174 334 334 127 252 252 398 209 209 11 306 306 306 0 0 0 0 39 39 97 2 86 86 301 301 301 313 238 238 211 211 239 239 143 294 294 294 257 257 0 0
0 0 102 102 102 102 65 182 65 334 334 334 127 252 252 252 209 111 11 357 357 306 0 0 0 0 39 0 97 2 86 86 301 356 356 356 254 254 138 239 239 239 184 294 248 248 257 257 0 0
360 0 102 102 0 234 234 182 182 115 115 22 322 322 322 252 252 111 299 357 357 0 0 0 0 0 0 0 0 2 2 141 324 324 356 356 254 138 138 138 9 9 184 184 248 248 257 266 0 0
360 360 102 102 0 0 234 234 182 115 207 22 322 15 15 66 66 111 299 299 299 272 272 0 0 0 0 0 0 141 141 141 324 0 356 356 254 138 138 138 9 184 184 184 25 351 266 266 0 0
0 360 0 0 0 0 0 0 75 115 207 22 22 15 35 66 314 111 178 272 272 272 0 0 0 0 0 0 0 151 151 83 324 0 270 270 270 258 258 229 9 263 263 25 25 351 266 0 0 0
0 0 0 0 0 0 327 327 75 75 207 207 22 15 35 66 314 314 178 178 0 0 0 0 0 0 0 0 0 151 151 83 83 0 245 245 270 258 258 229 229 263 263 25 351 351 351 0 0 172
0 0 342 342 0 0 327 327 75 75 382 207 22 0 35 314 314 314 178 178 0 0 346 0 222 0 0 0 151 151 151 83 0 0 0 245 270 90 90 229 229 229 40 40 332 332 332 172 172 172
0 0 342 342 0 0 0 0 0 0 382 382 382 0 35 62 62 62 62 62 346 346 346 0 222 222 222 379 379 379 151 83 83 0 0 245 90 90 289 229 366 366 40 40 332 332 332 24 24 24
0 0 353 0 0 0 0 235 235 0 0 150 150 0 0 0 0 0 339 339 339 0 0 0 325 325 206 0 0 379 379 0 0 0 0 90 90 289 289 366 366 12 0 0 0 0 0 311 311 24
0 0 353 0 284 284 0 235 235 139 139 150 212 212 0 0 0 339 339 0 0 0 0 0 325 325 206 0 0 0 0 0 0 0 0 0 0 289 289 0 0 12 12 12 0 0 0 311 311 0
0 0 353 353 284 284 284 235 235 139 139 150 150 212 212 0 0 0 0 0 0 0 0 0 206 206 206 0 0 0 0 0 0 0 0 0 0 0 0 0 0 12 12 0 0 0 0 0 0 0
