50 400 20
51080 1922
53884 1721
83948 1775
91379 1251
59429 1321
82276 1974
93358 1494
99939 1694
94482 1282
76333 1830
90684 1475
82360 1619
64696 1915
52175 1641
86145 1001
87995 1814
99965 1226
52276 1787
93319 1202
64660 1628
66392 1666
98542 1670
50637 1228
90466 1750
60398 1218
57836 1485
82248 1222
73135 1649
96333 1069
80011 1652
67520 1667
97102 1995
64390 1557
70619 1653
74193 1106
81101 1959
92836 1448
51681 1703
89046 1167
76075 1125
98553 1798
89312 1759
55609 1608
70451 1955
76141 1526
66526 1302
94356 1448
70682 1587
64429 1015
59779 1804
97328 1062
87656 1111
84092 1276
62097 1238
93464 1268
97688 1101
93487 1304
70275 1785
73347 1627
95850 1418
74352 1393
96805 1953
82840 1293
89159 1228
86489 1422
97939 1553
72845 1615
76775 1678
68936 1023
65841 1462
64517 1568
94026 1282
84483 1516
66782 1743
71246 1288
65101 1040
55918 1012
66564 1128
95350 1221
72657 1406
65827 1723
98824 1616
91513 1825
53847 1840
62971 1650
81880 1440
89750 1991
99304 1095
82164 1372
68405 1997
73839 1561
93998 1225
55088 1987
56703 1895
99720 1629
96441 1649
86080 1764
61471 1129
78364 1451
85256 1762
90165 1368
71914 1597
51695 1277
65865 1426
97723 1507
61001 1627
53256 1130
52372 1179
93750 1616
74643 1794
51072 1435
65083 1683
74355 1747
60472 1530
84085 1846
74796 1790
87137 1891
84489 1414
72054 1426
74879 1622
53697 1646
99361 1821
63224 1327
78155 1305
73025 1927
69235 1202
71323 1336
51343 1264
77268 1288
90549 1823
69962 1270
87017 1106
85191 1873
71662 1731
67692 1058
57801 1920
81607 1728
62188 1671
72699 1401
74502 1096
58896 1938
89344 1748
60325 1265
71368 1431
64752 1946
52194 1633
51491 1583
80330 1930
86779 1859
79904 1898
73159 1364
68509 1959
61759 1672
97970 1539
79743 1896
95532 1100
54293 1481
85632 1478
81107 1994
65797 1963
51404 1014
72599 1440
64930 1211
77930 1855
62124 1228
89866 1114
84658 1538
52222 1656
89542 1821
54790 1120
65262 1674
75925 1399
92706 1143
59312 1088
68189 1203
50574 1945
61321 1064
56169 1419
99694 1873
53961 1102
60817 1987
83901 1712
52374 1888
66198 1028
67394 1067
92089 1390
92794 1897
83204 1848
96439 1532
81842 1808
89247 1181
72270 1987
55206 1392
61304 1626
76847 1713
73421 1861
90857 1026
88963 1259
67848 1966
60832 1444
92430 1906
51886 1783
94834 1397
56700 1420
51987 1907
93068 1066
66596 1365
67630 1449
67289 1595
90295 1925
82544 1655
86159 1479
94944 1632
51929 1533
78845 1683
83834 1494
87174 1329
59100 1651
88869 1190
76222 1571
96595 1583
83793 1251
91360 1140
70857 1949
83309 1501
78292 1294
76273 1169
93922 1472
86937 1008
52740 1042
74612 1969
85695 1576
94145 1489
87584 1262
83766 1037
84723 1345
69584 1814
64741 1071
93051 1165
75512 1850
55616 1524
62814 1690
81109 1312
60274 1308
50700 1206
62570 1622
79462 1298
86949 1573
53418 1177
50277 1975
65555 1853
64089 1498
72808 1809
86631 1613
74378 1377
75509 1771
70517 1206
93708 1458
54968 1816
88759 1906
92619 1876
89492 1498
51363 1926
70118 1865
72670 1057
73828 1022
57688 1376
77182 1770
85417 1073
54347 1387
50913 1370
72326 1589
95069 1283
95782 1947
78222 1949
78067 1269
54848 1282
62357 1185
58328 1392
67960 1884
81117 1882
91027 1896
69141 1103
61742 1657
61354 1369
72495 1295
97737 1738
72344 1080
67682 1155
78846 1459
68411 1146
62282 1258
85802 1646
98214 1607
78847 1882
56217 1053
78029 1133
73762 1488
84035 1157
70985 1803
78155 1640
60462 1059
86769 1415
99439 1223
62312 1993
93806 1430
66729 1359
54808 1466
70696 1448
55708 1273
51345 1614
85235 1077
97538 1563
65909 1012
66551 1752
69075 1921
59350 1249
60889 1498
87086 1624
91317 1978
59366 1506
58967 1147
78994 1456
82392 1428
54240 1795
56335 1595
66827 1552
55308 1168
79016 1662
93887 1877
96897 1920
74603 1068
61353 1582
82415 1463
94500 1144
76058 1561
68634 1491
56492 1575
98934 1975
61645 1549
55639 1173
87404 1160
98774 1710
50323 1160
94696 1367
83034 1829
92309 1437
75419 1463
77038 1236
58256 1939
63186 1101
92225 1235
52803 1352
85599 1760
99352 1100
77112 1839
53429 1314
85235 1165
95608 1646
61203 1740
93597 1434
69955 1012
85465 1591
50796 1696
63044 1824
78989 1849
87043 1817
68324 1871
78151 1605
87339 1911
79155 1461
65447 1631
57089 1087
61135 1959
82373 1433
96299 1403
58515 1867
58649 1032
94030 1774
85952 1953
82983 1808
55001 1913
82599 1859
61562 1095
61180 1896
96038 1441
57754 1525
78288 1513
53179 1385
69193 1742
70254 1987
91926 1996
76150 1697
57584 1747
74813 1939
63087 1192
92004 1582
68405 1838
52225 1957
69132 1955
0 0 0 0 0 353 353 0 0 0 0 0 0 0 400 400 400 400 0 0 0 136 136 136 75 75 75 0 0 0 167 167 167 0 0 0 0 0 0 0 0 37 37 37 37 189 189 189 189 189
0 0 0 0 300 353 353 353 3 3 3 3 0 0 400 400 400 400 0 0 0 136 136 75 75 0 0 0 0 0 0 167 167 0 0 0 0 0 0 0 0 166 37 37 37 0 0 0 0 0
0 0 39 39 300 300 300 353 213 213 108 108 0 0 0 17 17 17 17 0 0 136 136 338 338 0 0 0 165 0 0 252 194 194 348 348 0 0 0 0 0 166 166 366 0 0 0 345 0 0
0 0 39 39 300 175 239 239 213 213 108 108 46 46 0 385 0 17 0 0 0 0 0 338 338 199 199 199 165 165 165 252 194 194 348 348 0 0 0 0 166 166 166 366 366 366 0 345 105 0
0 0 0 175 175 175 239 239 303 303 108 108 46 46 0 385 0 0 0 0 28 28 0 0 0 0 199 199 0 0 0 252 252 252 360 348 66 66 0 0 164 164 293 134 134 134 345 345 105 105
0 0 0 0 239 239 239 196 303 303 368 368 368 368 385 385 264 264 264 264 56 28 0 0 0 0 0 0 0 0 0 0 360 360 360 66 66 66 0 0 164 164 293 134 138 138 138 138 105 105
0 292 292 292 239 196 196 196 303 303 229 229 229 44 44 332 264 264 264 264 56 28 0 0 192 192 0 0 0 0 306 306 306 66 66 66 64 64 0 0 164 164 293 134 15 138 138 138 105 105
0 292 96 96 394 394 394 144 144 303 229 229 44 44 44 332 332 332 301 301 56 304 219 219 219 192 155 212 212 0 306 73 73 333 249 249 64 64 0 0 268 164 293 134 15 147 147 0 0 0
96 96 96 96 394 394 394 144 263 263 229 229 44 44 44 120 120 332 301 301 56 304 304 362 219 192 155 212 212 20 20 73 73 333 249 206 208 208 268 268 268 268 223 134 15 147 147 0 0 228
0 0 82 82 388 388 144 144 263 263 263 390 390 296 120 120 81 81 81 81 81 81 304 362 219 219 155 155 16 20 20 73 73 333 249 206 206 208 308 308 223 223 223 27 15 84 84 228 228 228
0 0 82 82 388 388 388 6 6 6 263 390 390 296 296 296 81 336 336 336 336 312 312 362 362 362 43 155 16 365 365 365 333 333 249 249 206 208 308 308 223 223 223 27 84 84 84 0 0 0
0 0 82 82 82 59 59 321 321 6 263 125 125 296 296 296 258 5 5 67 67 312 312 43 43 43 43 43 16 365 7 7 316 316 249 249 206 130 130 130 145 145 27 27 0 0 0 0 0 0
0 0 0 0 59 59 59 321 321 321 356 125 125 349 258 258 258 5 5 67 67 184 184 225 161 161 119 119 16 16 7 7 316 316 316 127 130 130 145 145 145 27 27 27 0 0 0 0 0 0
0 0 0 0 59 59 59 321 65 321 356 125 349 349 179 179 179 179 179 190 190 190 184 225 161 161 119 119 16 305 305 384 384 316 316 127 130 63 63 245 245 0 0 0 0 311 311 311 0 0
0 0 0 0 267 267 65 65 65 356 356 349 349 349 179 179 179 285 173 190 190 190 184 225 225 119 119 119 119 305 305 384 384 127 127 127 218 63 63 245 245 0 0 0 311 311 397 146 146 146
211 211 211 211 267 267 79 121 121 356 356 97 97 396 396 396 195 285 173 173 173 271 271 271 271 271 271 305 305 305 384 384 278 393 393 393 218 218 218 318 318 240 240 0 0 0 397 397 146 146
76 76 242 242 242 242 79 121 234 356 356 97 97 396 389 389 195 285 285 302 169 169 34 34 34 271 271 371 371 255 384 384 278 393 393 393 393 383 383 318 318 240 240 187 187 259 259 397 146 146
76 76 242 49 79 79 79 121 234 234 234 234 396 396 389 389 195 113 113 302 169 169 335 34 34 205 205 371 371 255 255 255 278 278 378 58 58 383 383 324 324 240 240 187 187 187 259 397 0 0
76 76 242 49 79 79 376 72 72 94 226 226 226 226 226 287 195 113 113 302 248 248 335 36 36 205 398 398 398 25 25 255 378 378 378 58 58 2 2 324 324 240 168 168 168 42 259 397 397 0
76 49 49 49 307 307 376 72 72 94 94 94 1 226 226 287 287 287 287 302 302 248 335 36 36 205 398 19 19 25 25 241 18 18 18 153 58 2 2 2 168 168 168 168 168 42 361 361 397 0
309 49 32 307 307 307 376 376 376 94 94 94 1 1 1 287 102 143 143 178 178 248 335 36 36 36 36 19 19 241 241 241 18 18 18 153 186 186 337 337 337 69 373 373 373 42 361 298 298 298
309 49 32 307 307 307 191 317 317 317 317 1 1 1 1 102 102 143 143 178 178 178 74 74 141 141 141 183 183 183 133 133 319 18 153 153 186 186 337 337 283 69 373 373 373 42 361 298 188 188
309 309 32 32 32 89 191 191 261 261 273 214 214 23 23 102 399 399 399 178 327 327 74 93 93 141 141 183 183 183 183 133 319 319 319 310 186 186 337 337 283 69 69 355 355 123 361 298 188 188
309 309 32 89 89 89 191 191 261 273 273 214 23 23 54 102 399 399 399 86 327 327 74 93 93 141 141 77 77 379 379 133 319 310 310 310 392 392 392 276 283 283 355 355 123 123 361 224 224 224
309 0 0 281 281 103 103 103 261 273 214 214 214 288 54 54 399 237 86 86 86 86 95 95 95 347 347 77 77 379 379 133 133 262 262 262 262 392 392 276 276 276 276 276 123 123 361 224 224 0
235 0 0 227 281 281 103 103 273 273 354 90 90 288 54 54 237 237 363 363 363 86 95 320 322 347 347 347 77 77 379 118 133 323 323 323 262 207 207 117 117 117 299 299 299 31 31 224 0 0
235 0 0 227 227 358 358 103 354 354 354 90 288 288 54 54 237 346 363 363 363 92 92 320 322 177 177 286 286 286 286 118 200 323 323 323 260 207 207 117 117 55 299 299 232 31 284 284 0 0
235 0 0 227 227 227 358 358 358 352 352 90 197 57 57 57 346 346 346 363 363 92 92 320 322 177 177 99 99 99 118 118 200 200 200 372 260 260 260 260 55 55 232 232 232 31 284 284 284 0
235 0 0 227 0 0 22 22 22 352 352 246 197 57 57 57 346 53 157 157 157 342 342 320 322 160 160 99 289 289 289 122 122 372 372 372 202 202 202 202 151 55 55 55 55 31 284 284 284 0
0 0 0 0 0 22 22 22 85 85 246 246 197 197 52 57 346 53 53 157 157 342 342 320 160 160 160 289 289 142 142 142 122 372 372 372 202 202 202 202 151 151 124 124 62 62 152 0 0 0
0 0 0 61 61 22 85 85 85 386 246 33 52 52 52 57 80 80 80 157 238 148 148 380 380 380 160 279 279 137 137 142 122 122 122 372 48 48 216 151 151 151 124 124 62 62 152 152 0 0
0 0 0 61 61 185 185 386 386 386 33 33 52 290 370 370 80 238 238 238 238 148 148 380 8 8 274 279 279 137 137 142 142 122 180 70 48 45 216 216 112 112 124 124 256 256 152 152 0 0
0 0 0 61 61 185 185 359 359 277 33 41 41 290 370 80 80 114 114 381 326 326 326 326 8 8 274 279 279 279 364 364 106 180 180 70 48 45 216 216 112 112 124 124 256 256 256 0 0 0
0 176 0 176 369 369 359 359 277 277 41 41 290 290 370 29 29 114 114 381 381 381 381 381 274 274 274 236 236 236 364 106 106 180 107 70 70 45 45 45 45 222 222 222 256 256 343 0 0 0
0 176 176 176 369 369 359 359 277 315 41 115 282 150 150 29 29 11 11 11 11 350 381 381 274 274 236 236 364 364 364 106 247 247 107 107 70 334 334 45 45 181 222 222 343 343 343 0 0 0
0 0 231 231 154 154 154 154 154 315 115 115 282 150 150 29 270 297 297 295 295 350 204 204 204 274 40 40 382 382 328 328 247 247 247 107 334 334 230 230 181 181 222 222 91 91 257 257 257 0
0 0 231 231 341 341 87 87 315 315 115 282 282 270 270 270 270 297 297 375 295 350 204 215 215 215 40 344 382 382 328 328 140 140 107 107 107 126 230 230 181 181 14 91 91 91 132 132 257 0
159 0 0 21 341 341 87 87 87 209 209 209 282 270 270 182 182 297 297 375 295 350 215 215 215 215 40 344 344 344 110 110 140 140 60 60 60 126 78 230 14 14 14 14 14 14 132 132 233 233
159 0 0 21 21 21 9 87 209 209 329 329 116 116 116 182 182 357 357 375 220 221 221 13 13 13 344 344 344 377 377 110 140 60 60 60 126 126 78 78 128 128 24 0 0 0 132 0 233 233
159 21 21 21 71 71 9 109 109 209 139 329 329 329 116 116 357 357 158 375 220 220 221 163 13 51 51 51 344 377 377 110 140 140 131 131 131 38 38 78 128 128 24 0 0 0 0 0 0 0
159 83 83 83 71 71 9 9 109 139 139 313 329 329 88 88 88 158 158 220 220 391 221 163 13 13 129 51 387 387 387 110 110 140 131 162 269 38 38 30 30 128 24 26 26 0 0 0 0 0
159 0 83 83 265 0 0 9 109 139 139 313 331 331 88 68 68 158 243 243 243 391 391 163 163 163 129 387 387 387 387 111 111 339 339 162 269 269 330 30 30 330 24 26 26 0 174 174 0 0
159 0 0 265 265 0 0 0 0 0 313 313 331 88 88 68 68 68 243 243 172 391 374 374 129 163 129 129 0 0 251 251 111 339 339 162 269 269 330 330 330 330 24 280 26 280 174 174 351 0
0 0 100 100 265 0 0 0 0 0 12 331 331 88 198 203 203 203 172 172 172 391 374 374 129 129 129 0 0 0 251 251 111 162 162 162 201 201 217 217 330 0 275 280 280 280 280 351 351 0
0 0 100 50 265 0 244 244 244 244 12 104 104 198 198 203 203 203 135 135 172 172 254 254 325 325 0 0 0 0 340 340 193 4 162 201 201 217 217 0 0 0 275 395 395 250 250 351 98 0
0 0 100 50 50 0 0 244 244 12 12 104 104 198 156 367 367 367 135 135 172 172 254 254 325 325 0 0 340 340 340 193 193 4 0 0 0 272 272 0 0 0 275 395 395 250 10 10 98 98
0 0 0 0 50 0 0 291 291 0 0 104 156 156 156 171 367 367 35 35 35 35 254 0 0 0 0 0 0 340 340 193 4 4 0 0 0 272 272 272 0 0 275 395 395 250 10 10 10 98
0 0 0 0 0 0 0 291 291 0 0 0 0 0 101 171 171 171 35 35 35 35 254 0 0 0 0 0 0 149 314 314 210 210 0 0 0 0 272 0 0 0 395 395 47 170 10 10 10 266
0 0 0 0 0 0 0 0 0 0 0 0 0 0 101 0 0 0 0 0 0 0 0 0 0 0 0 149 149 149 314 314 210 210 0 0 0 0 294 294 0 0 0 47 47 170 253 253 266 266
0 0 0 0 0 0 0 0 0 0 0 0 0 0 101 101 0 0 0 0 0 0 0 0 0 0 0 0 0 0 0 0 0 0 0 0 0 0 0 294 294 0 0 47 170 170 253 253 266 266
