50 400 20
74063 1592
85826 1734
52059 1057
59293 1000
95596 1842
86613 1081
53110 1621
59135 1397
85552 1548
69576 1860
82541 1400
55915 1399
98890 1537
71880 1513
67935 1431
92749 1446
88549 1607
62660 1323
60380 1313
92447 1323
92674 1409
89084 1830
52355 1094
61027 1758
56645 1289
54016 1238
87895 1422
70756 1444
51234 1687
72918 1904
70278 1810
56223 1348
81258 1659
88770 1149
99004 1613
72748 1692
76977 1013
76868 1254
78300 1068
76820 1235
64973 1554
96421 1766
80198 1188
71741 1298
52445 1894
89134 1324
50688 1297
62725 1501
59831 1449
80198 1777
53323 1111
91746 1661
60343 1840
88684 1623
86545 1317
72443 1223
58228 1302
50494 1662
97928 1170
66821 1077
74028 1755
82559 1129
56765 1777
72115 1868
51170 1967
75005 1124
89715 1075
72802 1536
85377 1918
67367 1857
52975 1359
93262 1342
77461 1913
94268 1669
52068 1433
81784 1870
96258 1304
97887 1869
66084 1505
72152 1654
85591 1105
90396 1012
73296 1976
95061 1814
91715 1873
97954 1983
93855 1950
59475 1145
59508 1881
78011 1846
61304 1642
64887 1894
76569 1925
52636 1945
88569 1202
81945 1683
67188 1837
72174 1372
83594 1974
54923 1308
91143 1552
95951 1101
63385 1454
79920 1931
80367 1920
85354 1015
53590 1012
66837 1066
89285 1936
71696 1665
86795 1236
79194 1790
71171 1618
75032 1514
52255 1232
76089 1455
50813 1721
64747 1477
59887 1882
60243 1010
92462 1406
71512 1491
55781 1896
59113 1536
75543 1117
92807 1410
80931 1032
90218 1065
83891 1846
59882 1258
54359 1821
78344 1636
74772 1019
85774 1046
59545 1934
74411 1443
96076 1472
60475 1010
64832 1512
82168 1337
55171 1634
74831 1317
50283 1094
67309 1123
71587 1044
78159 1220
69315 1881
52609 1159
57072 1917
64258 1033
56894 1296
84573 1035
69073 1229
74735 1821
59713 1628
61620 1734
56700 1463
72052 1107
53367 1725
78749 1299
57144 1813
72848 1077
52656 1257
71606 1351
54039 1260
85251 1694
74600 1316
83378 1327
79354 1801
60794 1954
59273 1289
82222 1429
98101 1810
69226 1306
66946 1392
64089 1759
54658 1809
65586 1306
81574 1007
69286 1483
74458 1171
99044 1014
75468 1045
96139 1352
52997 1485
86162 1584
70184 1562
91187 1423
72394 1080
82153 1735
63756 1011
83001 1419
93199 1295
81338 1332
89986 1427
98290 1865
86541 1734
89490 1996
68957 1988
98281 1361
73632 1765
59257 1303
68257 1645
70317 1397
84902 1348
77240 1813
64807 1344
58349 1888
60367 1051
80720 1518
66270 1320
67647 1620
98280 1792
55383 1784
67676 1949
98889 1463
51570 1117
79641 1380
73221 1989
98747 1897
54881 1571
91844 1167
51228 1465
91066 1322
50112 1697
51925 1409
77729 1806
99425 1063
94478 1715
73134 1208
58068 1505
63363 1840
78444 1781
70491 1621
64154 1732
90707 1693
69738 1434
75799 1608
69659 1267
68170 1891
90783 1346
67788 1276
80163 1675
98160 1096
57143 1600
61675 1425
75558 1781
81547 1526
58612 1837
51176 1211
74700 1254
55332 1789
88060 1417
77733 1890
83353 1328
55969 1916
90049 1302
88002 1770
52136 1801
88481 1628
99549 1161
80703 1464
87945 1697
63529 1582
59629 1899
97760 1952
76255 1373
86698 1516
81432 1637
92314 1588
52681 1662
74304 1975
91261 1891
73957 1899
51182 1691
98878 1261
84849 1834
84838 1069
51310 1566
92776 1038
68067 1549
53149 1804
87985 1507
78743 1716
71793 1454
87587 1104
80026 1483
85972 1103
89526 1936
60911 1270
62648 1554
67866 1499
52186 1862
99418 1015
62966 1526
82599 1580
81337 1881
66196 1303
75587 1444
94543 1663
65702 1303
78824 1064
89762 1350
98231 1154
53611 1660
54321 1006
72897 1377
95961 1954
78167 1003
52474 1841
77427 1572
94878 1512
78487 1203
55828 1195
74861 1814
89265 1323
65646 1014
64398 1767
73266 1233
54916 1340
58976 1258
85177 1464
54336 1867
90330 1639
66417 1848
69935 1032
88448 1979
66795 1187
98955 1636
74404 1149
98710 1208
86785 1046
50614 1360
56998 1964
75232 1748
79656 1534
89532 1173
56852 1228
76789 1756
87109 1749
57119 1490
74126 1915
92391 1337
79311 1534
56490 1778
59962 1738
81393 1483
60025 1520
65868 1586
86311 1861
54879 1842
63340 1682
64330 1056
89008 1294
53707 1612
95946 1703
66539 1172
62095 1235
85277 1875
63957 1349
91258 1960
64704 1799
92306 1939
81121 1433
69254 1830
79365 1241
86333 1531
93451 1236
78657 1481
74135 1335
64008 1458
79425 1961
90118 1346
59255 1542
71353 1381
80855 1061
66922 1990
79412 1146
87054 1379
85472 1617
75247 1496
99863 1440
72823 1593
57952 1169
64337 1673
73409 1458
94589 1370
96151 1780
65786 1117
63660 1336
62521 1097
59576 1106
70738 1491
69204 1145
85634 1589
58774 1339
64507 1323
97165 1500
69238 1462
75982 1229
0 0 0 0 0 0 278 33 33 298 298 298 225 0 0 0 0 0 0 0 0 0 232 367 367 367 0 0 0 0 0 0 0 0 0 0 0 0 191 191 191 191 0 0 0 0 19 0 0 0
347 347 0 373 373 0 278 33 33 298 225 225 225 0 0 0 0 0 0 92 92 0 232 367 70 70 269 269 0 0 0 0 0 0 52 52 0 0 0 191 191 0 0 102 350 0 19 0 0 0
347 347 373 373 373 373 278 301 301 301 301 225 225 0 0 0 0 0 0 0 92 0 232 232 70 70 226 269 269 362 362 362 0 0 0 52 52 386 138 138 191 0 0 102 350 350 19 0 9 0
347 347 0 0 0 0 278 301 4 4 225 225 0 0 0 0 0 81 81 0 92 232 232 232 70 380 226 226 269 362 236 236 0 0 0 22 22 386 138 138 191 0 0 102 154 350 19 0 9 9
0 0 0 250 250 0 278 301 4 4 375 0 0 0 0 0 0 81 81 0 0 0 257 257 167 380 380 226 140 140 236 236 189 22 22 22 22 386 386 0 0 0 0 102 154 154 154 117 117 9
0 0 0 250 250 0 0 0 0 0 375 0 0 0 0 0 69 69 69 69 0 363 363 257 167 167 380 380 140 364 364 364 189 22 22 308 244 244 386 91 91 0 204 204 195 195 154 117 117 117
0 0 0 250 212 0 0 0 0 0 375 375 375 0 0 0 73 73 73 73 0 363 363 257 167 167 167 140 140 140 293 364 189 314 308 308 244 244 386 260 91 204 204 204 159 195 195 0 117 117
0 0 130 130 212 0 0 0 0 0 125 150 150 0 0 50 73 73 73 122 122 363 173 173 186 186 186 369 369 140 293 189 189 314 308 308 342 239 260 260 91 68 68 68 159 109 0 0 0 0
0 0 130 212 212 0 0 0 0 0 125 150 272 272 272 50 74 180 180 122 122 38 173 173 186 246 246 369 369 293 293 189 189 314 314 308 342 239 260 239 239 68 378 159 159 109 379 0 0 0
128 128 130 359 359 359 359 359 107 107 125 150 272 272 272 50 74 180 180 38 38 38 173 173 246 246 246 369 369 293 293 314 314 314 314 342 342 239 239 239 378 378 378 159 109 109 379 379 379 0
128 128 279 279 279 240 240 107 107 107 125 125 272 272 168 50 74 180 180 357 38 38 173 67 67 394 394 369 369 268 136 136 136 136 84 84 84 84 241 299 378 378 159 159 20 90 90 90 379 379
333 333 279 279 279 240 240 107 107 107 43 125 168 168 168 74 74 357 357 357 38 352 173 67 67 394 60 60 268 268 11 11 11 11 84 84 275 275 241 299 251 378 251 20 20 90 90 182 379 379
333 333 333 279 279 312 312 123 43 43 43 35 21 21 21 74 74 229 229 110 110 352 352 352 352 394 60 60 268 268 57 57 11 11 11 391 275 275 241 299 251 251 251 20 20 397 397 182 182 366
63 63 98 98 312 312 312 123 123 35 35 35 21 21 21 21 74 229 229 110 110 110 290 290 290 290 288 288 268 57 57 289 289 289 289 391 266 266 241 299 299 299 187 187 187 397 397 366 182 366
63 63 98 98 329 312 312 123 123 194 194 194 194 21 304 304 304 229 229 372 372 7 290 290 371 371 288 288 288 57 115 289 289 310 344 391 391 266 169 169 59 286 187 187 187 187 187 366 366 366
63 85 85 329 329 62 62 62 62 62 62 399 351 351 304 3 3 340 372 372 372 7 7 7 371 371 288 288 288 32 115 289 289 310 344 344 320 266 169 59 59 286 286 0 0 0 267 267 267 267
63 85 85 329 329 237 237 237 237 237 399 399 351 351 3 3 3 340 340 340 255 54 54 54 174 174 174 32 32 32 115 115 5 310 344 344 320 169 169 59 80 80 286 286 0 0 0 0 0 0
63 85 0 0 36 36 36 36 2 2 399 161 161 161 41 41 41 41 340 340 255 255 255 54 174 259 259 148 148 248 248 5 5 310 302 302 320 59 59 59 59 80 80 0 0 0 0 0 0 0
0 0 0 0 149 0 0 2 2 86 86 161 161 382 382 41 41 88 338 158 158 158 158 54 174 259 148 148 148 248 248 5 5 346 346 302 320 66 66 66 66 353 353 0 318 0 0 0 0 55
0 0 149 149 149 0 0 254 254 86 86 86 161 382 382 88 88 88 338 158 158 297 158 54 174 259 274 274 148 124 124 94 94 346 346 302 101 353 353 353 353 353 147 0 318 0 55 55 55 55
0 0 0 0 0 0 0 254 254 325 343 343 192 192 192 88 175 175 338 338 297 297 319 54 27 274 274 213 213 124 124 94 94 374 374 374 101 101 101 101 101 101 147 147 318 318 18 55 55 51
0 64 64 64 64 72 72 183 183 325 343 343 106 106 192 192 175 175 338 338 297 217 319 319 27 27 27 213 213 160 160 374 374 374 6 6 119 17 17 101 143 147 147 147 18 18 18 51 51 51
0 0 0 0 0 72 72 183 183 325 325 325 106 103 103 103 1 1 13 13 217 217 319 319 27 179 179 252 160 160 160 315 276 276 276 6 119 119 17 17 143 147 147 42 18 18 18 51 51 51
0 0 0 303 303 303 303 183 183 325 325 325 106 106 162 103 1 1 13 13 217 217 319 319 27 179 179 252 252 252 315 315 276 276 276 6 119 119 93 93 143 143 96 42 42 222 222 222 222 185
0 0 0 303 211 211 211 183 183 365 365 365 162 162 162 12 12 12 13 387 387 137 137 137 27 179 252 252 252 252 315 315 276 276 270 10 10 10 93 93 166 96 96 42 42 222 222 222 185 185
0 0 0 153 211 211 211 164 164 37 365 365 356 356 220 220 12 12 285 387 387 137 137 137 27 179 190 28 28 28 28 315 270 270 270 10 10 10 10 166 166 96 34 133 133 133 133 222 185 185
0 134 134 153 153 153 164 164 207 37 37 37 23 356 220 220 12 322 285 146 146 261 261 137 137 190 190 28 28 28 396 396 270 114 114 273 273 273 284 156 166 166 34 133 0 0 0 0 0 0
0 0 134 281 281 281 281 207 207 37 37 37 23 356 256 256 256 322 285 146 146 261 16 16 16 190 190 28 388 388 396 396 65 114 114 273 273 100 284 156 156 166 34 34 0 0 0 0 0 0
216 216 134 44 44 82 82 207 61 389 389 389 23 356 311 256 322 322 285 285 261 261 16 205 205 205 205 388 388 388 71 71 65 65 65 65 65 100 284 358 156 328 328 34 0 0 0 0 0 0
216 216 134 44 44 82 82 61 61 389 201 201 23 356 311 256 256 14 14 285 261 261 16 16 205 205 205 388 53 53 53 71 71 71 345 345 100 100 284 358 0 328 328 0 0 223 385 385 0 0
0 0 0 0 0 0 82 61 395 201 201 282 113 356 311 311 14 14 14 26 26 26 26 16 205 332 332 264 53 249 249 249 71 71 345 345 300 300 300 358 0 0 0 0 223 223 385 385 142 142
170 112 112 112 82 82 82 61 395 282 282 282 113 95 95 95 210 210 210 258 349 349 349 349 332 332 332 264 264 355 249 249 24 24 24 24 300 300 300 358 132 0 0 393 223 223 223 385 142 142
170 112 112 112 8 8 224 395 395 370 370 113 113 95 230 47 47 47 210 258 349 349 349 349 181 196 196 264 264 355 355 384 384 384 245 245 271 271 300 358 132 132 393 393 193 193 193 177 238 238
170 197 112 199 8 316 224 395 395 370 339 113 113 113 230 230 47 47 198 258 258 258 181 181 181 196 291 291 291 291 355 0 0 384 245 245 271 271 300 171 171 132 393 326 79 79 193 177 238 238
170 197 112 199 8 316 224 31 31 370 339 339 336 230 230 230 198 198 198 361 258 258 181 181 219 196 291 291 228 228 0 0 172 172 172 245 262 262 171 171 171 171 326 326 79 79 177 177 238 238
197 197 199 199 316 316 224 31 131 131 339 339 336 336 230 230 198 361 361 361 120 120 152 152 219 219 219 228 228 0 0 0 233 331 172 324 324 262 262 262 87 87 326 75 75 79 0 238 238 0
0 56 199 56 56 316 224 31 131 131 339 321 336 336 296 296 296 306 306 348 120 120 152 152 0 0 0 0 0 0 0 0 233 331 331 331 324 262 262 262 87 87 87 75 75 75 0 0 0 0
0 56 56 56 56 316 224 224 131 339 339 321 400 247 247 296 296 306 306 348 348 360 360 178 178 178 0 0 317 317 0 233 233 331 331 184 324 129 129 202 202 218 218 75 75 105 0 0 0 0
0 163 163 163 163 227 227 144 131 131 321 321 400 247 247 296 15 242 242 242 348 376 360 178 178 178 0 317 317 188 188 188 233 233 331 184 184 129 129 202 202 218 218 176 176 105 0 0 0 0
0 0 0 0 227 227 144 144 144 144 321 321 400 330 330 330 15 242 242 376 376 376 360 334 334 0 0 317 317 203 188 104 104 104 104 184 377 377 118 118 118 292 176 176 176 105 105 0 0 0
99 99 99 0 227 227 144 144 144 116 321 400 400 330 330 141 15 242 155 155 127 127 360 334 334 0 203 203 203 203 188 277 46 46 46 184 377 377 118 292 292 292 176 309 309 392 392 392 0 0
99 99 58 0 0 121 30 30 30 116 400 400 0 139 139 141 15 335 155 155 155 127 127 127 127 0 0 0 0 277 277 277 46 46 295 295 78 78 398 398 292 292 135 135 309 283 392 392 0 0
48 48 58 58 58 121 76 76 30 116 0 0 0 139 139 141 15 335 335 354 313 0 0 145 127 0 0 40 40 40 25 25 323 323 323 295 78 78 398 398 292 292 135 135 309 283 45 0 0 0
48 48 48 58 58 121 76 76 30 116 0 0 0 0 0 141 15 335 335 354 313 0 0 145 127 0 0 40 40 40 25 25 231 231 323 295 78 390 390 209 209 294 49 49 283 283 45 305 0 0
0 0 108 108 108 121 76 76 165 165 0 0 0 206 206 206 15 29 29 354 313 0 0 145 145 0 0 157 40 111 25 25 231 231 231 381 78 390 390 209 209 294 49 49 49 49 45 305 305 89
0 0 108 108 77 77 76 165 165 253 265 0 0 0 0 206 15 29 354 354 313 0 0 0 0 0 0 157 157 111 111 235 235 327 327 381 381 390 390 390 390 294 294 0 0 0 45 305 305 89
0 0 108 383 77 77 165 165 253 253 265 265 0 0 0 206 287 29 151 151 151 0 0 0 0 0 0 97 157 157 111 235 235 327 327 307 381 337 337 337 208 208 208 280 280 0 45 305 0 89
243 0 0 383 83 83 221 221 253 265 265 265 0 0 287 287 287 214 263 151 151 151 0 0 0 0 97 97 97 97 111 111 39 39 307 307 307 337 234 234 208 208 0 280 280 0 0 305 0 89
243 243 383 383 383 83 83 221 221 0 0 0 0 0 287 214 214 214 263 263 263 126 126 0 0 0 0 0 0 0 215 111 39 39 307 307 307 234 234 234 368 0 0 0 0 0 0 0 0 89
243 243 383 383 200 200 200 200 200 0 0 0 0 0 0 214 0 0 0 0 0 126 126 0 0 0 0 0 0 0 215 215 215 215 341 341 341 341 368 368 368 0 0 0 0 0 0 0 0 89
