50 400 20
98438 1228
73672 1797
80802 1693
94269 1156
76287 1203
88299 1254
65472 1867
74002 1301
63483 1524
62519 1239
72929 1287
68074 1028
51418 1021
55423 1751
98619 1670
85887 1147
68628 1074
85009 1102
66725 1677
78982 1254
76441 1802
59204 1207
58320 1879
54834 1387
96641 1044
54688 1851
94069 1022
74295 1679
67106 1788
66438 1172
54127 1610
79564 1258
85882 1349
56937 1193
79820 1997
70638 1939
99746 1042
60406 1180
68009 1329
52770 1018
50803 1580
63301 1057
86339 1645
68052 1338
55391 1261
62674 1582
59590 1433
93566 1547
69676 1589
91953 1145
61468 1556
71228 1068
67087 1379
78679 1381
70285 1903
90193 1803
85833 1573
53250 1536
53722 1170
91429 1489
51058 1258
69511 1427
93210 1943
57753 1023
86714 1858
78175 1326
76379 1075
50019 1076
78862 1039
78112 1125
67764 1153
71904 1869
67936 1458
83540 1888
58219 1111
93641 1668
51405 1375
59094 1449
57018 1648
91023 1004
95527 1697
55208 1102
65628 1884
61271 1686
85774 1415
60101 1638
98082 1649
95559 1704
55909 1169
79077 1797
92967 1687
52209 1686
55939 1590
55526 1661
74083 1987
59204 1970
78178 1197
74487 1834
77181 1246
74882 1122
93661 1841
84576 1764
63651 1531
92741 1212
87801 1060
50867 1398
75418 1953
98736 1470
50437 1374
82139 1242
69915 1246
54440 1899
60642 1902
56502 1407
92364 1954
98028 1381
53790 1724
76225 1254
56077 1432
71610 1688
58540 1620
55556 1569
58558 1598
92567 1363
50595 1430
90963 1518
58576 1686
96656 1039
64789 1813
79978 1645
81409 1033
52030 1523
76455 1608
60105 1833
91287 1319
98734 1321
76456 1032
98031 1933
61497 1900
88550 1597
93464 1589
91989 1336
57621 1843
79396 1739
76568 1207
65607 1928
57952 1498
50958 1528
87039 1627
94460 1596
56050 1378
64910 1908
99006 1599
77509 1478
85100 1208
85042 1382
57359 1389
68670 1193
69476 1714
82236 1662
89322 1867
77027 1408
75635 1596
62574 1488
96217 1480
89860 1190
72095 1523
62397 1099
98042 1081
92091 1243
63885 1080
89156 1652
88332 1393
60957 1740
81174 1303
71611 1945
68919 1329
95093 1010
81239 1383
53339 1749
55741 1324
55617 1545
97346 1162
84912 1099
51439 1844
81885 1391
73545 1901
88155 1871
90817 1952
71363 1390
87466 1040
61685 1606
59671 1857
79414 1219
86966 1707
86685 1850
59103 1184
67728 1798
59265 1699
85405 1055
76243 1665
70234 1004
79915 1501
50948 1913
59897 1734
64194 1243
90390 1082
94128 1409
66846 1070
81921 1729
60849 2000
71607 1622
72143 1214
83188 1667
59498 1207
99332 1178
80667 1862
51238 1864
54587 1597
67520 1179
53339 1296
64126 1298
58340 1728
72136 1991
85949 1252
56660 1324
85392 1763
53415 1913
68516 1219
77126 1778
63669 1813
92492 1285
88463 1911
72437 1272
81678 1183
76203 1915
88622 1577
90033 1923
50423 1518
85632 1946
97866 1891
99846 1999
58539 1435
76092 1738
64921 1744
93555 1522
60455 1056
55318 1766
81624 1228
53797 1084
87350 1915
96221 1617
72817 1564
78945 1102
79415 1918
97194 1539
98012 1068
68760 1094
53135 1376
68728 1356
77049 1327
73162 1532
93469 1103
50973 1565
98101 1871
83437 1996
84145 1509
98521 1155
93161 1107
86691 1914
78143 1830
60021 1995
70890 1419
74417 1682
96846 1455
58958 1955
74404 1758
78815 1408
84814 1324
86579 1829
62188 1376
68493 1437
97350 1794
64562 1587
60550 1570
93129 1600
88984 1218
69681 1674
73322 1508
58103 1918
60806 1812
63503 1953
74939 1804
79469 1670
51581 1623
90463 1100
50371 1284
95480 1185
88401 1825
54114 1178
91240 1906
94393 1129
87792 1593
86982 1679
56692 1701
51458 1864
80479 1173
67587 1887
74460 1421
52269 1461
79526 1849
93206 1377
86447 1354
98318 1729
53145 1585
90144 1863
58070 1693
98398 1810
52017 1568
96464 1948
86249 1167
96211 1853
83872 1082
79031 1236
59288 1415
70880 1855
51796 1207
68627 1261
63434 1585
96833 1472
93824 1560
97477 1806
95987 1578
66914 1513
55030 1797
54017 1365
52013 1134
87659 1121
74202 1088
75539 1863
96561 1374
57216 1955
96448 1518
78752 1647
52054 1576
55505 1335
75954 1554
75502 1512
70252 1480
80901 1609
65193 1278
73991 1528
67516 1077
68128 1428
93303 1391
98356 1138
97822 1214
75648 1457
77698 1894
63605 1081
68577 1484
78351 1502
50186 1596
87934 1215
94300 1088
55971 1812
82983 1431
84977 1436
60785 1871
70118 1303
65516 1608
88460 1682
52160 1928
94655 1071
56811 1738
81762 1787
94667 1840
88231 1723
69310 1775
88701 1203
59427 1134
77330 1754
85481 1258
99405 1214
81805 1101
69367 1271
52828 1967
60791 1548
76698 1851
55077 1914
52622 1581
72481 1246
58123 1690
82344 1777
70110 1595
75080 1213
97015 1393
83399 1724
84395 1146
85525 1383
0 121 121 121 121 77 77 0 0 0 381 381 381 381 0 0 0 0 0 0 0 259 259 0 0 116 116 116 116 0 0 120 120 120 120 0 0 0 0 0 0 255 255 255 255 255 391 305 305 305
0 0 77 77 77 77 77 0 0 0 381 381 381 0 0 0 0 115 115 115 115 259 259 0 182 182 182 116 116 223 0 0 120 249 249 39 39 0 0 0 0 0 0 0 0 252 391 391 305 305
0 0 165 165 165 0 0 0 0 173 173 173 228 0 0 0 0 352 115 115 115 268 268 0 182 182 182 297 297 223 230 0 0 249 249 39 0 0 0 0 0 0 0 0 0 252 391 391 305 305
0 0 385 165 165 362 0 0 0 173 228 228 228 0 371 371 136 352 352 218 218 268 159 159 60 75 182 297 297 223 230 0 0 0 0 39 0 39 0 0 0 0 0 0 0 252 252 0 74 74
0 0 385 385 362 362 0 0 0 113 113 113 113 113 371 371 136 352 352 218 218 268 159 159 60 75 75 90 90 223 230 324 324 324 0 39 39 39 327 0 0 0 0 0 0 0 0 0 387 74
0 0 385 385 362 362 0 220 220 220 143 143 143 143 371 371 136 136 250 333 333 268 60 60 60 75 75 90 90 230 230 107 107 324 0 0 0 327 327 327 327 0 0 0 0 0 0 0 387 74
0 0 0 385 385 0 0 220 130 130 143 143 10 10 10 136 136 136 250 333 333 268 92 92 17 96 96 96 96 96 96 96 107 152 152 82 82 82 339 169 217 0 0 217 217 217 0 387 387 74
201 201 194 194 194 0 0 220 130 130 143 143 100 100 10 10 276 136 250 250 250 347 92 92 17 17 17 323 323 168 168 96 107 107 152 82 339 339 339 169 217 217 217 217 140 140 140 140 0 0
201 71 71 194 194 194 380 380 0 0 0 0 100 100 276 276 276 78 78 250 250 347 347 347 262 299 299 323 141 168 168 168 168 107 152 82 337 339 339 169 169 169 0 0 0 0 0 0 0 0
201 71 71 71 188 380 380 380 0 0 0 267 267 267 276 276 276 78 78 250 81 334 334 8 262 262 299 323 141 167 168 168 107 107 152 82 337 337 337 394 394 169 169 0 0 0 72 72 0 0
188 188 188 188 188 380 0 380 0 0 0 0 0 267 300 300 78 78 81 81 81 334 334 8 262 262 299 299 141 167 167 167 153 153 348 82 337 112 112 394 22 22 393 114 114 114 72 72 0 0
0 0 0 331 331 331 0 0 0 57 57 57 267 267 267 300 300 109 370 370 370 370 8 8 332 332 299 155 141 167 167 27 153 153 348 348 112 112 112 394 22 22 393 114 114 114 277 0 0 0
0 0 282 282 282 331 0 264 0 0 57 261 261 246 246 67 109 109 147 147 147 283 283 283 283 332 299 155 155 155 27 27 27 348 348 348 112 112 112 394 212 393 393 343 343 286 277 0 379 379
0 0 282 282 282 282 0 264 264 0 57 261 261 246 246 67 109 311 147 147 147 18 18 374 332 332 332 195 89 89 27 27 27 351 351 351 351 9 9 9 212 212 212 343 343 286 277 325 379 379
242 242 242 242 242 0 0 0 264 0 307 397 397 397 397 67 109 311 311 272 272 18 18 374 91 91 332 195 89 89 37 37 6 328 328 328 351 9 3 3 3 148 148 148 148 286 277 325 0 0
0 0 0 0 0 0 0 0 359 359 307 307 317 317 67 67 109 109 311 272 272 35 35 374 374 91 195 195 244 244 37 6 6 328 328 328 351 16 3 3 83 148 292 395 395 286 286 325 0 0
0 0 0 0 180 180 123 0 359 359 185 307 317 317 317 64 64 109 375 375 375 35 66 66 308 91 91 20 244 244 37 377 377 377 328 16 16 16 3 83 83 148 292 395 395 325 325 325 144 144
0 0 0 0 180 180 123 0 359 359 185 185 164 164 317 64 64 64 95 375 375 35 398 66 308 308 91 20 244 244 37 287 377 377 377 52 52 16 16 83 41 41 292 247 247 325 69 144 144 144
0 0 0 390 390 123 123 0 359 290 290 185 164 164 317 64 64 95 95 375 375 35 398 66 308 308 20 20 244 287 287 287 190 45 52 52 52 16 16 41 41 41 292 247 247 247 69 69 69 134
0 0 0 0 390 390 0 0 290 290 290 164 164 164 317 236 236 95 21 21 398 398 398 5 5 42 42 312 312 312 190 190 190 45 45 330 269 269 269 41 296 296 296 208 208 208 320 134 134 134
0 0 0 0 222 178 0 0 40 335 88 88 315 270 270 236 21 21 21 285 398 84 84 5 5 42 42 312 312 32 32 358 358 358 45 330 269 163 163 271 271 296 296 208 4 320 320 101 43 43
0 0 0 222 222 178 178 40 40 335 342 88 315 270 270 236 216 216 21 285 183 183 84 51 51 42 42 126 312 32 32 358 358 124 124 330 163 163 163 271 271 49 294 294 4 320 101 101 202 43
0 0 0 222 178 178 178 40 335 335 342 88 315 270 270 270 216 216 216 285 183 183 84 51 51 42 42 126 126 133 133 358 124 124 124 330 163 163 271 271 49 49 294 294 4 4 101 101 202 43
0 0 0 222 178 215 215 215 335 335 342 342 315 275 275 275 29 29 285 285 7 7 51 51 192 192 192 125 126 361 133 133 288 288 288 288 274 274 274 274 49 49 63 59 59 59 59 101 202 202
0 0 214 214 215 215 364 215 313 313 161 161 161 161 161 275 279 29 29 279 7 7 51 51 198 192 192 125 126 361 361 210 210 197 197 274 274 200 200 200 200 63 63 63 76 76 59 59 376 0
0 0 214 214 214 215 364 364 313 313 226 161 129 129 129 279 279 279 279 279 11 11 11 11 198 125 125 125 126 361 361 210 210 197 50 50 50 50 127 157 157 63 63 63 76 58 376 376 376 0
0 118 118 0 0 215 364 313 313 226 226 129 129 80 80 279 251 251 172 172 172 24 24 24 198 310 310 310 243 243 210 210 210 197 137 137 378 127 127 157 157 338 13 13 76 58 58 14 14 0
0 118 118 0 0 0 364 0 313 226 226 344 344 80 80 233 251 251 172 172 24 24 24 24 198 310 245 245 243 243 62 62 62 197 137 137 378 378 127 338 338 338 13 13 34 58 58 58 14 0
0 0 0 0 0 0 0 0 313 226 226 344 344 233 233 233 251 237 237 108 108 316 316 316 245 245 245 245 62 62 62 62 62 15 137 137 137 378 127 127 127 338 98 98 34 58 97 97 14 14
0 0 0 0 0 105 0 150 241 241 241 241 265 104 104 104 237 237 237 108 108 316 369 369 369 369 369 53 256 256 248 15 15 15 137 73 73 73 239 239 240 240 98 98 34 34 97 102 0 0
0 0 266 105 105 105 0 150 265 265 265 265 265 104 104 388 388 237 237 341 203 203 234 234 234 53 53 53 256 256 248 248 248 15 15 56 73 73 239 309 309 240 240 98 34 34 97 102 0 0
0 0 266 266 68 68 0 150 281 281 281 357 357 238 238 388 19 19 19 341 203 203 302 302 234 256 256 256 256 298 298 298 257 257 56 56 239 239 239 309 309 309 231 98 98 34 102 102 0 0
0 0 0 266 68 68 0 150 281 224 227 357 357 238 238 388 25 19 19 341 302 302 302 254 254 254 211 211 211 211 298 298 257 257 56 56 314 314 314 30 309 231 231 392 392 392 0 0 0 0
0 0 0 0 0 68 360 360 224 224 227 357 357 293 293 293 25 19 341 341 302 302 302 254 254 254 386 386 386 298 298 384 384 257 56 56 314 314 314 30 30 231 187 187 392 392 0 0 0 0
326 326 326 193 0 0 350 360 224 224 227 227 357 293 293 368 25 19 336 336 336 122 122 254 46 386 386 103 103 103 103 384 384 329 56 174 314 314 30 30 30 383 187 187 392 346 0 0 0 0
326 326 326 193 193 193 350 360 366 366 207 207 207 207 368 368 25 25 336 146 61 61 122 122 46 33 33 33 103 103 103 329 329 329 110 174 132 132 356 356 30 383 346 346 346 346 0 0 0 0
0 0 0 193 193 193 350 360 366 366 28 28 28 382 368 368 368 176 146 146 61 151 151 46 46 33 138 138 138 138 103 329 329 329 110 174 304 132 132 356 318 383 383 117 117 175 0 0 0 0
0 0 0 0 0 354 350 354 119 119 119 36 28 382 372 372 176 176 146 146 61 151 353 353 353 65 65 65 158 158 177 177 110 110 110 174 304 304 132 356 318 318 318 117 175 175 0 0 0 0
0 0 0 0 0 354 354 354 119 36 36 36 28 382 372 372 176 156 156 156 206 151 151 353 353 65 301 158 158 177 177 196 196 196 184 184 184 304 304 304 273 318 318 117 189 175 0 85 85 0
0 31 31 0 0 354 119 119 119 36 284 382 382 382 372 94 400 400 156 156 206 151 151 353 353 353 301 158 158 158 196 196 213 196 184 184 199 304 304 273 273 232 232 117 189 175 175 85 85 0
0 31 31 0 0 142 142 0 166 284 284 253 382 94 94 94 400 400 156 206 206 23 23 23 23 23 301 301 389 389 213 213 213 55 55 55 199 199 199 273 273 232 232 117 189 189 189 0 0 0
31 31 289 142 142 142 142 0 166 284 373 253 382 170 170 131 131 149 149 149 23 23 93 93 93 93 301 278 278 389 2 2 213 55 365 365 365 199 199 154 154 154 154 117 191 191 191 191 99 139
31 289 289 289 289 142 142 0 166 166 373 253 349 170 131 131 131 149 149 149 160 160 93 93 93 38 278 278 278 389 389 2 2 55 365 128 340 340 162 162 295 26 26 26 26 44 86 99 99 139
0 0 219 0 0 0 0 0 373 373 373 253 349 170 79 79 149 149 306 306 160 160 171 171 171 38 38 38 278 278 221 221 229 229 128 128 340 340 340 162 295 295 87 44 44 44 86 99 99 139
0 0 219 0 0 0 0 225 204 204 204 253 349 170 79 79 106 106 355 306 306 0 0 0 171 209 209 209 209 209 221 221 229 229 128 321 321 321 162 162 295 295 87 87 363 44 86 86 99 139
263 263 219 0 0 0 0 225 225 225 204 349 349 170 396 396 106 106 355 205 0 0 0 0 171 235 235 209 209 179 179 179 179 179 12 321 12 12 367 367 367 258 87 87 363 363 363 363 0 0
263 263 219 0 0 0 1 1 225 225 181 181 70 70 396 396 111 355 355 205 0 135 0 0 235 235 235 345 345 345 345 179 179 179 12 12 12 12 367 367 258 258 258 319 319 319 363 363 0 0
0 0 0 0 0 0 1 1 291 181 181 181 70 70 396 111 111 355 399 205 135 135 0 322 322 0 0 0 0 0 0 145 145 145 145 48 0 0 0 0 258 258 258 319 0 0 0 186 303 303
0 0 0 0 0 291 291 291 291 181 181 181 0 54 54 111 111 399 399 205 135 0 0 322 322 0 0 0 0 0 260 47 47 48 48 48 0 0 0 0 0 0 0 0 0 0 0 186 303 303
0 0 0 0 0 0 291 291 0 0 0 0 0 54 54 111 111 399 399 399 399 0 0 0 0 0 0 0 260 260 260 47 47 48 48 280 280 280 280 0 0 0 0 0 0 0 0 186 186 303
