50 400 20
64605 1097
71284 1022
78278 1866
50747 1868
80207 1724
70433 1041
92810 1465
78384 1081
85797 1896
83844 1880
95622 1002
54432 1346
88713 1700
68709 1672
62919 1438
69874 1138
60310 1476
74168 1232
92835 1611
57706 1805
50595 1202
81395 1911
62089 1717
71145 1128
83330 1167
56405 1738
57297 1622
90142 1064
96338 1452
52869 1322
50205 1104
87133 1187
53568 1491
92790 1702
56342 1602
71868 1941
71284 1626
62356 1599
98364 1256
87518 1514
68454 1840
83267 1104
50426 1581
61882 1587
88637 1066
81035 1320
86522 1506
63400 1984
76295 1635
65052 1895
53611 1998
86567 1097
78521 1201
92226 1444
89120 1786
54748 1427
79137 1773
54504 1574
54283 1146
51124 1833
77753 1358
98271 1627
91255 1664
88129 1454
68471 1246
86833 1175
78125 1010
89313 1317
76636 1181
88988 1218
80109 1013
91149 1370
80969 1540
65717 1355
90448 1683
90883 1250
92129 1100
92477 1937
67721 1802
64625 1095
68734 1968
85332 1955
90412 1871
90147 1792
60025 1118
99276 1484
69321 1068
66084 1804
67981 1527
65064 1327
57863 1295
83775 1492
58022 1469
59169 1546
73945 1121
83174 1704
59005 1928
92945 1632
64884 1862
54129 1644
82278 1339
60396 1900
61006 1672
66907 1900
73003 1425
50114 1940
55524 1420
90704 1010
91337 1133
52453 1029
98443 1089
84691 1561
84481 1941
74891 1587
95649 1327
64033 1167
80277 1737
68180 1160
85417 1458
60017 1215
50018 1121
59730 1898
77192 1698
92654 1394
53603 1183
96098 1325
66863 1794
88201 1185
94433 1432
71092 1378
90436 1956
63073 1079
63421 1383
75312 1250
83798 1447
56340 1670
96092 1863
79726 1663
89747 1831
71701 1073
67352 1999
53921 1073
56047 1779
84703 1573
96333 1789
56243 1184
61339 1839
95915 1992
91594 1694
58212 1939
82594 1812
75486 1230
89559 1812
57985 1528
81807 1641
63231 1295
51656 1139
97572 1777
88058 1455
56663 1662
82818 1993
58123 1700
50701 1121
71122 1270
60298 1844
57517 1893
93078 1503
82759 1342
53956 1236
73651 1014
97640 1718
82168 1225
83532 1768
75811 1488
99646 1135
85529 1019
71416 1603
96661 1509
56168 1920
57996 1029
63663 1162
83935 1439
91377 1968
72969 1035
69280 1726
91056 1718
78069 1882
89440 1471
75900 1985
71080 1051
69503 1995
82270 1236
90337 1947
65708 1244
74454 1147
80311 1872
80735 1230
95300 1810
92226 1526
56835 1869
72345 1843
93442 1154
61474 1717
51026 1452
91111 1033
76573 1788
81426 1585
81980 1880
72428 1057
65574 1565
61957 1446
53512 1687
51616 1464
64248 1929
96214 1272
54788 1094
75151 1686
69195 1273
90028 1003
74860 1609
91556 1190
71877 1509
97414 1792
95810 1137
52475 1492
65129 1512
56035 1450
66435 1752
79877 1787
81703 1340
57801 1553
71252 1918
72500 1001
65199 1826
95643 1537
98488 1815
96241 1999
87054 1793
60427 1046
60106 1219
76686 1802
84617 1602
60604 1445
72508 1079
73806 1023
66554 1784
51811 1584
66206 1766
92698 1881
50977 1566
83526 1934
70845 1775
76083 1639
87745 1795
80811 1999
61440 1783
88581 1968
71922 1612
65670 1954
89902 1171
61711 1316
94116 1771
52955 1927
84055 1059
72902 1462
65325 1810
61045 1516
53423 1050
99438 1849
83137 1886
59968 1032
95140 1852
84404 1559
63367 1511
70633 1023
97655 1066
89050 1433
58653 1625
78718 1834
87267 1491
76729 1066
96674 1182
55102 1262
86768 1940
75664 1517
73849 1463
82376 1056
85268 1611
78462 1213
86830 1350
71244 1351
54382 1062
79364 1041
90294 1888
76120 1075
58039 1106
85207 1253
73073 1205
78721 1088
68025 1126
52297 1056
66674 1347
66075 1544
79372 1521
90086 1438
68271 1074
53481 1435
83581 1789
66940 1679
59857 1677
78303 1928
53993 1629
85407 1364
70676 1377
55777 1095
52706 1977
95401 1549
69095 1499
96771 1037
64117 1694
84360 1546
73874 1193
90947 1010
98476 1026
73647 1212
69973 1842
75545 1479
84462 1756
71256 1892
61668 1320
75290 1431
63812 1562
68833 1912
93182 1412
77391 1856
88919 1958
94797 1272
94695 1262
85867 1272
53988 1828
83379 1637
84348 1312
65589 1922
67250 1587
67263 1383
77927 1140
78448 1598
58612 1368
52756 1174
79820 1839
60535 1997
82162 1754
77730 1360
91560 1581
60236 1018
87814 1982
93809 1180
70230 1737
71659 1151
88622 1389
74321 1873
98983 1009
79096 1395
84086 1670
62297 1454
61983 1517
69344 1962
93261 1991
91896 1809
80764 1450
88496 1761
95455 1328
71945 1131
73566 1252
76675 1394
78076 1085
56860 1923
71093 1670
81827 1387
93926 1075
51881 1953
54332 1192
92166 1463
79297 1697
50781 1537
55431 1324
62476 1733
72766 1051
65484 1330
64038 1771
88846 1706
84824 1853
54312 1650
56369 1457
59947 1138
93751 1352
91076 1075
57262 1714
92159 1031
67039 1389
154 0 0 0 0 0 0 0 24 24 0 0 0 0 0 0 0 0 0 0 0 0 0 244 244 244 0 0 0 0 335 335 270 270 270 270 0 0 0 0 0 0 0 0 0 0 0 0 0 0
154 154 154 0 215 215 317 317 24 24 0 0 0 0 0 0 0 53 0 0 0 227 244 244 0 0 0 0 0 0 335 335 254 0 0 0 0 0 0 0 0 0 0 0 0 0 236 236 236 0
220 220 306 0 215 215 317 317 24 24 0 0 0 55 55 55 55 53 135 135 135 227 244 0 0 0 0 328 328 328 254 254 254 0 0 0 0 0 0 0 44 0 0 0 0 216 236 246 246 0
220 220 306 306 306 0 0 0 0 0 0 0 0 58 58 83 96 53 53 135 135 227 29 0 0 0 0 328 328 328 124 124 254 0 0 0 0 0 0 0 44 0 0 323 0 216 216 246 246 0
220 220 238 238 306 0 0 0 0 0 0 0 58 58 58 83 96 96 96 227 227 227 29 29 29 0 0 0 310 310 124 124 254 254 108 0 0 0 0 0 44 0 0 323 323 297 216 216 246 0
0 0 238 238 308 308 308 308 0 185 185 0 300 300 83 83 83 83 114 114 95 95 95 95 75 25 25 0 310 310 355 355 355 254 108 108 0 0 0 44 44 85 367 367 323 297 216 216 0 0
0 18 18 18 308 308 308 308 0 185 185 185 77 300 300 268 268 114 114 114 52 5 264 264 75 25 25 0 0 0 0 0 355 355 204 108 189 0 0 85 85 85 367 367 323 297 297 297 0 0
0 18 18 18 385 385 394 394 0 0 0 0 77 77 77 268 268 52 52 52 52 5 264 264 75 360 360 360 0 0 265 204 204 204 204 189 189 189 89 89 89 122 122 400 400 400 400 276 0 0
0 0 0 56 56 385 394 394 203 22 22 0 0 0 113 113 113 113 26 26 26 5 5 75 75 360 31 31 346 265 265 204 38 38 204 65 65 189 89 289 261 261 122 48 48 74 74 276 0 0
0 0 0 56 385 385 181 181 203 22 258 258 258 0 263 263 113 113 26 26 26 5 5 5 31 31 31 31 346 265 265 38 38 38 38 38 65 65 89 289 261 261 122 48 48 74 74 276 365 365
0 0 0 56 385 181 181 203 203 22 258 199 199 0 263 263 263 363 363 26 102 5 252 252 192 192 192 31 346 346 279 180 180 332 332 332 42 42 89 289 289 261 122 122 74 74 74 276 365 365
27 27 27 321 321 321 321 230 315 315 315 199 199 0 0 241 363 363 363 102 102 252 252 252 19 19 192 279 279 279 279 180 332 332 332 332 42 42 89 289 289 191 191 191 191 191 74 276 365 365
27 27 27 321 13 137 137 230 111 111 315 315 315 315 0 241 253 253 350 102 102 102 8 8 19 81 81 81 186 186 392 180 330 100 316 316 42 42 118 118 289 191 32 32 45 45 45 219 365 365
0 27 13 13 13 137 230 230 111 139 139 315 145 66 66 241 253 253 350 350 8 8 8 68 19 81 20 20 20 186 392 392 330 100 100 316 316 396 118 118 118 4 32 32 45 45 45 219 0 0
0 61 61 61 61 137 230 272 111 139 139 145 145 66 66 241 345 345 35 350 143 68 68 68 68 68 151 151 20 186 392 392 330 330 100 316 316 396 118 118 4 4 4 45 45 347 219 219 257 0
0 61 0 61 80 272 272 272 364 364 149 145 145 176 176 241 345 35 35 143 143 68 68 183 370 370 151 151 20 20 20 392 392 271 271 271 298 396 396 337 337 337 4 173 347 347 257 257 257 0
0 0 0 80 80 88 88 364 364 364 149 149 149 176 176 176 345 35 35 143 182 373 373 183 370 370 370 151 151 151 243 243 123 123 123 271 298 298 298 337 107 173 173 173 347 347 257 144 144 144
0 0 0 80 80 88 88 88 88 364 364 131 131 275 176 176 40 40 40 40 182 373 373 183 183 125 358 255 255 243 243 123 123 50 50 271 379 379 107 107 107 207 207 347 347 347 257 144 144 144
0 0 376 376 376 359 359 359 359 327 364 131 131 275 239 239 223 223 40 182 182 214 214 397 125 125 358 313 255 255 255 116 123 50 50 47 47 379 379 207 207 207 207 0 0 0 0 179 179 179
0 0 0 0 376 359 359 327 327 327 327 327 275 275 239 294 294 223 235 235 87 87 214 397 125 358 358 313 313 313 313 116 116 116 47 47 389 389 389 378 207 207 0 0 0 0 0 179 179 0
0 0 120 120 399 399 318 318 352 352 352 327 275 275 239 294 294 223 235 235 87 87 214 397 141 141 141 313 17 17 17 17 267 233 382 389 389 389 389 378 378 378 188 188 0 0 0 0 0 0
0 150 152 120 399 399 318 318 393 393 352 327 275 275 343 343 3 223 235 235 119 87 398 397 146 146 141 313 140 17 17 267 267 233 382 11 11 11 11 205 205 205 188 188 200 200 325 325 0 0
150 150 152 120 120 351 351 393 393 393 395 10 10 10 343 343 3 223 126 126 119 33 398 146 146 222 222 140 140 140 267 267 233 233 382 382 382 30 30 30 205 205 205 390 200 115 325 325 245 245
150 152 152 120 120 351 351 393 190 190 395 10 10 10 10 3 3 223 126 119 119 33 398 398 222 222 222 140 140 140 148 233 233 233 233 382 382 30 30 30 390 390 390 390 200 115 115 325 245 245
150 1 1 168 168 351 351 190 190 395 395 70 70 59 3 3 127 127 126 119 119 33 167 167 167 206 206 302 302 302 148 280 280 280 266 201 201 201 30 331 331 331 69 69 200 160 115 115 245 245
150 1 1 168 168 295 295 190 190 133 70 70 70 59 59 59 127 127 165 165 33 33 286 286 167 206 206 302 302 302 148 148 280 280 266 201 201 187 187 331 291 291 69 69 200 160 54 54 37 37
175 175 1 168 168 168 295 295 190 133 133 133 90 90 90 127 127 165 165 165 33 362 362 286 286 41 41 177 177 177 164 6 6 6 266 106 106 106 187 187 291 69 69 69 200 160 54 54 37 37
175 155 23 23 0 0 281 281 281 281 133 133 90 90 92 92 127 165 165 165 174 174 362 362 41 41 41 177 164 164 164 6 169 169 266 266 229 106 348 348 291 375 375 103 200 160 212 212 212 37
175 155 23 23 0 0 0 39 39 7 218 218 218 90 90 92 127 197 197 197 174 174 362 362 62 62 62 62 164 166 164 278 169 169 229 229 229 106 348 348 291 375 375 103 103 159 212 212 117 117
175 155 155 0 0 0 0 39 39 7 218 277 277 228 228 92 92 197 197 197 43 242 242 362 388 128 356 356 356 166 380 278 278 169 224 224 224 348 348 348 348 158 158 103 103 159 212 212 117 117
0 0 0 0 0 0 0 39 39 7 7 277 277 228 228 293 293 101 101 43 43 242 242 362 388 128 356 166 166 166 380 380 278 342 342 224 224 224 353 353 353 158 158 103 103 159 159 0 98 98
0 0 340 0 0 0 0 39 39 7 277 277 277 228 228 293 293 101 101 43 242 242 242 388 388 128 356 356 384 384 384 380 386 342 342 132 132 273 353 353 353 282 282 0 0 0 0 0 98 98
0 0 340 0 0 0 0 320 320 320 109 109 109 228 12 12 12 84 84 84 84 211 240 240 240 128 307 307 384 384 386 386 386 2 2 132 132 273 353 353 282 282 357 357 357 153 153 0 0 0
0 288 340 340 72 72 72 320 320 320 320 320 109 228 12 256 256 84 84 84 84 211 240 240 240 240 307 307 384 21 386 366 366 2 2 46 234 273 112 112 112 112 357 357 341 341 153 0 0 0
288 288 340 340 72 72 72 72 72 49 49 109 109 247 247 256 256 256 361 211 211 211 226 226 14 147 147 147 147 21 386 366 366 46 46 46 234 273 273 112 112 112 357 357 341 341 153 248 0 0
288 340 340 71 71 209 283 283 49 49 309 309 247 247 217 256 256 256 361 361 361 226 226 226 14 14 251 251 79 21 78 78 78 46 46 46 234 273 208 208 208 162 162 162 304 304 248 248 0 0
336 336 336 71 209 209 283 283 213 213 309 319 319 217 217 82 82 82 82 82 226 226 60 60 60 14 251 251 79 21 221 221 78 334 334 46 234 63 208 262 162 162 329 329 304 304 248 0 0 0
336 0 0 71 209 209 209 105 213 213 309 319 319 217 217 217 285 285 82 82 226 184 60 60 14 14 251 387 79 79 221 221 391 391 334 63 63 63 63 262 162 329 329 304 304 304 248 0 0 0
0 0 170 170 296 163 163 105 292 292 309 372 372 138 138 34 285 15 15 184 184 184 324 324 284 387 387 387 9 79 79 157 391 391 334 237 237 51 51 262 262 196 196 326 326 326 104 104 0 0
338 0 170 170 296 163 163 105 105 292 292 372 372 138 138 34 285 15 15 184 368 368 324 324 284 387 387 284 9 9 9 157 391 391 290 237 237 51 314 314 314 202 196 196 326 326 104 104 0 0
338 338 338 338 296 296 163 105 105 105 105 372 303 303 34 34 383 371 371 371 371 368 368 260 284 284 284 284 9 9 157 157 16 391 290 290 290 51 314 349 349 202 202 202 171 171 171 171 0 0
338 338 0 0 198 163 163 305 305 305 305 305 303 303 34 34 383 383 383 91 260 260 260 260 250 250 284 97 9 9 333 157 16 16 76 76 73 73 73 349 349 202 202 202 171 171 110 110 0 0
0 0 0 0 198 198 312 312 312 312 312 121 121 121 383 383 383 195 195 91 91 91 91 260 250 250 97 97 97 97 333 157 157 16 76 76 73 178 178 178 178 178 178 36 161 110 110 0 0 0
0 0 369 369 198 198 0 0 0 381 312 121 121 121 172 299 299 195 195 91 134 344 91 260 250 250 129 129 142 97 333 333 333 377 377 76 86 86 86 274 274 178 178 36 161 161 57 57 0 0
0 0 369 0 0 0 0 0 0 381 381 121 121 172 172 210 299 231 231 91 134 344 344 344 344 0 129 129 142 142 142 0 0 377 377 86 86 225 274 274 99 99 99 36 161 161 57 57 0 0
0 369 369 0 0 0 0 0 0 381 381 172 172 172 210 210 299 231 231 0 134 134 0 0 344 0 129 129 0 0 0 0 130 130 130 86 194 225 225 225 99 99 99 36 311 161 0 0 0 0
0 369 369 0 0 0 0 232 0 381 381 156 64 64 210 0 0 0 0 0 134 0 0 0 0 0 129 129 0 0 0 0 130 249 249 249 194 194 301 301 136 136 136 311 311 161 259 259 0 0
0 374 0 0 0 0 0 232 0 156 156 156 64 64 0 0 0 0 0 0 193 269 269 0 0 0 0 0 0 0 0 93 130 130 28 249 249 194 301 301 136 0 0 311 311 311 259 259 0 0
0 374 374 0 0 0 0 232 156 156 156 354 0 0 0 287 0 193 193 193 193 269 269 0 0 0 0 67 67 94 94 93 28 28 28 249 339 339 339 339 136 0 0 0 0 0 322 0 0 0
0 374 374 374 0 0 232 232 354 354 354 354 0 0 0 287 287 287 287 193 193 0 0 0 0 0 0 67 67 94 94 93 93 0 0 0 0 0 339 136 136 0 0 0 0 0 322 322 322 0
