50 400 20
82077 1721
89917 1241
98077 1601
77574 1454
55070 1015
72984 1343
78937 1904
56756 1502
72619 1510
57845 1610
98709 1513
50032 1585
97647 1052
91447 1013
96284 1364
53220 1337
76892 1957
68296 1196
70515 1449
57689 1695
88742 1709
72408 1380
59851 1491
96650 1052
50398 1818
67556 1562
58291 1308
90802 1700
65946 1358
65614 1941
62997 1214
85357 1845
96849 1258
74653 1812
69539 1798
87095 1969
81810 1019
52214 1469
82811 1728
79163 1670
77236 1515
69505 1162
98470 1295
60777 1721
85965 1381
69487 1298
79810 1133
78590 1454
93276 1568
83107 1844
64900 1400
78635 1460
87949 1595
63864 1577
63797 1689
55666 1496
98070 1685
75649 1941
98154 1907
57573 1895
75707 1573
55933 1015
91267 1272
70941 1502
99391 1047
99989 1666
66441 1816
60659 1005
57963 1253
77020 1920
51658 1843
69942 1393
54242 1466
98102 1387
56764 1257
99774 1038
97050 1393
63494 1205
89727 1547
73350 1506
66835 1580
60814 1143
79443 1740
57222 1344
57141 1510
51810 1501
85695 1162
79045 1854
63210 1944
92377 1504
91620 1469
85185 1627
85358 1762
86533 1134
54395 1560
76564 1171
51368 1044
64572 1744
51147 1946
79765 1473
89436 1307
52930 1930
80859 1704
51727 1983
93216 1308
83800 1311
94630 1498
93816 1789
88480 1847
76144 1160
65081 1263
80837 1299
92595 1655
68577 1895
95456 1049
76983 1320
55504 1166
61091 1445
67589 1259
56978 1389
95944 1051
78990 1590
51606 1610
69418 1421
70973 1638
85597 1627
74568 1822
96285 1418
56937 1069
79912 1217
98540 1182
73352 1927
70395 1819
80211 1012
78604 1304
92648 1044
56303 1258
56978 1065
80820 1997
73767 1624
53728 1838
72065 1189
53379 1507
97987 1245
82787 1437
76897 1975
72934 1671
70113 1444
73925 1368
71623 1479
85477 1886
96691 1113
57663 1662
73544 1046
99874 1603
52134 1298
89033 1651
62779 1834
72392 1467
75321 1096
60485 1445
90411 1154
89374 1807
82018 1909
95264 1509
79609 1751
77300 1658
50299 1469
50409 1161
82212 1273
52626 1223
57966 1885
89277 1651
55415 1645
56908 1719
66446 1747
64589 1905
68988 1799
86642 1664
50108 1526
79239 1824
68867 1814
56700 1908
61131 1012
56443 1270
80969 1981
82185 1768
82061 1414
72376 1161
57117 1785
60425 1238
74684 1548
79632 1579
97627 1729
86372 1250
50655 1735
70193 1382
93277 1109
59558 1971
66547 1921
50983 1332
84093 1259
54730 1262
66510 1670
58374 1317
59919 1911
87761 1604
78410 1459
99357 1739
68927 1093
98810 1336
52378 1697
97486 1805
85946 1681
63463 1203
74773 1273
71721 1197
83907 1291
72230 1097
90271 1078
59631 1892
94988 1608
52673 1903
82507 1163
98033 1602
50848 1200
65751 1456
95284 1770
83225 1868
51672 1450
82607 1785
75309 1237
56759 1408
62236 1518
98580 1076
90891 1070
57163 1434
95030 1761
88895 1009
98253 1222
53137 1722
97960 1247
68956 1232
92291 1108
54304 1958
71461 1574
74161 1968
57576 1975
81579 1591
91896 1968
66542 1335
50309 1031
94665 1812
67427 1164
74033 1580
99497 1380
74945 1698
70436 1278
68220 1467
70008 1875
90125 1208
86365 1781
56785 1079
75343 1486
80713 1848
88081 1554
67819 1272
70472 1177
64073 1400
53932 1813
66985 1830
54621 1551
51001 1132
67117 1364
66664 1196
89316 1761
64136 1977
56359 1286
76108 1333
63977 1555
81928 1869
58092 1200
52331 1691
97913 1483
97084 1328
77505 1803
81756 1182
68232 1357
99542 1845
94209 1995
63273 1177
95043 1990
63240 1365
97198 1313
74740 1836
72209 1912
87207 1137
67417 1659
64886 1606
82508 1729
71442 1498
75931 1343
75025 1095
92294 1709
80507 1489
52391 1936
95986 1976
59596 1326
92865 1471
96398 1293
83871 1934
70051 1164
73611 1984
95576 1844
96425 1471
73240 1735
69792 1228
79878 1545
62743 1623
58021 1496
97030 1373
80303 1928
96084 1632
88565 1886
71062 1694
54421 1599
98250 1638
79198 1224
66083 1985
88996 1637
90223 1385
80189 1144
64348 1193
63510 1698
53347 1748
58677 1661
65884 1689
62248 1885
50468 1742
65523 1627
66335 1029
83862 1829
67581 1377
55353 1827
55295 1946
74151 1610
86002 1723
89292 1701
97353 1259
75833 1286
90771 1498
55012 1749
58078 1541
84066 1162
80024 1316
53866 1325
60409 1399
56833 1525
57378 1614
81765 1643
95914 1242
59080 1410
69521 1591
74901 1602
70440 1786
61128 1355
78517 1436
71616 1109
91553 1501
87130 1198
87389 1743
88831 1637
59806 1957
87833 1555
52273 1853
54453 1279
90685 1477
65565 1567
86076 1035
86490 1914
95361 1663
63353 1052
62418 1015
96987 1390
70255 1453
69925 1786
92896 1364
51088 1268
74083 1845
88175 1224
85814 1760
50343 1863
63607 1079
93022 1911
81869 1142
71026 1354
59927 1492
81116 1693
74094 1778
57755 1425
104 104 104 104 104 104 0 0 0 0 60 60 0 0 62 62 62 290 290 0 0 0 0 0 0 278 0 0 0 44 44 334 334 334 0 0 0 0 0 0 0 0 0 0 0 0 0 0 0 0
104 0 0 0 37 37 0 388 388 0 60 242 242 0 62 62 62 290 290 0 0 0 0 0 0 278 0 0 0 252 44 44 44 334 241 241 241 22 22 22 0 0 0 0 0 0 0 0 0 0
0 0 0 0 37 388 388 388 388 388 60 242 242 0 169 169 169 290 290 272 0 0 0 0 0 278 303 0 0 252 252 0 0 0 292 292 241 22 0 0 0 0 0 0 0 152 152 0 0 0
0 0 68 68 37 118 118 388 113 122 122 122 221 221 169 169 72 290 185 272 272 272 385 385 0 278 303 229 0 0 252 0 0 0 292 292 292 22 0 0 0 0 19 19 0 0 152 152 152 367
0 0 68 68 118 118 73 113 113 113 322 122 221 221 137 137 72 258 185 185 185 272 385 385 385 278 303 229 0 0 0 0 0 0 305 305 208 208 208 208 0 0 19 19 19 228 228 0 0 367
168 168 168 313 313 73 73 113 113 113 322 322 173 173 137 137 72 258 164 164 164 358 358 174 174 174 303 229 229 0 0 0 0 235 305 305 205 205 0 0 0 0 19 19 228 228 0 0 367 367
168 168 237 313 38 73 73 38 353 322 322 322 322 173 173 137 258 258 164 53 358 358 279 360 360 174 0 0 0 0 0 0 0 235 12 305 205 205 0 247 247 247 110 110 228 45 45 0 232 232
168 168 237 313 38 38 38 38 353 2 2 2 173 173 173 31 258 258 53 53 280 280 279 360 360 254 0 0 0 0 0 0 0 235 12 205 205 205 205 103 103 247 110 110 45 45 45 0 232 232
0 0 237 237 38 38 359 359 353 2 2 351 351 31 31 31 214 371 53 53 280 280 279 360 360 254 0 0 0 0 0 236 236 235 12 138 138 256 256 182 103 215 215 163 45 163 45 0 0 0
0 0 74 74 74 74 359 359 353 353 353 353 351 351 18 18 214 371 371 371 371 69 279 360 254 254 86 86 297 297 297 236 114 114 12 138 325 256 182 182 103 215 215 163 163 163 45 0 0 0
0 0 0 0 74 74 359 359 15 15 15 15 155 155 18 18 214 128 371 371 69 69 69 262 262 262 86 86 267 209 297 236 236 114 138 138 325 256 182 103 103 215 215 291 0 0 0 0 0 0
0 0 0 230 230 230 230 359 265 265 15 15 15 155 155 214 214 128 328 328 69 92 92 262 262 262 86 267 267 209 209 209 236 114 145 325 325 325 325 103 368 368 368 291 291 0 0 0 0 216
0 0 0 230 140 140 140 265 265 265 105 105 8 8 155 214 214 128 328 328 92 92 311 179 179 86 86 267 392 392 209 145 145 145 145 7 361 325 136 368 368 368 368 261 291 0 0 0 0 216
0 140 140 140 140 317 317 339 339 339 105 105 8 8 8 356 356 128 311 311 311 311 311 179 179 86 289 289 392 158 158 158 158 158 7 7 361 136 136 139 261 261 261 261 291 291 0 0 216 216
0 0 57 171 171 317 317 200 339 339 339 166 8 8 8 356 83 83 52 52 212 212 71 71 81 81 289 289 392 284 284 243 395 395 7 7 361 136 139 139 142 142 326 326 326 109 6 6 39 39
387 387 57 171 171 317 200 200 106 106 106 166 166 166 166 356 83 83 52 52 212 212 71 383 81 81 81 314 301 284 284 243 243 395 395 7 361 107 139 139 142 142 326 326 326 109 6 6 39 39
387 387 57 57 171 293 293 293 106 106 106 211 211 166 298 298 83 83 400 400 212 212 71 383 81 314 314 314 301 234 234 243 243 340 340 30 30 107 107 139 142 142 326 283 283 109 109 109 39 39
0 0 0 266 266 266 293 293 233 233 233 211 211 298 298 298 298 400 400 396 396 4 4 383 383 301 301 301 301 234 234 234 340 340 340 30 30 107 107 343 343 142 43 43 283 150 109 357 39 39
0 0 0 266 95 95 95 233 233 233 233 276 276 298 318 318 298 400 308 396 396 4 4 315 315 315 393 344 344 213 213 213 340 340 340 30 141 141 343 343 188 188 43 43 283 150 150 357 357 357
0 0 0 99 95 95 95 233 324 364 364 276 276 318 318 382 400 400 308 282 282 282 282 282 315 315 393 393 344 213 213 213 213 184 96 96 141 141 375 375 375 188 188 43 283 296 150 357 357 0
0 0 0 99 324 324 324 324 324 364 364 364 318 318 318 382 382 382 308 308 119 119 119 119 102 370 370 393 344 167 167 167 167 184 96 96 141 141 375 375 375 25 188 165 165 296 296 0 0 0
61 61 0 99 99 324 324 42 54 54 125 125 125 125 125 135 135 308 308 308 119 119 102 102 102 345 370 393 344 224 101 101 184 184 148 96 96 244 244 375 63 25 188 165 165 296 296 0 0 67
61 61 0 0 0 42 42 42 54 373 373 373 183 183 183 135 135 135 259 259 259 259 307 307 307 345 370 275 275 224 101 101 148 148 148 51 96 244 244 63 63 25 0 0 0 296 296 90 0 67
61 285 59 59 0 42 42 180 54 373 23 23 23 183 183 172 47 47 47 5 5 5 307 115 115 345 345 275 275 224 224 337 337 148 148 51 51 244 244 244 63 25 25 372 0 90 90 90 0 67
285 285 365 59 59 42 180 180 180 23 23 93 93 93 93 172 172 172 47 162 5 5 307 115 115 46 46 275 275 224 224 337 337 64 64 194 51 51 51 51 63 25 372 372 0 90 55 55 67 67
285 285 365 59 312 312 180 180 23 23 199 199 33 33 33 33 172 172 47 162 177 177 115 115 269 269 46 275 275 224 16 16 16 64 194 194 194 194 36 51 372 372 372 189 0 55 55 34 34 34
366 365 365 365 312 312 207 132 132 32 199 199 32 33 33 33 172 47 47 162 177 115 115 17 269 269 46 186 186 143 143 175 16 64 14 194 194 36 36 347 372 372 189 189 0 34 34 34 0 0
366 366 366 365 365 190 207 207 132 32 32 32 32 32 202 202 172 47 162 162 177 17 17 17 3 46 46 186 186 143 143 175 175 14 14 36 36 36 36 347 347 347 189 189 0 0 0 34 0 0
338 338 193 193 193 190 207 207 132 133 133 94 94 32 202 202 336 336 363 363 363 210 210 210 3 391 70 70 143 143 161 175 175 14 14 14 14 14 347 347 347 347 0 0 0 0 0 0 0 0
338 338 193 193 193 190 190 341 341 133 133 94 94 94 84 84 336 336 363 245 245 245 245 210 3 391 391 70 161 161 161 161 390 390 27 27 27 27 333 333 335 335 0 0 85 85 85 85 0 0
0 0 0 193 176 176 176 9 341 341 341 89 89 77 84 84 84 257 363 378 245 245 245 304 3 3 391 70 231 231 157 161 161 390 27 27 330 330 333 333 335 335 0 0 197 197 294 294 0 0
397 397 0 193 176 176 91 9 89 89 89 89 89 77 77 77 84 257 363 378 378 378 245 304 304 304 304 304 231 231 157 394 394 390 27 27 330 330 56 56 335 335 0 0 197 197 294 294 294 294
397 397 397 397 374 374 91 9 89 13 13 144 144 144 77 77 77 257 257 378 153 246 246 304 146 48 319 319 196 196 157 394 394 390 390 302 302 56 56 56 335 335 225 98 98 98 331 331 294 0
397 159 159 159 374 0 91 9 9 9 13 13 248 144 144 87 77 87 153 153 153 246 246 146 146 48 48 319 196 196 157 157 147 147 390 302 302 116 116 116 116 225 225 98 192 295 295 331 331 0
379 379 379 159 374 0 91 58 58 9 380 380 248 226 226 87 87 87 206 206 206 246 146 146 48 48 48 319 319 329 329 286 286 147 147 302 302 66 66 66 116 225 97 192 192 295 295 227 0 0
379 379 379 379 0 0 91 58 58 380 380 248 248 226 226 88 1 1 1 10 206 206 264 264 253 253 253 253 329 329 329 286 286 147 147 147 147 66 66 66 251 170 97 192 327 327 227 227 227 0
0 0 0 0 0 0 0 0 0 380 380 240 131 131 226 88 88 88 1 10 206 206 264 264 253 253 250 250 127 329 323 323 238 238 191 191 219 66 251 251 251 170 97 97 327 327 227 227 0 0
0 28 28 28 100 100 100 0 0 154 240 240 240 131 131 306 1 1 1 10 10 320 320 320 253 369 250 250 127 127 323 323 238 238 191 191 219 178 178 178 170 170 112 112 112 239 0 0 0 0
0 28 0 0 100 100 100 0 0 154 154 154 240 306 306 306 309 309 309 108 362 362 362 320 253 369 41 41 127 127 156 156 299 238 35 35 219 198 198 178 178 170 112 239 239 239 0 0 0 0
0 0 0 0 0 381 381 349 0 349 349 29 29 29 277 277 309 309 309 108 342 362 362 369 369 369 41 223 287 287 156 300 299 238 35 219 219 198 198 198 198 112 112 203 203 203 0 0 0 0
0 0 0 0 0 381 381 349 349 349 349 29 29 29 29 277 309 78 78 108 342 342 342 369 369 49 41 223 287 287 156 300 299 299 35 123 123 268 268 268 268 350 350 203 120 120 79 79 79 79
0 0 0 0 0 381 381 381 381 65 349 65 75 75 277 277 149 78 78 108 151 222 222 222 222 49 195 223 223 223 260 300 300 299 352 123 123 187 249 249 249 350 350 120 120 80 80 79 130 130
0 0 0 0 0 0 0 0 76 65 65 65 75 271 271 149 149 149 149 151 151 222 217 384 384 49 195 195 223 223 260 260 260 260 352 352 352 187 249 249 274 274 274 181 120 80 0 0 130 130
0 0 0 0 310 273 0 0 76 76 76 76 75 271 271 321 321 149 24 40 151 151 217 217 384 49 195 195 201 201 201 260 260 398 398 398 352 187 126 274 274 181 181 181 120 80 0 0 0 0
0 0 399 399 310 273 376 376 376 220 377 377 75 75 75 321 24 24 24 40 40 151 217 217 384 354 201 201 201 332 332 348 348 355 355 398 117 187 126 126 0 0 0 0 80 80 218 218 0 0
0 0 399 310 310 273 273 220 376 220 0 377 377 121 121 321 316 316 316 40 40 346 346 11 354 354 354 111 201 332 332 348 348 355 355 117 117 117 126 126 0 0 0 0 80 80 218 218 218 129
50 0 399 310 310 310 270 220 220 220 0 0 0 121 121 321 316 316 316 40 255 346 346 11 354 354 111 111 204 332 204 204 0 0 355 117 117 117 0 0 0 0 386 386 281 281 0 129 129 129
50 50 50 0 0 270 270 263 263 0 0 0 0 288 121 0 389 389 255 255 255 134 134 11 11 0 111 111 204 204 204 0 0 160 160 160 160 0 0 0 0 0 386 386 0 281 0 20 20 20
26 26 26 26 0 270 263 263 0 0 0 0 0 288 288 0 389 389 255 0 0 134 134 0 0 0 21 21 0 0 0 0 0 0 82 82 0 0 0 0 0 0 386 386 0 281 0 20 0 0
124 124 124 26 0 0 0 0 0 0 0 0 0 288 288 0 0 0 0 0 0 134 134 0 0 0 21 21 0 0 0 0 0 0 82 82 0 0 0 0 0 0 0 0 0 0 0 20 0 0
