50 400 20
55749 1968
75471 1582
77291 1028
95793 1154
64875 1569
99216 1639
60823 1741
65559 1756
91569 1583
52034 1050
52457 1277
60259 1199
56542 1431
81770 1956
85019 1074
53581 1720
64457 1501
58480 1318
66716 1586
96167 1077
54420 1436
82497 1976
64549 1192
95970 1409
84758 1382
53288 1851
79187 1143
96327 1057
87090 1177
75749 1433
93455 1182
66057 1438
96127 1039
58240 1645
60310 1766
60938 1266
51603 1361
71636 1067
68267 1933
56493 1780
89770 1907
86542 1739
85619 1344
95354 1174
61945 1651
88394 1316
92502 1638
93877 1144
84777 1314
58031 1228
67350 1743
88317 1421
76622 1678
63497 1284
67771 1428
70697 1675
73131 1758
56741 1150
64974 1483
97124 1499
76679 1373
61125 1042
51505 1248
83038 1811
71874 1379
96933 1863
84250 1240
52091 1325
89399 1763
80133 1739
82275 1367
92270 1774
96928 1283
92543 1179
62823 1001
91051 1687
91558 1772
65104 1206
94471 1906
84799 1754
90805 1232
64838 1853
55526 1345
74082 1778
58866 1653
79983 1604
77891 1760
78816 1015
59353 1577
76465 1749
51118 1508
76277 1944
80651 1327
52991 1807
58682 1381
83184 1656
61432 1913
68421 1054
86412 1505
71752 1125
68939 1066
72622 1815
69010 1164
67975 1853
69817 1770
51514 1195
65333 1671
94116 1823
57291 1677
88203 1139
92050 1078
96334 1445
88298 1911
63113 1517
72651 1965
93598 1252
71189 1787
50366 1876
62219 1086
84443 1342
88584 1200
65087 1857
92790 1361
98544 1243
78194 1674
76068 1800
91062 1577
75871 1853
96261 1207
66103 1816
64223 1452
82507 1295
66410 1445
78033 1728
50759 1664
93968 1957
54888 1719
90245 1713
62852 1556
82224 1643
62058 1728
73168 1391
81299 1613
50516 1073
76553 1753
72740 1572
85633 1066
60207 1405
79007 1845
77001 1447
51202 1204
82382 1835
54955 1825
73788 1587
54947 1806
64385 1886
95220 1219
61098 1829
58707 1773
81870 1745
89072 1251
58322 1623
86123 1622
50329 1870
95515 1012
56748 1943
57192 1390
62162 1569
95917 1894
53136 1131
52936 1026
89560 1773
87762 1314
53854 1430
74818 1752
69065 1209
97131 1794
86017 1464
65450 1437
87269 1865
68272 1427
86261 1688
75880 1121
84436 1709
54633 1429
80780 1941
62850 1716
86830 1647
64435 1154
57408 1542
89042 1557
83673 1427
76955 1986
99722 1687
50009 2000
97136 1204
53915 1271
90568 1905
71335 1347
96790 1217
76549 1977
80305 1425
94581 1594
92034 1150
68670 1895
76484 1019
65079 1322
91316 1296
58152 1328
91285 1089
58271 1074
54980 1328
89296 1814
95587 1187
77749 1792
97226 1903
92019 1624
92709 1340
59906 1182
89821 1771
71168 1752
83334 1291
73757 1254
55338 1594
78758 1631
95506 1369
87263 1523
99231 1574
72907 1088
85252 1180
54805 1148
91275 1192
50630 1177
62274 1248
64242 1036
85904 1757
89762 1261
74668 1139
83104 1574
69812 1562
54727 1182
75312 1177
70801 1089
61982 1012
51107 1073
71996 1051
69355 1915
84209 1118
88186 1117
84626 1196
72216 1401
97810 1721
67329 1245
50214 1660
90185 1597
55107 1977
61701 1364
92760 1552
55199 1026
70259 1693
96684 1983
94697 1055
54184 1861
80583 1312
99690 1267
90688 1822
63229 1184
50042 1336
73757 1712
73604 1270
62200 1939
76973 1925
63608 1594
70551 1814
76889 1713
74866 1474
91194 1601
58654 1739
50626 1084
64135 1490
95307 1271
60368 1585
50660 1685
63969 1718
60692 1111
71403 1541
81549 1307
69107 1373
58839 1041
62668 1710
89279 1554
54068 1586
89502 1843
76861 1658
73113 1504
83106 1124
81017 1147
68027 1581
91660 1145
52650 1750
95875 1459
75303 1035
68439 1538
83062 1254
83658 1515
63075 1251
55601 1784
83123 1903
58695 1599
78449 1434
99270 1055
92487 1263
52776 1161
58299 1077
56315 1609
90362 1975
94093 1398
64343 1953
66644 1026
57628 1075
84795 1685
56876 1100
97416 1146
85750 1246
92720 1747
55761 1341
60671 1000
50291 1209
86921 1813
88459 1878
77211 1889
74007 1449
81302 1208
69376 1328
59857 1310
80744 1977
88941 1084
65068 1891
59822 1925
52867 1950
93584 1854
75865 1941
73962 1874
96596 1207
50336 1926
80877 1631
78982 1573
86422 1484
86510 1059
68872 1669
99536 1553
53700 1714
77215 1462
87807 1509
77926 1664
96207 1496
93830 1885
66243 1535
82284 1073
62653 1873
88234 1022
93171 1644
95849 1388
54896 1923
94056 1830
73185 1297
88168 1202
63179 1305
72872 1246
79533 1472
99094 1196
63372 1350
86632 1813
97672 1123
55168 1275
52192 1380
73856 1056
83545 1988
76784 1037
59899 1271
53500 1594
51464 1058
62473 1719
78413 1719
62855 1159
88981 1618
76713 1671
63721 1295
91975 1188
56361 1565
71071 1646
68412 1345
77732 1112
56571 1130
66330 1016
95372 1426
62674 1923
75824 1725
67789 1474
81783 1605
0 0 0 0 0 0 0 235 320 381 381 381 0 0 0 0 142 142 142 0 0 0 3 3 3 3 0 0 0 0 19 19 19 19 0 0 0 0 0 0 0 0 13 13 0 0 0 0 0 0
0 0 41 41 125 0 0 235 320 320 320 381 0 0 0 0 142 360 360 0 0 0 4 218 218 398 398 398 0 0 19 79 79 19 302 302 0 184 184 0 0 0 0 13 13 0 0 0 0 0
0 0 41 41 125 0 0 235 235 235 320 320 382 382 382 142 142 360 47 47 47 0 4 218 218 310 295 398 298 298 19 79 79 302 302 302 184 184 184 0 0 0 93 93 13 0 0 0 0 0
183 183 198 198 125 125 0 235 235 235 382 382 382 6 6 6 6 360 47 47 47 0 4 4 0 310 295 295 295 298 298 37 79 156 156 51 51 51 51 67 191 191 93 93 13 237 237 237 237 0
183 183 198 198 99 125 166 166 166 52 382 382 339 339 304 304 304 164 164 47 47 0 0 0 0 310 310 310 44 37 37 37 156 156 200 200 67 67 67 67 191 191 191 93 13 237 237 0 0 0
0 0 0 0 99 166 166 311 120 52 52 364 364 339 339 339 304 57 164 260 260 0 0 0 0 0 0 0 44 37 37 37 62 156 200 200 200 67 67 228 228 228 228 93 0 0 0 0 0 0
0 0 0 99 99 166 311 311 120 52 52 364 364 339 339 57 57 57 164 260 260 0 0 285 285 285 285 390 44 44 62 62 62 62 200 200 254 254 254 0 0 228 228 93 0 0 0 0 0 0
0 0 0 0 0 0 311 311 120 330 52 96 96 229 229 229 57 164 164 0 0 0 0 0 285 285 285 390 390 44 62 62 66 66 35 35 254 0 0 0 0 39 39 0 0 0 0 0 0 0
0 0 0 0 0 0 311 55 120 330 52 96 96 214 229 229 57 164 0 0 0 0 177 0 285 122 122 390 390 127 280 66 66 66 35 35 35 0 0 0 0 39 39 0 0 0 0 204 204 204
0 0 0 367 367 82 311 55 170 330 330 96 96 214 214 57 57 177 177 177 177 177 177 0 0 122 122 118 127 127 280 113 306 306 78 35 78 78 376 0 0 0 0 0 0 0 303 303 303 204
0 0 367 367 82 82 55 55 170 319 319 319 297 297 214 349 349 349 349 109 109 338 338 338 0 122 122 118 127 280 280 113 306 306 78 78 78 78 376 0 0 0 132 132 132 0 303 303 303 204
0 278 278 351 82 82 82 170 170 313 313 319 297 297 349 349 155 25 25 109 109 338 338 242 242 169 118 118 127 280 113 113 306 306 306 78 202 178 376 376 18 18 18 18 132 303 303 0 0 0
0 278 278 351 351 112 112 112 170 234 313 216 216 297 297 270 155 268 25 317 317 317 242 242 169 169 118 118 127 361 361 314 314 202 202 202 202 178 376 376 376 128 128 128 0 0 0 0 0 0
0 0 278 351 351 112 348 348 144 234 313 216 216 216 297 270 155 268 25 317 317 152 152 152 169 169 118 118 127 361 361 314 314 178 178 178 178 178 92 24 24 128 383 383 245 245 245 245 245 245
0 190 190 291 351 112 348 348 144 234 234 38 38 345 270 270 155 268 25 25 134 152 152 61 61 61 61 203 84 84 36 36 36 36 36 75 75 178 92 24 24 24 383 383 26 26 121 117 117 76
0 190 190 291 351 112 348 348 144 144 144 38 38 345 268 268 268 268 266 266 134 134 152 61 61 61 203 203 84 309 342 342 45 45 36 75 75 75 92 24 24 24 261 261 26 26 121 117 117 76
49 49 49 291 291 112 112 348 284 124 124 38 345 345 268 253 131 131 266 266 134 134 152 65 65 65 203 84 84 309 342 342 45 45 45 378 378 378 92 146 146 146 261 261 261 121 121 121 76 76
49 49 102 102 102 102 355 355 284 284 124 345 345 77 77 253 253 131 322 134 134 196 196 65 211 211 123 123 309 309 342 68 68 68 111 378 378 378 92 372 372 146 225 0 0 0 0 0 0 0
0 0 0 0 0 0 355 355 284 284 124 246 205 77 77 253 253 131 322 322 196 196 196 211 211 300 123 123 154 154 342 68 111 111 111 161 379 379 312 312 372 372 225 0 0 0 0 0 0 0
0 0 0 0 0 389 389 389 284 172 246 246 205 205 315 315 131 131 94 322 196 101 101 272 272 300 300 236 236 154 342 342 293 293 161 161 379 69 312 312 372 372 225 225 0 0 354 0 0 0
0 0 0 294 294 187 389 389 362 172 246 97 97 205 315 315 131 131 94 94 94 101 101 28 272 300 300 236 236 154 192 293 293 209 161 161 379 69 69 69 69 70 70 70 70 70 354 354 354 0
0 0 294 294 294 187 187 187 362 172 172 97 97 97 315 135 135 359 359 359 43 43 43 28 272 257 257 80 192 192 192 244 244 209 91 91 91 69 180 180 262 70 70 70 356 356 206 206 0 0
226 226 281 281 294 327 327 362 362 174 352 352 53 97 97 53 135 135 359 359 43 43 43 28 28 257 257 80 80 80 244 244 244 209 91 91 160 160 180 180 262 286 356 356 356 356 206 206 0 0
226 393 281 327 327 327 327 174 174 174 352 173 53 53 53 53 135 135 363 363 43 43 159 159 222 222 233 233 233 33 42 340 340 209 91 340 160 180 180 262 262 286 370 23 23 23 23 0 0 0
226 393 281 288 288 329 327 174 174 352 352 173 173 353 353 53 135 135 363 363 11 11 159 159 222 222 233 33 33 33 42 340 340 340 340 340 160 180 180 267 267 286 370 370 394 394 137 137 0 0
226 393 288 288 15 329 329 174 174 326 326 173 173 353 353 353 259 14 87 87 87 11 271 399 399 399 399 33 33 42 42 162 162 162 318 318 318 318 267 267 276 286 370 370 394 394 137 137 137 137
226 393 15 15 15 329 329 157 157 326 326 173 34 90 90 90 259 14 14 14 87 11 271 271 399 399 158 158 59 162 162 162 50 50 165 165 318 318 318 276 276 286 163 60 60 60 137 308 308 130
377 377 143 143 143 143 329 157 157 326 34 34 34 90 103 103 259 259 259 316 316 11 271 271 399 399 158 158 59 59 147 147 50 50 165 165 279 279 276 276 373 163 163 60 60 60 60 308 130 130
377 377 307 307 325 239 239 185 185 1 1 34 34 103 103 334 334 104 104 316 316 11 271 271 255 255 255 158 158 59 147 147 301 301 165 165 165 279 279 276 373 163 252 215 215 238 238 308 130 130
243 243 369 307 325 239 239 185 185 1 1 34 103 103 103 334 334 104 104 316 316 366 366 366 149 210 255 321 217 217 224 224 301 301 86 86 86 86 279 279 373 373 252 215 215 238 238 0 0 0
0 243 369 307 325 239 239 239 126 126 126 64 103 64 32 32 32 32 32 74 74 366 366 366 149 210 255 321 107 217 217 224 224 108 194 374 374 279 279 273 273 273 252 258 258 238 400 400 400 0
0 243 369 307 325 325 30 30 148 126 126 64 64 64 64 251 199 199 199 74 74 289 289 149 149 210 332 321 107 217 217 108 108 108 194 194 374 374 88 273 273 27 252 258 258 400 400 365 365 365
0 243 369 325 325 375 30 30 148 148 148 193 193 193 193 251 199 199 151 151 151 151 289 289 289 210 332 321 107 107 217 115 115 115 194 194 374 374 88 88 88 27 27 27 258 230 230 230 365 365
0 0 0 375 375 375 30 30 83 148 148 371 197 197 197 251 199 199 151 22 100 100 100 250 250 332 332 321 219 219 5 5 5 115 115 335 335 88 88 88 88 71 71 2 7 7 230 230 56 56
256 0 0 0 275 212 212 83 83 89 223 371 371 371 197 251 81 81 114 22 22 22 100 250 250 250 48 48 219 219 265 265 5 350 350 335 335 29 95 95 71 71 2 2 7 7 263 263 56 56
256 256 256 0 275 275 212 83 89 89 223 145 145 145 145 283 81 81 114 136 72 72 72 186 186 186 186 48 48 296 265 265 269 350 350 350 335 29 29 95 95 71 2 2 7 7 263 263 207 189
274 274 274 274 275 275 212 89 89 106 223 223 240 240 240 283 81 114 114 136 72 58 58 58 58 186 186 323 323 296 269 265 269 350 350 350 335 335 29 182 396 396 2 305 305 305 305 263 207 189
388 388 388 85 85 231 231 231 89 106 287 287 240 179 240 283 114 114 114 136 72 395 395 0 195 186 186 323 296 296 269 269 269 133 133 98 98 98 29 182 396 396 150 150 105 105 207 207 207 189
0 0 388 0 85 85 231 231 106 106 287 179 179 179 240 283 16 16 114 136 72 395 395 0 195 195 195 323 171 171 171 343 343 133 133 98 98 98 182 182 40 150 150 150 105 105 207 207 189 189
0 0 388 0 384 384 231 231 213 287 287 287 333 333 240 16 16 181 181 136 139 139 139 0 0 0 0 0 0 171 171 343 138 138 138 385 98 385 182 40 40 40 232 232 232 0 0 189 189 0
0 0 0 0 384 384 63 63 213 213 213 119 119 333 16 16 241 277 181 181 221 139 139 0 0 0 0 0 21 21 21 343 220 138 138 385 385 385 182 182 40 40 292 292 232 0 0 0 0 0
0 0 0 0 0 0 63 63 213 213 213 119 119 333 73 241 241 277 336 221 221 221 208 208 208 0 21 21 21 220 220 220 220 116 391 391 391 391 31 31 292 292 292 0 0 0 0 0 0 0
0 0 0 0 0 0 168 168 368 368 213 73 73 73 73 241 277 277 336 336 357 221 208 208 208 0 387 387 54 54 54 54 116 116 176 391 391 31 31 328 328 292 292 0 0 0 0 0 0 0
344 344 344 344 344 168 168 168 368 331 331 397 397 241 241 241 277 277 336 336 357 357 357 357 357 0 387 387 54 54 201 201 116 116 176 8 8 0 328 328 328 328 141 141 141 0 0 0 0 0
12 12 0 0 0 0 0 0 368 331 331 397 167 241 167 167 17 277 346 346 347 9 380 380 357 0 0 0 54 201 201 201 0 176 176 8 8 0 358 358 141 141 141 141 141 227 0 0 0 110
12 12 0 0 0 0 188 188 188 331 331 397 167 167 167 17 17 17 346 346 347 9 380 380 0 0 0 0 264 264 0 0 0 176 176 0 8 0 358 358 20 20 129 227 227 227 0 0 110 110
12 0 0 282 282 282 282 188 249 249 249 249 249 248 248 17 175 175 247 299 347 9 9 341 0 0 0 0 264 264 0 0 0 176 176 0 0 0 0 0 20 20 129 129 129 153 153 153 110 110
0 0 0 0 0 0 188 188 140 140 140 249 249 248 248 17 175 175 247 299 347 9 9 341 341 341 0 0 0 0 0 0 0 0 0 0 10 10 10 386 386 392 129 153 153 153 153 0 0 0
0 0 0 0 0 46 46 337 337 140 140 324 324 0 0 290 290 247 247 299 299 0 0 0 0 0 0 0 0 0 0 0 0 0 0 0 10 10 386 386 386 392 392 0 0 0 0 0 0 0
0 0 0 0 0 46 46 337 337 140 140 324 324 0 0 290 290 290 247 247 299 0 0 0 0 0 0 0 0 0 0 0 0 0 0 0 0 0 386 386 386 392 392 0 0 0 0 0 0 0
