50 400 20
72739 1480
56775 1694
85902 1018
59634 1848
68038 1718
98128 1211
88071 1739
84874 1795
98273 1062
86035 1564
55863 1119
86789 1761
65557 1018
58563 1489
71796 1569
59177 1981
92178 1951
60153 1760
95088 1952
67431 1366
64312 1973
75529 1735
80091 1181
86894 1043
81201 1463
73662 1401
96047 1368
51289 1517
56779 1368
57458 1738
93973 1844
93584 1127
74004 1678
63924 1278
80004 1749
64813 1573
85444 1454
87967 1844
65880 1538
82557 1957
57395 1354
92187 1382
63971 1198
70751 1247
92183 1308
63654 1503
90480 1462
70648 1658
87054 1668
68845 1682
89318 1714
72988 1350
85458 1389
52779 1728
88488 1036
62402 1864
80369 1462
60252 1143
90461 1017
89903 1134
80497 1883
80972 1481
97008 1362
93215 1848
86320 1386
94695 1563
58900 1862
81414 1609
53912 1265
94614 1419
63712 1452
93155 1423
61005 1921
74234 1838
89948 1334
69805 1700
62274 1775
82738 1755
56888 1945
76517 1838
89831 1848
93687 1441
69950 1108
62976 1934
70729 1438
72944 1712
56057 1828
70089 1521
76226 1724
71646 1645
99131 1359
94710 1930
55476 1293
73836 1496
76332 1509
59371 1308
77899 1445
56745 1715
52852 1308
95766 1523
63151 1283
63970 1291
83711 1524
61948 1365
79496 1893
61650 1360
90114 1293
57574 1409
67896 1930
72920 1586
65295 1964
84351 1335
76571 1837
93696 1832
71651 1442
98614 1210
59204 1267
51437 1282
97364 1969
88502 1076
57411 1284
67477 1371
87088 1292
63433 1361
65771 1607
92694 1565
90658 1852
73062 1812
61827 1348
67137 1198
85584 1569
65566 1787
85565 1225
58100 1378
66908 1073
77809 1183
73962 1284
80574 1347
75752 1208
56193 1486
73411 1053
96327 1838
59017 1619
57903 1139
96355 1541
71659 1009
89189 1337
67481 1887
92888 1175
84334 1495
53239 1358
98880 1013
73761 1675
56651 1824
81402 1561
93603 1087
75893 1220
74101 1838
92373 1134
93054 1746
87112 1272
91305 1534
56341 1310
74823 1772
96797 1888
77705 1029
98184 1260
75851 1327
69791 1827
91248 1433
60240 1614
71737 1108
84754 1910
94668 1871
91168 1278
52588 1099
73446 1038
52932 1651
66346 1636
59541 1909
54870 1018
60264 1019
63287 1442
70403 1028
63649 1569
70284 1580
53704 1235
67678 1688
86538 1190
57269 1463
93122 1011
83380 1271
80844 1283
52418 1170
63566 1912
80772 1699
76329 1703
62678 1771
93869 1198
52368 1414
69962 1528
67458 1142
96460 1773
74797 1690
84647 1592
68779 1304
79265 1850
63415 1329
52528 1498
82940 1942
78069 1784
78772 1172
58150 1355
60091 1921
60499 1807
76588 1476
87397 1352
52108 1641
59058 1565
74561 1406
58619 1861
78066 1217
84304 1986
82746 1726
81690 1151
94846 1124
97047 1922
61764 1642
51319 1990
85971 1702
77311 1008
91155 1437
57338 1860
61491 1949
64033 1496
94296 1419
60755 1074
76349 1222
85543 1289
99428 1629
52912 1576
90502 1682
77119 1474
96108 1850
52597 1219
81385 1364
82740 1660
98474 1275
89708 1713
77704 1377
76889 1608
76698 1152
88648 1728
54628 1097
69286 1645
88876 1246
92941 1352
66429 1459
86823 1586
70410 1824
92698 1530
54229 1877
86537 1683
97463 1934
82058 1022
63728 1055
67748 1332
58874 1362
82290 1758
66246 1786
68705 1344
89644 1409
60594 1402
84216 1530
83540 1694
77187 1536
63454 1131
93209 1128
53857 1907
95695 1006
86001 1966
82799 1505
52195 1691
53459 1588
93544 1098
63779 1188
63232 1745
91933 1878
64883 1263
51152 1927
63994 1019
81992 1417
54619 1670
75803 1633
54997 1445
93138 1893
93075 1290
93303 1801
98132 1910
79834 1336
91070 1447
57799 1286
52701 1183
76071 1622
52232 1922
74932 1891
85435 1528
51338 1723
92977 1873
78633 1497
68750 1933
51006 1962
91576 1579
52071 1486
82357 1752
82510 1375
78742 1903
61500 1840
99980 1623
81520 1496
50870 1314
88671 1508
75804 1690
65742 1042
86706 1763
64231 1570
62211 1244
78440 1588
80821 1588
71276 1464
96271 1912
71355 1652
52848 1632
69270 1697
89996 1203
71656 1648
64319 1814
58729 1092
71874 1760
89261 1497
54537 1507
69534 1678
85194 1188
87805 1953
61789 1238
98547 1598
88057 1900
68821 1491
63247 1701
94584 1108
51893 1152
51772 1436
75360 1673
68727 1393
81423 1139
91127 1697
87980 1841
95852 1091
56388 1144
50601 1739
91804 1529
75834 1688
66758 1666
77183 1227
95887 1639
98554 1376
61885 1726
58016 1992
93494 1764
55737 1068
73110 1517
65012 1593
63964 1035
85670 1167
97016 1899
98635 1652
60427 1194
62813 1881
55220 1804
61778 1783
50692 1056
62860 1707
82126 1355
72532 1465
96705 1575
66825 1895
66134 1849
60130 1282
79159 1033
85651 1956
99739 1318
89859 1761
82241 1490
58863 1290
81851 1037
87251 1713
72313 1139
96243 1189
57222 1226
75782 1855
0 0 0 0 0 0 0 0 0 0 0 0 0 0 242 242 242 0 0 0 0 0 0 0 0 0 0 0 0 0 0 0 0 0 0 0 63 63 63 63 206 206 206 71 71 0 0 0 0 0
0 0 0 0 0 0 0 0 0 0 0 0 0 0 177 177 242 0 0 0 0 0 0 149 149 0 0 0 0 0 0 0 0 0 0 0 0 0 0 0 206 181 181 71 71 0 0 378 378 0
0 0 0 0 0 0 0 0 0 0 0 0 0 177 177 177 242 266 0 0 0 0 193 193 149 149 0 0 0 0 387 387 387 387 184 184 122 225 225 206 206 181 181 75 75 0 0 0 378 0
32 32 0 0 0 0 81 39 0 0 0 0 0 368 368 368 242 266 0 0 0 0 193 193 325 0 0 0 0 0 0 0 165 165 184 184 122 225 225 206 75 75 75 75 0 0 346 346 378 0
32 32 269 0 0 0 81 39 39 0 0 303 375 368 301 301 266 266 336 0 0 193 193 193 325 0 0 0 0 0 0 165 165 3 3 122 122 225 225 4 4 75 13 13 0 209 209 346 346 0
269 269 269 366 366 0 81 39 39 39 39 303 375 375 301 301 266 336 336 322 322 253 253 325 325 0 0 0 0 0 0 67 67 3 3 3 158 158 225 4 4 4 13 298 298 209 209 133 346 346
269 269 0 0 366 81 81 80 80 80 222 303 303 375 116 116 116 116 336 322 322 253 253 253 0 0 0 0 0 0 67 67 67 3 351 351 158 281 281 280 280 13 13 298 298 298 209 133 272 346
269 0 0 0 366 0 0 80 80 80 222 222 303 222 2 2 116 116 336 336 365 253 253 253 189 170 170 0 0 0 0 349 349 3 351 351 158 281 281 280 280 376 376 264 264 298 135 133 272 272
0 0 0 0 0 0 0 0 0 80 386 222 222 222 2 2 285 285 285 91 365 365 365 189 189 48 170 274 0 0 0 349 241 241 241 241 241 15 15 74 74 74 376 264 135 298 135 133 272 272
0 0 0 0 0 0 0 0 0 0 386 386 386 214 214 2 285 388 91 91 91 189 189 189 48 48 170 274 0 0 162 349 241 270 270 270 270 15 15 74 74 74 376 264 135 135 135 133 382 382
0 0 0 0 0 0 0 0 0 0 0 386 214 214 276 276 276 388 91 388 388 291 400 400 48 282 282 274 0 0 162 162 64 64 270 270 42 42 15 15 192 74 260 260 302 302 302 302 382 382
0 0 0 0 0 0 17 17 0 0 124 124 124 7 276 276 276 388 388 388 291 291 400 400 391 391 282 274 274 162 162 150 150 64 64 251 251 42 15 15 192 192 260 260 302 302 302 0 0 0
0 0 0 0 0 17 17 271 0 0 124 0 243 7 7 276 100 100 100 100 291 291 391 391 391 391 282 274 274 162 150 150 279 279 77 251 251 42 248 248 248 192 192 192 254 254 254 0 0 0
0 0 0 0 0 271 271 271 0 0 0 0 243 7 7 100 100 100 169 169 258 258 391 391 1 360 360 398 160 160 150 150 150 279 77 77 77 248 248 248 248 228 228 364 364 254 254 0 0 0
0 0 0 0 353 271 271 271 271 10 10 243 243 243 243 211 46 46 169 169 258 258 258 258 1 360 360 398 160 160 150 342 279 279 77 77 77 248 52 52 228 228 364 364 364 0 0 0 0 0
0 0 0 353 353 238 238 238 10 10 10 275 275 243 211 211 46 46 250 250 258 258 268 268 1 1 360 398 398 398 28 342 61 61 61 61 61 61 52 52 52 318 318 318 0 0 0 0 0 0
0 0 0 353 353 107 238 238 238 374 374 374 275 275 211 399 399 166 166 250 250 250 268 268 24 24 360 398 398 28 28 342 110 110 183 183 188 188 188 52 52 262 262 318 0 21 21 0 0 0
0 0 175 175 107 107 221 221 238 374 275 275 275 275 399 399 399 166 166 250 250 330 330 330 249 24 24 28 28 28 342 342 110 110 183 183 294 294 188 262 262 262 111 318 0 21 21 315 315 0
0 0 369 175 107 395 395 221 194 194 194 194 25 25 328 328 121 121 121 121 103 330 148 148 249 24 24 28 73 73 104 104 154 154 183 183 294 294 18 18 111 111 111 318 23 23 23 315 315 0
0 369 369 175 395 395 395 221 244 244 20 20 141 25 25 328 217 217 217 103 103 87 148 148 249 249 306 73 73 104 104 104 104 154 183 183 294 294 294 18 14 14 305 329 329 237 23 315 315 0
0 369 369 369 395 379 379 221 244 244 20 92 141 141 141 328 217 217 217 103 103 87 87 87 306 306 306 397 397 104 219 252 252 154 332 332 294 83 83 18 14 14 305 329 329 237 237 88 88 0
202 101 101 156 379 379 221 221 273 273 20 92 92 47 47 300 159 159 159 159 103 87 87 114 114 114 397 397 219 219 219 252 252 332 332 83 83 83 83 83 305 305 305 329 355 237 237 88 88 0
202 101 101 156 156 156 227 227 273 273 20 92 92 47 47 300 300 362 159 159 159 118 118 114 246 246 288 30 30 297 297 297 252 252 292 292 292 292 310 310 310 310 310 174 355 355 140 140 88 88
202 202 357 156 156 357 227 370 370 370 370 286 92 293 300 300 300 362 290 290 290 118 118 246 246 288 288 30 30 113 113 297 252 95 95 167 167 292 310 142 142 261 174 174 174 355 140 140 0 0
202 202 357 357 357 357 227 157 157 286 286 286 92 293 151 151 300 362 344 344 290 246 246 246 246 288 288 30 30 313 113 113 113 95 95 68 167 167 310 142 142 261 82 82 174 309 309 34 34 0
308 308 357 357 377 377 227 157 157 286 286 286 371 293 293 151 151 362 344 344 191 191 191 191 191 288 288 30 30 313 313 232 232 232 232 68 49 49 98 261 261 261 82 82 174 309 309 34 34 0
308 308 11 11 11 377 138 138 278 278 371 371 371 293 293 22 22 117 117 361 191 396 396 79 79 79 284 284 173 173 313 232 232 232 68 68 49 49 98 98 98 190 190 190 190 190 155 164 34 34
308 308 308 11 11 377 138 138 278 278 371 371 371 293 293 22 22 22 117 361 191 396 396 79 79 139 139 284 173 173 173 255 255 53 68 312 312 312 98 98 98 98 190 334 155 155 155 164 164 34
308 295 295 195 195 195 195 138 138 359 345 345 345 345 345 65 65 117 117 361 396 396 396 216 79 139 284 284 173 173 173 255 255 53 53 53 53 312 176 196 196 196 196 334 334 334 334 164 164 164
324 295 295 195 195 195 195 359 359 359 267 212 212 231 231 65 65 102 102 361 396 289 289 216 218 139 139 240 240 287 287 287 287 96 96 123 53 176 176 200 200 372 372 372 393 185 185 185 171 171
324 324 295 295 295 265 265 265 265 267 267 212 212 231 231 385 385 102 102 37 37 289 216 216 218 139 139 311 240 287 223 223 223 223 96 123 53 176 176 200 200 372 372 393 393 185 340 340 171 171
324 324 45 45 45 84 84 84 84 267 323 323 212 212 385 385 126 126 126 37 37 289 6 6 218 218 311 311 240 16 16 16 16 16 96 123 123 123 179 179 319 319 393 393 393 185 340 340 205 205
352 299 299 115 45 51 51 187 187 333 323 335 335 212 304 304 126 126 126 354 354 354 354 6 220 220 311 69 41 41 321 321 12 143 60 60 236 179 179 179 319 319 319 319 172 172 172 172 205 205
352 299 115 115 389 389 51 187 187 333 323 335 335 304 304 304 304 126 126 354 354 8 8 6 220 220 316 69 41 41 41 321 12 143 60 60 236 236 29 29 319 78 78 78 172 132 277 277 0 0
352 299 115 115 389 389 51 187 333 333 323 168 168 168 168 304 304 54 54 338 338 8 8 6 316 316 316 69 358 321 321 321 12 143 143 143 143 236 29 76 76 76 76 78 132 132 277 277 0 0
352 352 199 115 389 120 120 207 207 207 339 339 339 168 168 168 168 54 54 338 338 8 210 6 6 69 69 69 358 358 234 234 12 50 50 136 143 143 29 208 208 208 208 78 132 132 343 343 0 0
350 350 199 115 389 120 120 207 94 207 339 363 348 348 348 348 341 390 390 390 210 210 210 72 72 130 130 130 358 109 109 234 234 50 50 136 136 136 204 208 137 137 78 78 132 108 343 343 197 197
350 350 199 0 0 0 94 94 94 259 259 363 182 182 373 373 341 390 390 390 210 31 31 72 72 130 130 130 358 109 109 109 109 38 38 204 204 204 204 137 137 152 152 152 132 108 5 5 197 0
0 0 199 0 0 0 380 56 259 259 259 363 182 182 373 341 341 235 235 390 31 31 70 70 70 70 130 161 161 314 314 314 314 153 38 38 320 320 204 326 326 152 152 152 108 108 5 5 197 0
0 0 0 0 0 0 380 56 56 56 347 363 178 178 373 341 235 235 44 44 44 257 257 257 146 161 161 161 161 161 58 314 153 153 153 320 320 326 326 326 9 239 239 337 108 108 5 5 0 0
0 0 0 0 380 380 380 347 347 347 347 178 178 341 341 341 201 44 44 131 131 257 257 257 146 43 43 43 58 58 58 314 314 153 153 356 229 326 326 326 9 239 239 337 129 129 5 99 99 99
0 0 35 35 380 380 380 347 33 33 203 97 97 97 97 201 201 44 44 256 131 131 125 146 146 43 230 230 230 230 230 55 314 331 331 356 229 229 9 9 9 239 239 337 129 129 327 99 99 99
0 317 35 35 86 86 33 33 33 215 203 203 163 163 163 201 201 201 44 256 256 125 125 125 106 106 230 213 213 55 55 55 283 331 331 356 356 229 9 0 0 239 239 337 129 129 327 327 367 99
317 317 317 317 86 86 33 33 33 215 215 203 163 163 163 163 59 201 226 226 256 0 0 125 125 106 106 213 213 213 283 283 283 331 331 356 356 307 307 0 0 245 245 245 245 0 0 327 367 367
145 145 112 90 90 128 128 128 128 215 215 144 144 144 59 59 59 59 226 226 226 0 0 119 119 106 224 224 213 213 26 26 26 26 26 26 356 307 307 307 0 57 57 57 57 0 0 0 0 367
145 145 112 112 90 90 0 0 0 180 180 144 144 144 392 392 383 383 66 226 226 0 119 119 0 0 127 224 224 0 0 198 198 198 105 105 105 105 0 0 0 233 233 19 19 19 19 0 0 62
36 36 112 112 27 27 27 0 0 180 180 144 0 0 0 392 392 383 66 66 66 0 0 0 0 0 127 127 127 0 0 198 198 198 93 105 105 105 247 0 0 233 233 19 19 19 0 0 62 62
36 36 36 0 0 0 27 0 0 296 296 296 0 0 0 89 89 383 66 263 263 0 0 40 40 40 394 394 394 0 0 0 0 0 93 93 247 247 247 0 0 0 381 381 381 381 0 0 0 62
36 85 0 0 0 0 0 0 0 0 0 296 0 147 147 89 89 0 0 263 263 0 0 40 134 40 134 394 0 0 0 0 0 0 0 93 247 247 0 0 0 0 0 186 186 384 384 0 0 62
85 85 85 85 0 0 0 0 0 0 0 0 0 147 147 89 89 0 0 263 263 0 0 134 134 134 134 394 0 0 0 0 0 0 0 0 247 247 0 0 0 0 186 186 186 384 384 0 0 62
