50 400 20
87873 1608
94721 1958
76346 1054
91000 1871
85196 1914
58780 1585
99235 1992
62146 1259
63392 1857
74544 1717
51105 1109
59015 1475
89157 1337
54080 1459
91473 1958
77008 1469
76957 1983
78734 1946
85048 1270
78211 1527
53774 1292
69256 1891
85168 1253
60584 1571
57059 1465
94415 1347
62760 1221
85432 1569
65486 1352
69120 1513
91596 1612
52650 1721
76379 1567
97026 1043
85497 1707
94197 1883
69233 1064
82391 1749
97601 1525
89368 1991
92858 1192
58077 1421
64331 1981
69217 1251
54737 1285
85200 1490
72549 1238
83976 1732
79749 1234
55270 1579
73046 1486
76976 1162
51672 1235
77741 1850
53427 1511
57865 1880
79720 1247
85357 1624
93154 1997
75442 1686
81651 1185
65033 1780
60711 1610
54795 1921
72441 1862
77525 1681
89718 1071
69819 1255
85074 1605
59982 1903
87930 1319
72408 1090
87893 1722
58021 1405
90513 1158
80653 1775
69770 1060
67902 1081
63043 1556
62459 1019
87382 1110
57978 1366
90090 1716
95569 1076
92750 1329
81019 1886
60204 1168
83997 1299
64042 1092
52189 1937
80996 1466
56207 1755
66771 1279
78395 1701
68225 1503
62583 1822
53416 1201
63444 1502
56963 1963
78181 1126
56231 1185
57092 1051
81625 1132
87787 1699
51192 1998
71316 1141
65361 1124
88613 1793
68991 1288
55741 1899
78571 1065
67164 1804
60652 1240
69349 1000
73454 1916
94487 1134
97590 1247
70872 1813
99564 1022
81780 1688
53679 1387
62948 1242
74578 1745
91732 1220
89744 1459
64229 1806
85262 1792
69638 1661
55131 1094
73194 1337
65388 1454
65983 1025
97388 1337
90689 1475
96025 1583
75843 1575
89784 1306
54180 1505
61374 1320
57280 1285
97807 1503
76129 1427
88007 1055
94417 1926
60203 1076
96362 1863
58862 1054
92804 1767
89141 1779
91333 1228
63680 1911
62881 1131
81925 1755
69457 1131
95036 1141
81558 1600
83351 1652
61391 1284
99070 1375
68121 1919
78703 1575
73800 1360
69282 1670
72653 1425
84111 1891
56515 1245
92152 1027
98422 1416
63368 1816
51334 1185
73413 1154
66352 1922
72096 1789
76204 1102
55750 1528
93284 1907
71295 1509
80000 1561
72138 1191
62554 1664
69294 1341
94608 1269
96901 1386
98555 1357
62407 1441
77424 1069
59502 1130
71017 1105
84953 1765
95617 1347
76241 1905
65814 1375
50810 1526
98748 1581
58255 1275
71499 1856
65996 1497
76762 1718
92696 1802
79295 1327
56461 1885
72629 1660
93631 1672
50134 1829
90377 1583
90608 1278
56640 1748
83467 1728
58677 1792
86908 1643
73007 1123
90804 1215
99196 1618
71986 1032
53581 1044
78899 1817
72926 1549
90909 1989
61314 1527
80000 1972
94027 1780
99623 1572
54660 1417
85615 1877
86080 1007
63777 1608
89661 1191
81640 1933
76040 1662
77911 1024
66211 1797
50926 1028
60161 1141
95389 1419
73099 1302
51129 1857
95015 1320
74993 1369
86731 1627
53326 1515
87789 1764
79359 1049
59898 1207
53998 1132
85308 1826
88964 1901
82693 1336
75065 1777
72869 1600
73863 1238
98891 1789
80860 1308
94392 1327
98703 1979
98291 1166
96008 1890
96575 1746
72318 1203
67756 1403
53281 1391
83547 1908
73647 1447
75531 1925
55691 1998
74674 1958
66930 1115
88657 1982
58836 1073
99997 1229
73891 1445
51733 1925
96908 1533
67096 1510
55832 1519
64921 1213
63842 1691
84515 1849
95391 1455
95484 1335
51585 1093
54541 1511
87856 1516
99609 1399
63602 1988
53959 1502
62047 1181
82021 1753
72361 1209
51821 1600
97304 1162
84731 1387
70477 1039
90724 1734
72303 1443
63826 1351
93750 1375
84480 1102
63599 1560
82269 1557
79340 1148
82676 1592
51899 1019
98861 1741
81550 1332
87370 1807
85791 1542
75944 1791
91399 1607
95206 1033
58009 1676
66153 1851
64494 1864
84189 1640
76515 1310
68812 1120
90622 1512
75385 1835
85112 1258
87981 1415
86593 1128
68811 1703
62799 1526
84837 1406
98400 1273
52620 1162
75968 1732
92691 1260
53145 1636
79268 1505
52304 1996
79960 1720
56190 1709
68225 1026
94737 1469
67299 1702
75915 1255
91490 1928
66799 1312
92432 1554
66918 1094
74151 1318
52268 1406
87378 1257
93814 1168
92439 1118
51493 1669
97505 1681
95596 1810
88067 1096
53540 1464
96396 1936
69192 1013
60843 1166
91009 1514
72105 1521
77286 1251
74494 1765
77885 1003
69850 1198
62853 1327
68037 1009
79441 1551
71710 1296
68871 1007
99528 1792
89909 1069
62120 1738
52124 1787
62019 1591
78776 1159
51034 1995
97774 1659
58428 1209
76661 1431
91546 1672
81378 1380
59307 1423
60709 1298
56877 1204
97326 1547
81341 1332
67358 1708
74514 1414
88677 1698
77042 1207
99400 1269
54763 1787
70448 1537
72480 1502
89085 1562
82216 1726
79151 1538
98558 1323
68868 1509
82937 1489
80042 1173
65531 1992
86922 1301
54469 1165
88850 1494
356 356 319 319 319 33 33 33 33 33 0 0 135 135 115 115 115 115 25 25 0 0 0 0 0 0 0 179 179 179 179 0 0 0 0 0 290 290 128 128 128 128 0 323 306 306 273 273 273 273
356 356 319 319 319 167 167 167 33 33 0 135 135 115 115 82 82 115 25 25 354 354 0 0 0 0 0 0 0 387 387 387 290 290 290 290 290 290 32 32 32 128 0 323 306 306 0 0 0 0
0 0 0 0 0 0 0 167 167 0 0 135 335 90 90 82 82 82 25 25 354 354 0 0 0 0 0 0 0 320 387 387 60 146 36 36 36 272 84 32 276 276 0 323 306 306 0 0 0 0
0 0 0 56 56 56 365 365 365 0 0 135 335 90 90 203 82 203 0 0 0 0 0 196 196 212 212 0 320 320 60 60 60 146 36 36 272 272 84 32 189 276 0 323 0 0 0 0 0 0
0 0 0 56 28 365 365 365 365 0 0 135 335 335 90 203 203 203 357 143 143 143 196 196 196 212 212 0 320 224 60 60 146 146 240 240 272 84 84 32 189 276 276 323 0 0 0 0 0 0
0 0 0 0 28 28 65 65 309 309 309 267 335 335 335 203 203 247 357 143 143 324 196 196 0 0 0 0 320 224 224 60 215 215 240 54 341 341 84 32 189 244 244 0 0 0 0 0 0 61
284 284 284 284 28 28 65 65 309 267 267 267 89 308 308 308 247 247 357 357 143 324 324 0 0 0 0 224 224 224 224 107 215 215 240 54 341 341 341 341 189 244 244 0 0 0 0 293 0 61
284 42 42 42 29 29 228 46 309 267 171 89 89 308 308 308 247 316 141 141 141 324 324 376 376 376 0 0 221 221 221 107 107 215 54 54 388 388 388 388 279 279 363 363 363 0 0 293 293 61
0 42 42 42 29 29 228 46 46 267 171 89 50 50 50 50 164 316 141 141 141 141 298 376 376 0 0 0 221 221 221 107 107 333 333 54 54 395 395 279 279 363 363 51 301 301 301 301 293 61
0 78 78 78 78 78 228 228 46 396 171 171 222 222 164 164 164 316 385 385 385 385 298 298 298 0 0 0 221 221 312 312 107 333 119 54 395 395 41 88 51 51 51 51 232 232 232 232 293 293
0 0 78 78 325 78 228 228 228 396 11 222 222 230 230 230 230 316 385 385 374 374 142 142 298 298 298 210 210 210 312 47 107 333 119 119 119 41 41 88 51 153 174 174 174 392 392 392 392 293
48 48 48 325 325 103 103 103 396 396 11 328 328 230 94 94 70 70 385 346 346 374 374 142 142 178 178 178 210 210 312 47 47 185 185 185 41 41 88 88 153 153 57 57 174 392 392 399 235 235
48 48 48 325 34 103 103 103 369 369 11 11 328 94 94 70 70 346 346 346 346 374 374 142 142 178 178 178 178 312 312 250 47 185 185 185 41 41 139 139 153 57 57 57 399 399 399 399 235 235
48 48 163 163 34 34 34 34 369 369 11 11 328 170 49 265 265 150 150 256 346 280 280 149 81 81 178 339 339 250 250 250 352 352 237 389 117 139 139 139 361 361 57 57 399 168 336 399 235 235
0 0 163 379 379 0 0 0 369 369 195 195 195 170 49 265 265 150 150 256 377 280 280 149 81 81 339 339 339 62 62 352 352 352 237 389 117 117 117 139 361 361 217 295 295 168 336 399 235 0
0 163 163 379 379 0 0 0 166 166 195 170 170 170 49 265 265 265 256 256 377 377 377 149 149 149 149 112 62 62 188 188 352 352 237 389 389 12 12 0 0 217 217 295 0 168 336 336 235 0
0 163 0 0 379 0 0 307 307 166 166 52 170 391 49 16 16 16 256 256 377 384 384 384 149 149 112 112 112 364 364 188 188 188 237 389 389 12 12 0 0 217 0 295 0 168 0 0 0 0
0 163 0 0 0 0 0 307 307 165 52 52 170 391 391 391 391 16 281 281 281 281 191 384 384 112 112 386 386 364 364 85 147 147 147 147 389 205 205 0 0 0 0 0 0 0 0 0 0 0
0 0 0 233 0 0 0 307 165 165 52 58 58 58 194 391 391 16 332 344 344 191 191 191 257 338 338 386 386 85 85 85 275 275 275 7 7 205 205 0 100 100 0 243 243 243 0 0 0 0
105 108 108 233 233 0 0 162 162 165 165 58 151 234 194 194 194 229 332 344 344 358 191 191 257 378 338 338 85 85 123 85 275 160 7 7 7 7 205 100 100 157 45 243 243 243 0 373 373 373
105 105 108 233 233 0 162 162 162 165 165 58 151 234 234 234 229 229 332 332 344 358 371 257 257 378 315 315 123 123 123 311 275 160 282 282 282 302 302 302 100 157 45 243 0 0 0 101 373 373
105 105 108 108 108 108 59 59 162 6 58 58 151 234 106 234 229 229 372 372 137 358 371 371 378 378 315 315 123 311 311 311 275 160 13 282 282 5 5 302 157 157 45 0 0 0 0 101 101 101
105 0 86 86 86 148 59 383 162 6 6 6 151 106 106 106 229 218 218 372 137 358 317 371 371 371 317 315 123 123 313 313 26 160 13 13 111 5 5 5 83 367 45 45 334 334 334 304 304 304
0 0 291 31 86 148 59 383 383 383 6 6 106 106 277 106 229 381 218 372 137 137 317 317 317 317 317 91 91 91 91 313 26 26 13 13 111 5 111 111 83 367 367 367 334 334 304 304 304 304
0 291 291 31 31 148 148 239 239 383 340 340 340 340 277 381 381 381 218 372 372 372 19 19 370 370 329 329 329 329 313 313 26 26 13 13 111 111 111 186 83 180 184 184 0 0 0 0 0 0
0 291 291 31 31 148 148 239 239 239 3 3 277 277 277 277 64 1 1 1 204 204 19 19 370 329 329 329 329 231 251 251 251 251 258 258 258 258 186 186 83 180 180 184 0 0 0 0 0 0
133 291 291 31 31 102 102 129 129 239 3 3 303 303 303 64 64 1 1 175 175 204 204 370 370 98 98 98 98 231 231 251 251 258 258 30 283 186 186 355 355 355 180 184 292 0 0 0 0 0
133 133 133 242 242 102 102 129 129 93 169 169 169 303 303 64 331 21 21 175 175 176 176 226 226 368 73 98 98 231 231 251 251 202 202 30 283 283 355 355 74 74 74 184 292 0 0 144 345 345
0 0 0 242 242 102 102 93 93 93 321 321 169 331 331 331 331 21 21 175 175 176 176 226 226 368 73 73 73 73 73 73 342 202 202 30 30 283 238 355 74 193 193 292 292 144 144 144 345 345
0 0 0 213 213 213 187 187 321 321 321 321 155 155 155 155 21 21 21 175 175 350 294 226 368 368 274 73 66 66 136 136 342 202 202 30 161 161 238 238 238 193 193 63 63 63 63 0 0 0
0 0 213 213 213 326 187 187 337 337 337 318 318 155 318 318 21 271 271 271 350 350 294 253 241 241 274 274 66 66 136 136 342 245 245 245 161 161 343 238 211 211 375 375 375 216 216 216 0 0
156 0 0 0 213 326 326 326 109 109 337 87 318 318 318 318 271 271 220 350 350 350 294 253 253 241 241 274 66 66 214 214 342 353 353 245 161 161 343 211 211 211 375 375 200 200 200 216 0 0
156 0 0 96 109 109 109 109 109 173 173 87 87 87 296 285 285 271 220 220 220 350 294 253 38 38 122 122 122 122 214 214 214 14 353 245 245 161 343 270 211 211 192 192 199 200 200 132 132 132
156 156 96 96 152 152 246 246 262 262 173 348 348 348 296 285 285 220 220 43 43 43 75 253 38 38 122 122 297 214 214 14 14 14 353 353 245 124 343 270 270 270 270 192 199 199 200 200 132 132
77 77 96 0 152 152 152 246 262 262 173 348 348 296 296 296 260 260 220 99 99 43 75 253 362 362 362 362 297 327 327 259 197 197 353 197 245 124 134 134 270 266 266 192 199 199 159 159 113 113
77 77 0 0 152 152 152 246 246 173 173 138 138 138 390 390 390 260 397 99 71 43 75 75 114 114 39 39 297 297 327 259 197 197 197 197 124 124 124 134 266 266 69 69 69 69 69 159 289 113
77 77 0 0 0 366 366 330 330 173 173 138 138 138 138 390 390 260 397 99 71 71 71 71 114 114 287 39 39 39 327 259 359 359 110 110 124 124 124 134 134 79 79 79 182 182 69 159 289 113
0 77 0 0 0 366 261 330 330 322 322 183 44 44 116 116 116 116 397 397 22 22 249 249 114 114 287 39 18 327 327 259 359 359 359 110 145 145 10 134 134 79 79 79 182 182 69 289 289 113
0 0 0 0 0 366 261 330 330 322 322 183 44 314 116 116 4 4 4 22 22 22 249 249 268 268 287 18 18 382 269 269 181 181 359 110 145 360 10 10 10 225 208 208 208 80 80 131 131 263
0 0 400 0 0 261 261 330 330 322 183 183 44 314 314 314 55 55 4 127 127 236 236 268 268 172 287 18 18 382 269 269 181 181 359 8 145 360 360 360 10 225 208 208 80 80 305 131 131 263
0 400 400 0 0 0 261 209 209 322 322 92 44 140 140 252 55 55 207 127 127 236 236 172 172 172 349 349 349 382 130 269 380 8 8 8 227 227 0 0 0 225 225 288 288 288 305 263 263 263
0 400 400 400 0 0 209 209 209 92 92 92 44 140 140 252 252 207 207 207 207 236 126 126 172 120 120 120 349 382 130 351 380 380 380 8 254 227 0 95 95 76 76 23 288 288 305 305 263 263
0 0 264 264 264 0 0 394 37 37 278 278 68 68 68 68 252 252 125 125 40 40 126 126 172 120 120 120 9 9 130 351 351 254 254 254 254 227 0 95 95 76 76 23 190 190 190 190 0 0
0 0 264 264 24 24 0 394 37 37 278 278 68 68 68 398 252 252 125 125 40 40 300 300 172 172 0 9 9 9 130 0 351 158 158 286 0 0 0 299 299 299 76 23 190 190 255 190 0 0
0 0 264 264 24 24 0 394 154 154 278 104 104 104 104 398 0 0 223 223 40 40 300 300 0 0 0 219 219 219 219 0 0 158 158 286 286 0 299 299 310 0 27 23 0 0 255 255 35 35
347 347 201 201 201 2 2 394 154 154 67 67 67 0 104 398 398 0 223 223 393 393 393 118 53 53 0 0 0 0 0 0 158 158 158 158 286 0 310 310 310 0 27 27 0 0 0 255 35 35
347 347 347 347 201 248 2 17 17 17 67 206 206 0 0 0 0 0 0 0 393 393 393 118 53 53 0 0 0 0 0 0 0 121 121 121 121 0 20 20 0 0 27 27 0 0 0 177 35 35
0 0 0 347 201 248 2 17 17 0 0 206 0 0 0 0 0 0 0 0 0 0 0 118 118 0 0 0 0 97 97 97 0 121 121 121 0 0 20 20 20 0 0 27 0 0 0 177 177 177
0 0 0 0 248 248 2 17 17 0 0 206 15 15 15 0 0 0 0 0 0 0 0 0 118 118 0 0 0 97 97 97 198 198 0 121 0 0 20 20 0 0 72 72 72 0 0 0 0 0
0 0 0 0 0 248 248 248 0 0 0 0 15 15 15 0 0 0 0 0 0 0 0 0 118 0 0 0 0 0 0 97 198 198 0 0 0 0 0 0 0 0 0 0 72 0 0 0 0 0
