50 400 20
58991 1958
55091 1601
56167 1403
89615 1231
91637 1038
93703 1575
50797 1604
50934 1702
84773 1583
83947 1585
92275 1505
66294 1762
81050 1811
76948 1452
87650 1721
89242 1606
55290 1220
65392 1597
66343 1620
96746 1614
66002 1377
89106 1585
58515 1765
92893 1325
82673 1316
73251 1742
71508 1652
86828 1600
66342 1640
60332 1306
73993 1034
75077 1376
66831 1261
73276 1873
65453 1899
69974 1356
63169 1412
85578 1908
83082 1600
85587 1909
83828 1102
85096 1324
75473 1275
83268 1168
98851 1509
80838 1232
63645 1729
84225 1755
60720 1282
89286 1095
81765 1065
97950 1233
57840 1809
95741 1829
51056 1629
56334 1917
60308 1606
89776 1109
90391 1260
97113 1022
62133 1288
97748 1160
99559 1702
80316 1368
50854 1940
81662 1449
72181 1012
72749 1345
96565 1310
78293 1953
77701 1141
58897 1562
83754 1136
52379 1912
60369 1206
92325 1609
58314 1819
63680 1902
95581 1283
52244 1726
79639 1854
90097 1933
53427 1012
65642 1022
52407 1257
66973 1576
68603 1048
78810 1279
65009 1156
52805 1152
74373 1603
54527 1982
58759 1367
62014 1002
80505 1469
85781 1233
95559 1126
58399 1806
80012 1146
65799 1729
64161 1247
50779 1308
58777 1934
80189 1712
64795 1708
85118 1046
92596 1089
90182 1135
65244 1512
54609 1186
96038 1584
65634 1775
84220 1801
77660 1839
71193 1227
66365 1986
97039 1986
75566 1458
54958 1843
72512 1607
79066 1631
54895 1146
67273 1202
97747 1285
55885 1203
66265 1994
50206 1762
51069 1821
70806 1289
66092 1897
77636 1975
76722 1824
99802 1170
98759 1737
84487 1597
89731 1766
54830 1593
56009 1768
70807 1874
82961 1730
76858 1398
53535 1980
95443 1590
92750 1078
78509 1158
53832 1694
74630 1408
58603 1736
51475 1821
64425 1227
86172 1350
93443 1634
53191 1495
99921 1511
87216 1287
79587 1980
74285 1298
78646 1561
77347 1332
87054 1651
59975 1971
97291 1700
85084 1588
93626 1610
73388 1060
83144 1644
60716 1747
84650 1517
72125 1088
55210 1795
85327 1072
81553 1876
84140 1493
63116 1141
92840 1765
91416 1264
71317 1602
92438 1483
94164 1471
91365 1359
97989 1945
97102 1241
70758 1059
76840 1268
59915 1365
64988 1387
56567 1323
82622 1912
69962 1664
65903 1198
98441 1552
62072 1572
77620 1150
60653 1025
69951 1369
57354 1553
65919 1274
98242 1956
61459 1535
57811 1009
66125 1139
60375 1095
87499 1012
56530 1417
78286 1079
70721 1001
69664 1541
91773 1303
70787 1694
93250 1448
53625 1016
57633 1384
62707 1806
90901 1522
69729 1280
77482 1219
73633 1048
59753 1993
55715 1700
59624 1802
65603 1770
55206 1844
75110 1278
69354 1470
58179 1035
91488 1537
52105 1907
77820 1540
89441 1901
78123 1140
68685 1233
96348 1887
73916 1359
79283 1521
99736 1105
97029 1198
96789 1835
61204 1017
76759 1306
55308 1662
63546 1717
71688 1996
65837 1661
79237 1167
79132 1836
64556 1653
94426 1625
81574 1032
93984 1476
81699 1008
68225 1009
86887 1192
81075 1136
99925 1972
96745 1331
81730 1875
69905 1905
55342 1598
94093 1057
76710 1346
61766 1026
98690 1939
51537 1177
67516 1442
62779 1619
75801 1517
50667 1106
69220 1594
60575 1144
91075 1786
61988 1605
81142 1038
78869 1234
56450 1227
56616 1397
90742 1682
91253 1207
87780 1018
83999 1131
88970 1304
82152 1757
54585 1873
91650 1955
80352 1693
94854 1322
92790 1544
94250 1684
82518 1885
64095 1819
97487 1365
71853 1520
81993 1578
58919 1055
98226 1091
70109 1545
62575 1230
59038 1508
87970 1789
77251 1447
90240 1303
79580 1102
59325 1539
73132 1327
76170 1491
73867 1723
58773 1236
72763 1144
85870 1347
62841 1394
68723 1847
82588 1070
92158 1096
59188 2000
55894 1939
60204 1820
94854 1578
54136 1950
52257 1049
70536 1922
83484 1938
93966 1068
62272 1037
90378 1527
87511 1299
75099 1933
54378 1133
86076 1241
57421 1683
95012 1129
79909 1069
80161 1450
61002 1057
71557 1958
97297 1359
96405 1310
75524 1572
90267 1136
71029 1677
60702 1153
69131 1620
92162 1409
74677 1007
97304 1182
57425 1700
97514 1030
88938 1932
93199 1671
62446 1116
83669 1015
91117 1599
99746 1432
82635 1634
97541 1341
63611 1276
94848 1074
61116 1909
90773 1448
73578 1593
61723 1443
51098 1072
59696 1655
58392 1925
83225 1616
59887 1732
83579 1225
62832 1651
90678 1820
57294 1929
92612 1668
83829 1385
59387 1714
87425 1128
70211 1620
96781 1333
64812 1617
99133 1263
80525 1068
81470 1937
77729 1640
84347 1128
51708 1448
79635 1907
52929 1404
67509 1106
77963 1714
96422 1082
98354 1885
76325 1528
69490 1735
73827 1918
87101 1711
52181 1325
58273 1705
94968 1728
53681 1748
95515 1572
99299 1135
94968 1257
58422 1071
75760 1953
0 0 0 0 0 0 0 0 0 0 276 276 276 276 0 0 0 0 0 231 0 0 0 0 0 0 0 0 0 0 0 0 245 245 245 245 192 0 0 0 0 0 0 169 169 0 0 0 0 0
0 0 0 0 0 0 0 0 0 0 138 138 138 138 139 139 139 287 0 231 0 0 0 0 0 73 73 373 0 0 0 0 245 245 0 0 192 192 0 0 0 169 169 169 169 0 206 206 206 206
0 0 0 0 0 306 306 0 0 0 0 138 37 186 186 88 139 287 287 231 0 0 116 344 344 73 73 373 0 19 19 0 0 0 0 12 294 192 192 67 67 169 0 0 0 0 0 206 0 0
0 0 0 0 0 306 306 163 163 140 0 298 37 186 186 88 101 101 287 231 0 0 116 24 344 344 373 373 373 19 19 0 0 314 314 12 294 294 68 67 67 52 52 52 0 0 331 331 0 0
0 0 0 306 306 306 306 163 163 140 298 298 37 37 183 88 101 348 348 312 340 340 116 24 95 95 373 242 242 0 0 0 314 314 314 12 357 294 68 68 68 68 52 52 0 0 0 331 331 0
0 0 0 0 0 0 163 163 140 140 298 37 37 37 183 88 101 348 123 312 340 116 116 24 95 95 373 242 242 143 143 143 314 187 12 12 357 294 294 257 257 68 0 0 0 0 0 286 0 0
0 0 0 0 0 0 181 181 4 4 4 4 183 183 183 88 352 348 123 312 340 188 188 24 95 95 90 90 90 90 143 143 314 187 187 270 357 357 213 257 257 68 142 142 83 83 286 286 0 217
0 0 0 0 0 62 181 181 181 181 181 181 183 183 352 352 352 348 123 312 347 188 188 160 160 95 90 59 59 59 339 339 225 187 187 270 81 81 213 85 85 68 142 142 83 286 286 308 308 217
199 0 0 0 0 62 62 62 62 190 190 190 243 17 17 17 348 348 123 312 347 347 160 160 160 10 10 60 60 59 339 339 225 225 270 270 81 81 213 212 85 85 85 85 83 286 308 308 217 217
199 199 0 0 0 280 280 280 62 153 153 190 243 17 17 243 54 54 54 202 202 347 84 84 10 10 10 60 60 60 60 225 225 225 18 18 18 213 213 212 212 212 85 0 0 173 173 173 0 0
199 199 126 126 280 280 112 43 43 153 153 190 243 243 243 243 54 398 398 202 202 347 84 84 10 10 10 369 369 369 369 225 278 390 18 18 18 135 135 197 212 11 11 0 0 173 0 0 0 0
291 126 126 126 0 112 112 27 43 43 210 210 210 210 71 71 54 398 398 319 319 361 361 310 8 8 8 369 369 362 278 278 278 390 390 390 18 135 135 197 11 11 164 164 0 0 0 0 0 0
291 126 133 133 0 0 112 27 27 27 27 263 284 284 71 71 235 235 319 319 361 361 361 310 8 8 8 362 362 362 278 278 278 211 211 211 211 211 197 197 11 11 164 239 0 0 0 0 44 44
291 126 133 0 0 0 112 27 241 241 241 263 284 284 71 235 235 29 351 351 70 70 310 310 310 8 8 362 3 3 3 158 256 256 256 256 389 389 389 389 11 11 164 239 0 0 0 0 44 44
291 291 133 133 0 195 241 241 241 241 241 263 263 284 56 56 56 29 29 351 70 70 154 175 175 362 362 362 3 3 158 158 100 256 256 256 389 386 389 389 130 203 239 239 239 159 32 32 32 32
0 0 0 0 0 195 232 23 23 23 23 2 2 284 320 320 56 46 29 351 351 351 154 175 175 176 79 79 365 365 158 100 100 13 65 65 389 386 386 386 130 203 388 388 388 159 159 159 345 345
200 200 0 145 195 195 232 178 178 23 2 2 2 22 320 320 46 46 46 46 46 46 154 154 154 176 79 79 365 365 100 100 13 13 65 65 65 251 251 251 130 203 272 388 388 159 159 159 345 345
200 200 0 145 145 145 232 178 178 2 2 136 136 22 320 193 193 193 248 248 248 296 296 296 176 176 104 104 337 337 13 13 13 13 25 25 25 25 25 251 130 203 272 272 354 354 128 0 345 345
200 200 0 0 145 145 232 178 178 2 204 204 136 22 22 193 193 193 248 324 327 296 296 296 176 176 104 104 337 337 253 377 87 87 87 25 25 299 285 61 61 61 272 272 354 354 128 0 0 0
200 170 356 356 356 356 265 265 178 215 204 204 136 374 374 110 110 110 110 324 327 327 327 327 176 176 104 337 337 337 253 377 87 299 299 299 299 299 285 285 285 61 137 272 259 259 128 0 0 0
170 170 279 174 174 41 41 265 265 215 215 215 136 136 374 374 64 64 324 324 327 69 69 327 292 292 26 26 26 26 253 377 377 377 31 31 106 269 105 105 105 105 137 137 259 259 128 128 128 0
170 170 279 174 174 41 41 265 177 177 215 99 99 99 64 64 64 161 161 161 334 334 69 69 292 292 162 162 162 313 253 377 377 377 39 31 106 269 269 269 106 105 137 137 137 366 366 366 342 0
0 0 279 279 279 41 41 265 177 177 233 303 303 99 220 220 172 172 161 161 161 334 96 96 292 292 162 162 162 313 313 148 148 39 39 31 106 106 106 106 106 108 108 108 137 366 342 342 342 0
0 0 0 66 66 182 182 265 265 233 233 303 303 220 220 220 172 172 161 45 334 334 96 96 290 292 292 162 162 313 313 148 148 39 316 316 316 316 201 20 20 20 20 108 366 366 261 0 342 0
0 0 66 66 182 182 165 165 233 233 262 262 262 220 220 295 172 115 115 45 236 236 236 236 290 392 392 392 380 92 92 92 148 148 316 316 316 316 201 111 111 111 111 108 261 261 261 0 0 0
226 91 91 255 305 165 165 165 47 47 262 262 262 262 295 295 172 115 115 45 45 45 45 290 290 392 392 380 380 92 92 129 129 148 323 323 323 372 201 201 103 103 42 108 42 42 302 329 0 0
226 91 91 255 305 305 360 360 47 47 328 350 350 350 350 295 172 214 63 63 63 97 97 97 288 288 288 380 380 380 21 129 129 246 323 146 9 372 372 372 103 103 42 42 42 42 302 329 234 234
226 226 255 255 305 305 360 360 289 289 328 328 350 350 350 295 214 214 63 63 97 97 97 97 391 288 288 380 382 21 21 246 246 246 146 146 9 72 72 72 258 258 258 275 275 302 302 329 234 234
86 86 255 255 268 268 400 360 289 289 289 328 80 80 93 214 214 214 260 260 260 381 381 381 391 382 382 382 382 382 21 6 6 6 146 9 9 72 72 72 258 258 258 275 275 58 329 329 234 234
86 86 86 0 268 268 400 400 400 289 289 80 80 107 93 93 93 260 260 260 260 381 381 391 391 240 240 240 240 382 21 21 371 6 118 118 48 48 48 179 179 179 179 28 28 58 58 329 0 0
0 0 0 0 98 98 399 399 277 277 277 277 107 107 93 254 254 260 353 353 353 395 395 304 304 36 36 36 36 57 57 218 371 371 371 118 35 48 48 179 28 28 28 28 28 5 58 198 0 0
0 0 0 0 98 98 399 399 277 277 277 277 107 107 107 254 254 216 353 353 353 395 395 304 304 304 36 36 36 57 57 218 218 309 309 118 35 35 194 194 194 194 300 300 300 5 58 198 198 0
0 238 238 238 98 332 332 332 124 124 378 378 107 336 216 216 216 216 333 333 333 333 264 244 244 244 244 394 394 57 266 266 218 309 309 309 35 35 14 14 14 14 300 0 0 5 5 198 198 198
184 238 238 238 332 332 293 293 124 124 378 378 336 336 336 336 321 321 368 368 333 264 264 297 393 393 394 394 394 394 266 89 78 78 16 16 150 150 121 14 14 14 300 0 0 0 0 358 358 0
184 184 184 222 222 293 293 293 157 157 157 94 336 55 55 336 321 321 368 368 264 264 297 297 297 393 394 166 166 394 266 89 78 307 307 16 150 150 121 121 121 227 227 227 0 0 0 358 358 0
184 0 7 7 222 293 293 293 157 318 157 94 94 94 55 55 55 221 221 221 264 264 297 297 297 393 393 166 166 208 208 89 78 307 307 16 16 152 152 152 152 34 34 227 227 0 0 0 0 0
184 0 7 7 222 222 222 311 157 318 318 40 40 94 1 1 229 229 221 221 338 264 53 180 180 180 393 393 281 208 208 89 307 307 384 384 384 207 127 152 152 34 34 147 147 147 0 0 0 0
184 0 0 0 0 0 311 311 171 171 318 40 40 1 1 1 229 229 38 38 338 338 53 180 301 301 301 301 281 156 208 385 385 385 384 384 384 207 127 127 127 247 247 247 147 147 0 0 0 0
0 0 0 0 349 0 311 283 171 171 171 330 330 396 396 252 229 229 38 38 338 338 53 53 191 191 191 281 281 156 156 385 385 267 384 363 207 207 207 109 109 109 247 76 76 76 76 75 0 0
0 0 49 49 349 349 349 283 171 171 171 330 330 396 396 252 252 252 38 38 338 338 53 53 191 250 0 0 156 156 156 267 267 267 384 363 363 363 322 322 109 109 247 247 75 75 75 75 75 0
0 0 49 49 77 30 30 283 383 383 383 383 396 396 396 325 325 397 397 38 38 338 250 250 250 250 0 0 0 0 155 155 155 155 114 363 363 363 322 322 282 282 282 273 273 0 0 144 144 0
0 0 49 77 77 30 30 283 283 383 383 315 315 315 396 325 325 346 397 397 196 196 141 141 141 0 0 0 0 0 155 376 114 114 114 363 167 167 167 322 322 282 205 273 273 0 144 144 0 0
125 125 119 77 30 30 387 387 387 82 74 74 74 315 120 346 346 346 346 0 196 196 141 141 141 0 0 223 223 223 223 376 364 364 364 151 167 167 51 51 51 282 205 205 0 0 0 0 0 0
125 125 119 119 119 30 30 387 387 82 82 74 74 315 120 120 120 0 0 0 196 196 0 141 0 0 271 271 249 249 249 376 376 364 0 151 151 151 51 0 0 205 205 205 205 0 0 0 0 0
125 0 134 134 134 367 237 387 387 82 82 74 74 370 370 0 0 0 0 0 0 0 0 0 0 0 271 271 271 271 249 249 15 364 0 151 151 151 0 0 0 0 355 274 274 131 131 0 0 0
0 0 134 367 367 367 237 237 387 326 326 326 326 370 370 0 0 0 343 0 0 0 149 149 341 341 317 317 271 271 249 249 15 15 0 0 0 0 0 117 335 335 355 274 274 274 131 0 0 0
0 0 0 185 185 185 237 237 0 0 0 0 50 50 230 0 0 230 343 343 343 0 149 341 341 317 317 189 132 132 132 132 15 15 0 0 0 375 117 117 335 335 355 355 209 131 131 113 113 0
0 0 0 228 228 185 0 0 0 50 50 50 50 102 230 230 230 230 343 343 343 0 149 149 189 189 189 189 132 132 132 132 15 15 0 0 375 375 117 117 117 33 33 209 209 113 113 113 113 0
0 0 0 228 0 0 0 0 0 50 359 359 102 102 219 219 219 219 343 0 0 0 0 149 189 122 122 122 224 224 224 379 379 0 0 0 375 375 0 0 117 117 33 209 168 113 113 0 0 0
0 0 0 228 0 0 0 0 0 359 359 359 102 0 0 0 0 219 219 0 0 0 0 0 0 122 122 122 224 224 224 379 379 0 0 0 0 0 0 0 0 0 33 33 168 168 168 0 0 0
